OP 0 0.587772 0.684252 0.50506 0.192201 0.371464 0.000103904
AC 0 7.05787 7.05787 7.05722
OP 1 0.579691 0.68625 0.515112 0.19145 0.368287 9.85811E-05
AC 1 5.53063 5.53063 5.52992
OP 2 0.584701 0.684028 0.512378 0.19354 0.367766 0.000100233
AC 2 6.00833 6.00833 6.00763
OP 3 0.595217 0.685159 0.5133 0.207271 0.364781 9.96688E-05
AC 3 5.72846 5.72846 5.7278
OP 4 0.588832 0.692613 0.508011 0.201934 0.365358 0.000101397
AC 4 7.85379 7.85379 7.85304
OP 5 0.596696 0.687178 0.501955 0.199672 0.373641 0.000105026
AC 5 7.24468 7.24468 7.24403
OP 6 0.591679 0.692513 0.513556 0.198162 0.363787 9.89433E-05
AC 6 7.2484 7.2484 7.24769
OP 7 0.585401 0.686313 0.505943 0.190762 0.369599 0.000103311
AC 7 7.84208 7.84208 7.84138
OP 8 0.561275 0.688466 0.513821 0.188607 0.368918 9.97706E-05
AC 8 5.65154 5.65154 5.65086
OP 9 0.581694 0.696552 0.514344 0.197414 0.366531 9.86014E-05
AC 9 6.61971 6.61971 6.61898
OP 10 0.579232 0.674315 0.509959 0.190927 0.372762 0.000102157
AC 10 2.55878 2.55878 2.55817
OP 11 0.592394 0.676314 0.49535 0.187404 0.375043 0.000109072
AC 11 4.12069 4.12069 4.12011
OP 12 0.567729 0.679625 0.501635 0.1805 0.374341 0.000105727
AC 12 4.96859 4.96859 4.96796
OP 13 0.584714 0.682578 0.501682 0.191138 0.372383 0.000104914
AC 13 7.86209 7.86209 7.86144
OP 14 0.576032 0.691274 0.51361 0.195128 0.365184 9.90277E-05
AC 14 7.07776 7.07776 7.07701
OP 15 0.594822 0.686656 0.513641 0.196524 0.366135 9.91919E-05
AC 15 7.84116 7.84116 7.84042
OP 16 0.582741 0.68602 0.516272 0.188661 0.36608 9.82786E-05
AC 16 5.55712 5.55712 5.55644
OP 17 0.597284 0.679162 0.500482 0.195874 0.375049 0.000106042
AC 17 7.51566 7.51566 7.51504
OP 18 0.5797 0.692087 0.509307 0.191605 0.370941 0.00010119
AC 18 5.8152 5.8152 5.81452
OP 19 0.589325 0.680317 0.500651 0.199844 0.373003 0.000105923
AC 19 6.23657 6.23657 6.23599
OP 20 0.581456 0.687068 0.508903 0.18731 0.367114 0.000101676
AC 20 4.88034 4.88034 4.87966
OP 21 0.555612 0.676186 0.494916 0.181597 0.378906 0.0001095
AC 21 5.39978 5.39978 5.39921
OP 22 0.584095 0.686751 0.499615 0.197257 0.372316 0.000106443
AC 22 7.30135 7.30135 7.30075
OP 23 0.588422 0.675613 0.495453 0.187863 0.371446 0.000108832
AC 23 5.95581 5.95581 5.95523
OP 24 0.596786 0.672389 0.498227 0.188688 0.37428 0.000107761
AC 24 3.52563 3.52563 3.52506
OP 25 0.580272 0.684456 0.512274 0.189884 0.366039 0.000100022
AC 25 5.37596 5.37596 5.37527
OP 26 0.595794 0.681684 0.503775 0.19437 0.369675 0.000104195
AC 26 6.39189 6.39189 6.39128
OP 27 0.595579 0.685661 0.511985 0.206667 0.36526 9.98542E-05
AC 27 6.93468 6.93468 6.93399
OP 28 0.576044 0.681805 0.508403 0.190607 0.370681 0.000102453
AC 28 6.35838 6.35838 6.35771
OP 29 0.592567 0.678196 0.496714 0.190012 0.376903 0.000108439
AC 29 6.53807 6.53807 6.53747
OP 30 0.598123 0.676009 0.510433 0.194125 0.36696 0.000101066
AC 30 4.70855 4.70855 4.70789
OP 31 0.583319 0.684448 0.508061 0.19393 0.370349 0.00010239
AC 31 6.08043 6.08043 6.07978
OP 32 0.591936 0.689189 0.507798 0.200791 0.368701 0.000101774
AC 32 7.36761 7.36761 7.36691
OP 33 0.585932 0.688479 0.50606 0.191935 0.368149 0.000102848
AC 33 5.62335 5.62335 5.62266
OP 34 0.580426 0.676948 0.513392 0.196289 0.367508 9.98326E-05
AC 34 5.63529 5.63529 5.63466
OP 35 0.563317 0.6914 0.510688 0.187551 0.369212 0.000100271
AC 35 6.46189 6.46189 6.46116
OP 36 0.571402 0.686917 0.515416 0.187464 0.366628 9.85934E-05
AC 36 7.15352 7.15352 7.15279
OP 37 0.585158 0.680737 0.507192 0.192038 0.368869 0.000102353
AC 37 6.39778 6.39778 6.39715
OP 38 0.569001 0.700987 0.517742 0.195406 0.363245 9.67148E-05
AC 38 7.43505 7.43505 7.43424
OP 39 0.59825 0.679246 0.510377 0.194177 0.368699 0.00010113
AC 39 7.29713 7.29713 7.29649
OP 40 0.5805 0.67061 0.50138 0.192027 0.375328 0.000106248
AC 40 4.74554 4.74554 4.74498
OP 41 0.581857 0.688013 0.502161 0.190403 0.373671 0.000104936
AC 41 7.45529 7.45529 7.45461
OP 42 0.579966 0.683752 0.507978 0.18784 0.36761 0.000102133
AC 42 6.18539 6.18539 6.1847
OP 43 0.58646 0.666253 0.500598 0.187321 0.372364 0.000106735
AC 43 5.67219 5.67219 5.67165
OP 44 0.591665 0.666369 0.50042 0.184057 0.375581 0.000106753
AC 44 5.73768 5.73768 5.73712
OP 45 0.591887 0.679937 0.520608 0.197005 0.364159 9.645E-05
AC 45 4.98553 4.98553 4.98488
OP 46 0.579583 0.680265 0.509541 0.191036 0.368682 0.00010231
AC 46 5.47551 5.47551 5.47491
OP 47 0.578928 0.682966 0.51181 0.200365 0.369526 0.000100585
AC 47 5.91383 5.91383 5.91319
OP 48 0.576517 0.680865 0.497859 0.187136 0.373219 0.00010723
AC 48 5.81244 5.81244 5.81182
OP 49 0.573119 0.686546 0.512176 0.187277 0.367653 0.000100026
AC 49 6.71587 6.71587 6.71519
OP 50 0.585263 0.687725 0.510403 0.197133 0.367133 0.000100657
AC 50 7.69118 7.69118 7.69049
OP 51 0.587279 0.678146 0.503845 0.195919 0.374348 0.000104634
AC 51 6.64466 6.64466 6.64406
OP 52 0.589366 0.680551 0.502156 0.197486 0.372693 0.000105495
AC 52 6.86525 6.86525 6.86464
OP 53 0.565381 0.672763 0.50377 0.188192 0.371763 0.000104971
AC 53 3.11473 3.11473 3.11417
OP 54 0.570584 0.693701 0.51269 0.190842 0.36993 9.99172E-05
AC 54 7.57182 7.57182 7.5711
OP 55 0.576257 0.686483 0.501021 0.187508 0.375638 0.000106047
AC 55 6.16869 6.16869 6.16806
OP 56 0.589417 0.667199 0.497158 0.194555 0.37488 0.000108704
AC 56 6.08399 6.08399 6.08348
OP 57 0.583825 0.686888 0.50322 0.187772 0.373826 0.000104332
AC 57 5.08093 5.08093 5.08028
OP 58 0.586902 0.696288 0.516579 0.19945 0.364456 9.74826E-05
AC 58 6.75399 6.75399 6.75323
OP 59 0.586599 0.683408 0.509025 0.193261 0.368052 0.000101862
AC 59 6.24265 6.24265 6.24201
OP 60 0.587976 0.691701 0.50441 0.199467 0.372202 0.000103619
AC 60 6.81981 6.81981 6.81917
OP 61 0.599804 0.68055 0.495417 0.200688 0.376426 0.000108374
AC 61 6.78903 6.78903 6.78842
OP 62 0.583548 0.681019 0.503825 0.192843 0.373635 0.000104498
AC 62 6.44209 6.44209 6.44145
OP 63 0.577499 0.676382 0.503119 0.193784 0.372547 0.000105148
AC 63 6.64698 6.64698 6.6464
OP 64 0.582016 0.683226 0.507112 0.189804 0.370192 0.000102415
AC 64 6.09669 6.09669 6.09602
OP 65 0.579766 0.680559 0.504777 0.188856 0.37169 0.000104001
AC 65 6.30722 6.30722 6.30663
OP 66 0.595753 0.677927 0.511439 0.201482 0.367826 0.000101101
AC 66 5.73803 5.73803 5.7374
OP 67 0.595956 0.687104 0.505446 0.205602 0.369427 0.000102994
AC 67 7.79763 7.79763 7.797
OP 68 0.578879 0.688678 0.502251 0.194691 0.370714 0.00010495
AC 68 7.8383 7.8383 7.83764
OP 69 0.575806 0.686405 0.513441 0.20226 0.366395 9.95734E-05
AC 69 6.44611 6.44611 6.44543
OP 70 0.579852 0.677645 0.500565 0.180333 0.375405 0.000106582
AC 70 4.81358 4.81358 4.81297
OP 71 0.582641 0.695058 0.504874 0.187715 0.36967 0.000103019
AC 71 6.30471 6.30471 6.30397
OP 72 0.567848 0.687378 0.507941 0.191793 0.369586 0.00010194
AC 72 6.20804 6.20804 6.20734
OP 73 0.591438 0.67047 0.498153 0.195011 0.375077 0.000108063
AC 73 6.97241 6.97241 6.97187
OP 74 0.574185 0.675719 0.50146 0.178902 0.373414 0.000105883
AC 74 2.08381 2.08381 2.08321
OP 75 0.599158 0.687288 0.517602 0.200811 0.364984 9.75622E-05
AC 75 7.3585 7.3585 7.35779
OP 76 0.577672 0.682037 0.50214 0.197277 0.372979 0.000105398
AC 76 7.08382 7.08382 7.08322
OP 77 0.581365 0.686625 0.505465 0.189097 0.369569 0.000103501
AC 77 6.96193 6.96193 6.96126
OP 78 0.60006 0.681946 0.502055 0.199661 0.371608 0.000105226
AC 78 6.94928 6.94928 6.94864
OP 79 0.58545 0.695199 0.507568 0.19361 0.36734 0.000102207
AC 79 6.70299 6.70299 6.70225
OP 80 0.59762 0.670498 0.511825 0.193758 0.369333 0.00010092
AC 80 5.97406 5.97406 5.97344
OP 81 0.579555 0.676042 0.497727 0.189198 0.376428 0.000107814
AC 81 5.08044 5.08044 5.07987
OP 82 0.580415 0.679719 0.497238 0.185143 0.372356 0.000107484
AC 82 6.63322 6.63322 6.63261
OP 83 0.583835 0.676594 0.507564 0.194859 0.369539 0.000102891
AC 83 6.51509 6.51509 6.51451
OP 84 0.584496 0.686576 0.510715 0.189543 0.368133 0.000101015
AC 84 6.33848 6.33848 6.33777
OP 85 0.601317 0.672207 0.495596 0.198942 0.374699 0.000108608
AC 85 6.54992 6.54992 6.54936
OP 86 0.589485 0.679999 0.505877 0.197346 0.372939 0.000103282
AC 86 7.44765 7.44765 7.44701
OP 87 0.589087 0.679678 0.499644 0.193661 0.374942 0.000106606
AC 87 7.60993 7.60993 7.60934
OP 88 0.579305 0.679216 0.503301 0.195311 0.369084 0.00010509
AC 88 6.7012 6.7012 6.7006
OP 89 0.587545 0.681694 0.507159 0.196298 0.373446 0.000103082
AC 89 6.24917 6.24917 6.24856
OP 90 0.575272 0.693876 0.509596 0.191714 0.369038 0.000101128
AC 90 7.0316 7.0316 7.03086
OP 91 0.582557 0.683739 0.515767 0.197463 0.366218 9.86076E-05
AC 91 7.19124 7.19124 7.19056
OP 92 0.58225 0.697102 0.501023 0.194453 0.371851 0.000105048
AC 92 8.23749 8.23749 8.23674
OP 93 0.591627 0.691223 0.506277 0.202595 0.367989 0.000102709
AC 93 7.38624 7.38624 7.38559
OP 94 0.592207 0.666866 0.495183 0.185679 0.375797 0.000109719
AC 94 4.04877 4.04877 4.04823
OP 95 0.58457 0.666098 0.49586 0.187568 0.37693 0.000109232
AC 95 5.39644 5.39644 5.39592
OP 96 0.597057 0.677035 0.50024 0.195138 0.372965 0.000106345
AC 96 7.06477 7.06477 7.06416
OP 97 0.579117 0.703507 0.518263 0.195111 0.362864 9.64339E-05
AC 97 6.81869 6.81869 6.81793
OP 98 0.586334 0.684289 0.508169 0.197245 0.368029 0.000101866
AC 98 6.6872 6.6872 6.68652
OP 99 0.579316 0.687971 0.504349 0.199437 0.372667 0.000103933
AC 99 7.67272 7.67272 7.67202
OP 100 0.600811 0.689171 0.515257 0.201138 0.364514 9.84141E-05
AC 100 6.87466 6.87466 6.87395
OP 101 0.585141 0.684843 0.508927 0.193502 0.370215 0.000101708
AC 101 7.94377 7.94377 7.94315
OP 102 0.598335 0.697525 0.515125 0.201158 0.365614 9.79299E-05
AC 102 7.59175 7.59175 7.59097
OP 103 0.58543 0.6848 0.510695 0.194562 0.369256 0.000100965
AC 103 6.48239 6.48239 6.48171
OP 104 0.583678 0.669032 0.502297 0.192667 0.372251 0.000105725
AC 104 5.32292 5.32292 5.32237
OP 105 0.567323 0.682111 0.508986 0.186342 0.370218 0.000102177
AC 105 4.63627 4.63627 4.63563
OP 106 0.588534 0.68017 0.50662 0.1899 0.371559 0.000103032
AC 106 6.35184 6.35184 6.35121
OP 107 0.578636 0.668603 0.497365 0.193896 0.375011 0.00010863
AC 107 5.88426 5.88426 5.88373
OP 108 0.575351 0.682168 0.507889 0.195157 0.368475 0.000102086
AC 108 5.33479 5.33479 5.33411
OP 109 0.601013 0.669063 0.503322 0.196144 0.372824 0.000105411
AC 109 5.93132 5.93132 5.93076
OP 110 0.591887 0.686578 0.508786 0.193874 0.368959 0.000102046
AC 110 7.6755 7.6755 7.67482
OP 111 0.576284 0.67494 0.502171 0.188212 0.373489 0.000105797
AC 111 4.97078 4.97078 4.9702
OP 112 0.580362 0.676135 0.508065 0.185907 0.372361 0.000102935
AC 112 6.48208 6.48208 6.48146
OP 113 0.583368 0.691988 0.502556 0.192125 0.370202 0.000104829
AC 113 7.32579 7.32579 7.32513
OP 114 0.593003 0.688697 0.510156 0.201362 0.370344 0.000101327
AC 114 7.31187 7.31187 7.31121
OP 115 0.587811 0.677901 0.501656 0.188532 0.373782 0.000105585
AC 115 6.58372 6.58372 6.5831
OP 116 0.581251 0.684605 0.511302 0.191509 0.369283 0.000101139
AC 116 6.04388 6.04388 6.04324
OP 117 0.589275 0.674431 0.503846 0.186951 0.372371 0.00010463
AC 117 5.54815 5.54815 5.54755
OP 118 0.586674 0.69123 0.511691 0.197932 0.365813 0.000100452
AC 118 5.82117 5.82117 5.82049
OP 119 0.572607 0.679529 0.503831 0.187576 0.368874 0.000104744
AC 119 5.83468 5.83468 5.8341
OP 120 0.571295 0.678901 0.503409 0.187848 0.371497 0.000104885
AC 120 5.75984 5.75984 5.75924
OP 121 0.563273 0.692087 0.507838 0.185294 0.37137 0.000102029
AC 121 5.78133 5.78133 5.78064
OP 122 0.577322 0.680508 0.497778 0.186901 0.375108 0.00010736
AC 122 5.7207 5.7207 5.72008
OP 123 0.587261 0.688351 0.509339 0.190494 0.367575 0.000101284
AC 123 7.14538 7.14538 7.14466
OP 124 0.577498 0.671611 0.493101 0.195425 0.374798 0.000109741
AC 124 7.01313 7.01313 7.01258
OP 125 0.579682 0.679568 0.502072 0.189664 0.373999 0.000105572
AC 125 6.18183 6.18183 6.18125
OP 126 0.586603 0.681156 0.505315 0.194251 0.371039 0.000103522
AC 126 6.43736 6.43736 6.43671
OP 127 0.595024 0.679661 0.516197 0.201878 0.363933 9.86557E-05
AC 127 6.8729 6.8729 6.87224
OP 128 0.607324 0.687095 0.506522 0.204159 0.366787 0.000102409
AC 128 8.67025 8.67025 8.66957
OP 129 0.582142 0.68182 0.508659 0.202034 0.369661 0.000101946
AC 129 6.80136 6.80136 6.80073
OP 130 0.605261 0.679685 0.507886 0.20506 0.369708 0.000102625
AC 130 7.9462 7.9462 7.94558
OP 131 0.584867 0.680568 0.49878 0.19086 0.374045 0.000107124
AC 131 7.6439 7.6439 7.64331
OP 132 0.591997 0.680171 0.501411 0.195279 0.372669 0.000105569
AC 132 6.89996 6.89996 6.89934
OP 133 0.570303 0.687283 0.504066 0.188192 0.370374 0.00010421
AC 133 5.85759 5.85759 5.85692
OP 134 0.587382 0.678039 0.503116 0.194764 0.372429 0.0001053
AC 134 4.94387 4.94387 4.94332
OP 135 0.58681 0.675683 0.513136 0.188245 0.366114 0.000100115
AC 135 4.57833 4.57833 4.5777
OP 136 0.588974 0.693072 0.517107 0.200333 0.364602 9.73535E-05
AC 136 7.32849 7.32849 7.32772
OP 137 0.592175 0.670417 0.504028 0.19102 0.371763 0.000104925
AC 137 6.97305 6.97305 6.9725
OP 138 0.580064 0.683587 0.501232 0.197432 0.372271 0.000105557
AC 138 6.95131 6.95131 6.95071
OP 139 0.585784 0.678816 0.508346 0.197248 0.369176 0.000102068
AC 139 6.62761 6.62761 6.62697
OP 140 0.574785 0.683225 0.50913 0.185024 0.369232 0.000101792
AC 140 4.81957 4.81957 4.81895
OP 141 0.58664 0.676054 0.497947 0.191826 0.377032 0.000107613
AC 141 6.21709 6.21709 6.21652
OP 142 0.594457 0.686471 0.512556 0.206232 0.369581 0.00010037
AC 142 7.69636 7.69636 7.69569
OP 143 0.590449 0.680886 0.5086 0.194419 0.370373 0.000101951
AC 143 5.56905 5.56905 5.56842
OP 144 0.592985 0.688728 0.510286 0.202328 0.367082 0.000100795
AC 144 7.7446 7.7446 7.74393
OP 145 0.588365 0.683535 0.503076 0.195619 0.372776 0.000104819
AC 145 6.95323 6.95323 6.9526
OP 146 0.578924 0.67173 0.501181 0.186651 0.372647 0.000106635
AC 146 4.04684 4.04684 4.04629
OP 147 0.570426 0.681435 0.497398 0.195292 0.370438 0.000107549
AC 147 6.66364 6.66364 6.66302
OP 148 0.585206 0.677347 0.499001 0.196254 0.375107 0.00010698
AC 148 6.84128 6.84128 6.84069
OP 149 0.589607 0.682114 0.501964 0.201692 0.371145 0.000105064
AC 149 7.9635 7.9635 7.96288
OP 150 0.587196 0.687377 0.506172 0.198163 0.368928 0.000102589
AC 150 7.40559 7.40559 7.40488
OP 151 0.590095 0.673435 0.498604 0.193301 0.373417 0.0001076
AC 151 5.57195 5.57195 5.57139
OP 152 0.573581 0.684651 0.508944 0.183896 0.367926 0.000101871
AC 152 6.15826 6.15826 6.15758
OP 153 0.576657 0.687599 0.507983 0.194859 0.371153 0.000102219
AC 153 5.96336 5.96336 5.96268
OP 154 0.580517 0.682388 0.502886 0.186133 0.374091 0.000105315
AC 154 5.63814 5.63814 5.63754
OP 155 0.589483 0.69561 0.515778 0.198119 0.364161 9.7889E-05
AC 155 7.96238 7.96238 7.96162
OP 156 0.58848 0.685426 0.503104 0.193352 0.37293 0.000104613
AC 156 7.39085 7.39085 7.39021
OP 157 0.590862 0.665877 0.498742 0.189648 0.374664 0.000106904
AC 157 4.2908 4.2908 4.29024
OP 158 0.580475 0.673715 0.506926 0.194432 0.371079 0.000102838
AC 158 5.51441 5.51441 5.51382
OP 159 0.588932 0.671955 0.49841 0.195845 0.376184 0.000108337
AC 159 6.58366 6.58366 6.58314
OP 160 0.589945 0.67696 0.49757 0.189657 0.375075 0.000107247
AC 160 6.68804 6.68804 6.68744
OP 161 0.576443 0.681165 0.51208 0.186896 0.369915 0.000100797
AC 161 5.26347 5.26347 5.26282
OP 162 0.569949 0.692483 0.51523 0.187876 0.364752 9.81129E-05
AC 162 6.94939 6.94939 6.94865
OP 163 0.593849 0.688893 0.509536 0.205082 0.366896 0.000101338
AC 163 8.35968 8.35968 8.35901
OP 164 0.589683 0.680573 0.499939 0.19506 0.373966 0.000106432
AC 164 6.9652 6.9652 6.96459
OP 165 0.581987 0.680642 0.496609 0.187215 0.375712 0.000108004
AC 165 7.1145 7.1145 7.11392
OP 166 0.587528 0.671558 0.489812 0.189305 0.378156 0.000112148
AC 166 6.52744 6.52744 6.52692
OP 167 0.583704 0.679571 0.507931 0.194885 0.370699 0.000102976
AC 167 5.65447 5.65447 5.65384
OP 168 0.587588 0.691369 0.512123 0.193559 0.36881 9.96727E-05
AC 168 7.15072 7.15072 7.14997
OP 169 0.581382 0.678229 0.505316 0.19414 0.372416 0.000103703
AC 169 7.02133 7.02133 7.02071
OP 170 0.598792 0.687079 0.514965 0.20677 0.363287 9.87213E-05
AC 170 6.48249 6.48249 6.4818
OP 171 0.578455 0.679649 0.498772 0.186924 0.373181 0.000106994
AC 171 6.26603 6.26603 6.26541
OP 172 0.582964 0.690978 0.516148 0.200191 0.364512 9.81343E-05
AC 172 7.39774 7.39774 7.397
OP 173 0.576578 0.683207 0.506122 0.190068 0.371407 0.00010342
AC 173 6.86015 6.86015 6.85951
OP 174 0.586291 0.68323 0.513434 0.204664 0.369937 9.96651E-05
AC 174 6.18708 6.18708 6.18644
OP 175 0.591497 0.682512 0.511449 0.19406 0.366692 0.00010089
AC 175 6.6362 6.6362 6.63552
OP 176 0.590381 0.678253 0.508498 0.193489 0.37193 0.000102478
AC 176 5.93326 5.93326 5.93263
OP 177 0.578736 0.684761 0.512842 0.193773 0.367249 0.000100034
AC 177 6.99537 6.99537 6.99468
OP 178 0.59836 0.689816 0.513074 0.196042 0.365355 9.9658E-05
AC 178 6.3827 6.3827 6.38197
OP 179 0.582258 0.692999 0.513834 0.193519 0.367124 9.89883E-05
AC 179 7.40251 7.40251 7.40177
OP 180 0.56894 0.687347 0.505097 0.194481 0.372158 0.000103536
AC 180 7.04599 7.04599 7.04529
OP 181 0.590774 0.685129 0.50564 0.194697 0.37265 0.00010341
AC 181 7.34853 7.34853 7.34791
OP 182 0.568653 0.678863 0.504638 0.182732 0.371842 0.00010423
AC 182 5.53678 5.53678 5.53615
OP 183 0.566991 0.688878 0.516318 0.189144 0.365747 9.80807E-05
AC 183 6.10685 6.10685 6.10614
OP 184 0.582006 0.685339 0.507624 0.194857 0.368763 0.000102132
AC 184 6.95433 6.95433 6.95365
OP 185 0.580912 0.683365 0.50281 0.188908 0.37157 0.000105043
AC 185 7.03409 7.03409 7.03344
OP 186 0.578872 0.681363 0.51148 0.192466 0.368384 0.000100724
AC 186 7.98458 7.98458 7.98395
OP 187 0.58572 0.677556 0.502578 0.190171 0.372167 0.000104688
AC 187 5.56303 5.56303 5.56244
OP 188 0.586129 0.671106 0.500801 0.192039 0.374473 0.00010656
AC 188 4.97951 4.97951 4.97894
OP 189 0.608245 0.675331 0.501615 0.199632 0.372958 0.000105899
AC 189 7.47266 7.47266 7.47205
OP 190 0.579638 0.690424 0.506749 0.189296 0.369422 0.000102707
AC 190 7.15996 7.15996 7.15924
OP 191 0.567533 0.688408 0.518327 0.179552 0.363662 9.7128E-05
AC 191 2.89045 2.89045 2.88971
OP 192 0.580763 0.679996 0.507256 0.189248 0.370125 0.000102979
AC 192 6.03274 6.03274 6.03208
OP 193 0.580708 0.705859 0.516155 0.200613 0.362014 9.70329E-05
AC 193 8.21372 8.21372 8.21288
OP 194 0.576958 0.699679 0.509927 0.192914 0.365504 0.00010054
AC 194 8.87484 8.87484 8.87408
OP 195 0.587512 0.694575 0.515073 0.193725 0.367533 9.86597E-05
AC 195 7.23657 7.23657 7.23582
OP 196 0.584399 0.686285 0.508276 0.195891 0.369613 0.000101903
AC 196 7.19895 7.19895 7.19825
OP 197 0.583384 0.692057 0.502849 0.194221 0.371436 0.00010378
AC 197 8.18487 8.18487 8.18416
OP 198 0.573672 0.699752 0.514018 0.1993 0.365739 9.85109E-05
AC 198 7.58163 7.58163 7.58085
OP 199 0.591258 0.682897 0.499036 0.194348 0.373688 0.00010694
AC 199 7.3006 7.3006 7.30001
OP 200 0.585298 0.671102 0.512781 0.190735 0.367624 0.000100544
AC 200 3.423 3.423 3.42241
OP 201 0.573528 0.699657 0.51279 0.195514 0.36675 9.94417E-05
AC 201 8.16221 8.16221 8.16146
OP 202 0.579618 0.673799 0.496592 0.185034 0.37671 0.00010809
AC 202 6.54235 6.54235 6.54176
OP 203 0.579047 0.693692 0.51618 0.191802 0.36596 9.79897E-05
AC 203 6.36129 6.36129 6.36052
OP 204 0.574803 0.686891 0.510462 0.192395 0.367522 0.000100945
AC 204 6.22354 6.22354 6.22284
OP 205 0.585589 0.680001 0.502831 0.193885 0.374029 0.000104853
AC 205 6.87359 6.87359 6.87298
OP 206 0.575544 0.684049 0.505033 0.18515 0.370936 0.000103744
AC 206 5.72484 5.72484 5.72418
OP 207 0.575186 0.692193 0.509004 0.189372 0.368013 0.000101077
AC 207 6.64822 6.64822 6.64747
OP 208 0.57465 0.696384 0.509295 0.182988 0.368373 0.000100785
AC 208 7.33899 7.33899 7.33826
OP 209 0.580474 0.663783 0.500677 0.183529 0.375953 0.000107064
AC 209 4.48664 4.48664 4.48609
OP 210 0.591482 0.673682 0.502429 0.198595 0.373509 0.000105302
AC 210 6.02836 6.02836 6.0278
OP 211 0.588754 0.69532 0.513904 0.199623 0.364148 9.865E-05
AC 211 8.06654 8.06654 8.06578
OP 212 0.588762 0.672129 0.512014 0.193352 0.368392 0.000100944
AC 212 5.70669 5.70669 5.7061
OP 213 0.588306 0.674002 0.498286 0.192344 0.37449 0.000107641
AC 213 5.28744 5.28744 5.28688
OP 214 0.570004 0.688944 0.511473 0.187772 0.366198 0.000100418
AC 214 4.91184 4.91184 4.91112
OP 215 0.57751 0.681933 0.509524 0.185661 0.370835 0.000101377
AC 215 6.49304 6.49304 6.49237
OP 216 0.585449 0.679706 0.494038 0.19115 0.373438 0.000109359
AC 216 6.75412 6.75412 6.75354
OP 217 0.583677 0.69487 0.507255 0.195564 0.370888 0.000102523
AC 217 7.63124 7.63124 7.63051
OP 218 0.574781 0.68922 0.498374 0.194131 0.373951 0.00010684
AC 218 7.20661 7.20661 7.20597
OP 219 0.574002 0.688529 0.505303 0.193462 0.369031 0.000102731
AC 219 6.77953 6.77953 6.77882
OP 220 0.589948 0.679151 0.500012 0.197259 0.371851 0.000105915
AC 220 6.62088 6.62088 6.62025
OP 221 0.575655 0.686412 0.506638 0.187591 0.37103 0.000102357
AC 221 5.52616 5.52616 5.52546
OP 222 0.595373 0.688089 0.504764 0.194742 0.372683 0.000103472
AC 222 7.26584 7.26584 7.26514
OP 223 0.580944 0.67724 0.513692 0.189248 0.365621 0.000100026
AC 223 5.25743 5.25743 5.2568
OP 224 0.571363 0.684557 0.504859 0.183169 0.370556 0.000104
AC 224 6.21548 6.21548 6.21483
OP 225 0.579884 0.692895 0.501955 0.194507 0.369985 0.000104735
AC 225 7.86542 7.86542 7.86472
OP 226 0.580087 0.679533 0.500165 0.186587 0.373057 0.000106424
AC 226 6.3332 6.3332 6.33259
OP 227 0.595281 0.66726 0.498998 0.197823 0.374616 0.000107806
AC 227 5.60431 5.60431 5.60378
OP 228 0.59548 0.68387 0.510835 0.197918 0.367895 0.000100477
AC 228 7.76521 7.76521 7.76452
OP 229 0.598539 0.6788 0.504397 0.203707 0.371682 0.000104304
AC 229 7.80407 7.80407 7.80346
OP 230 0.598535 0.683422 0.512013 0.199124 0.365152 0.000100242
AC 230 6.92822 6.92822 6.92753
OP 231 0.570571 0.683623 0.504818 0.179516 0.372286 0.000103716
AC 231 6.7773 6.7773 6.77666
OP 232 0.562096 0.677647 0.50858 0.184942 0.371407 0.000102379
AC 232 5.32687 5.32687 5.32628
OP 233 0.573565 0.696122 0.504285 0.193349 0.369855 0.000103614
AC 233 6.98211 6.98211 6.98139
OP 234 0.59004 0.673825 0.505667 0.19236 0.371413 0.000104224
AC 234 4.91744 4.91744 4.91685
OP 235 0.575093 0.680847 0.503029 0.183032 0.372729 0.000105137
AC 235 5.08593 5.08593 5.08531
OP 236 0.593893 0.687542 0.513336 0.198243 0.365401 9.93988E-05
AC 236 7.10264 7.10264 7.10195
OP 237 0.572884 0.686812 0.503329 0.18531 0.370666 0.000104326
AC 237 5.6638 5.6638 5.66313
OP 238 0.590957 0.679815 0.50569 0.196779 0.371011 0.000103899
AC 238 6.36841 6.36841 6.3678
OP 239 0.585416 0.679234 0.505019 0.192134 0.369692 0.000104431
AC 239 5.51572 5.51572 5.51513
OP 240 0.588844 0.681868 0.506514 0.194101 0.369889 0.000102494
AC 240 6.19451 6.19451 6.19384
OP 241 0.574618 0.68266 0.511018 0.191013 0.368801 0.000101187
AC 241 6.41276 6.41276 6.41212
OP 242 0.583556 0.685711 0.499174 0.192731 0.373083 0.000106187
AC 242 8.4815 8.4815 8.48086
OP 243 0.58045 0.680051 0.497123 0.185771 0.375285 0.000107512
AC 243 6.74497 6.74497 6.74436
OP 244 0.577174 0.689228 0.510015 0.194093 0.366174 0.00010088
AC 244 6.67995 6.67995 6.67924
OP 245 0.594918 0.681568 0.509029 0.201369 0.369173 0.000102052
AC 245 6.83962 6.83962 6.83899
OP 246 0.574337 0.689583 0.506584 0.193663 0.369895 0.000102734
AC 246 7.25963 7.25963 7.2589
OP 247 0.592627 0.688229 0.504498 0.196797 0.372118 0.000103743
AC 247 6.9379 6.9379 6.93728
OP 248 0.596568 0.700002 0.513255 0.206804 0.363605 9.88772E-05
AC 248 8.70653 8.70653 8.70576
OP 249 0.576786 0.689648 0.51038 0.191487 0.367123 0.000101095
AC 249 5.93575 5.93575 5.93507
OP 250 0.570786 0.681285 0.501255 0.182549 0.374718 0.000105497
AC 250 5.04008 5.04008 5.03947
OP 251 0.577981 0.683934 0.509774 0.189309 0.368031 0.000101643
AC 251 6.26633 6.26633 6.26568
OP 252 0.586995 0.679425 0.509656 0.191543 0.367349 0.000101511
AC 252 6.1374 6.1374 6.13676
OP 253 0.568116 0.682645 0.507143 0.188921 0.36967 0.000102857
AC 253 5.72263 5.72263 5.72199
OP 254 0.577415 0.687684 0.515737 0.187698 0.3638 9.81345E-05
AC 254 5.14578 5.14578 5.145
OP 255 0.578397 0.665614 0.49318 0.189409 0.38073 0.000110738
AC 255 4.61076 4.61076 4.61025
OP 256 0.589564 0.685857 0.507311 0.19642 0.368995 0.000102371
AC 256 6.43251 6.43251 6.43184
OP 257 0.577512 0.685277 0.511645 0.196202 0.368855 0.00010072
AC 257 5.67013 5.67013 5.66949
OP 258 0.578619 0.676222 0.503769 0.186249 0.372982 0.000104861
AC 258 5.05285 5.05285 5.05228
OP 259 0.580803 0.682769 0.504151 0.193144 0.367437 0.000103846
AC 259 6.73867 6.73867 6.73803
OP 260 0.589142 0.68344 0.512428 0.193005 0.370685 0.000100262
AC 260 7.14677 7.14677 7.14612
OP 261 0.58974 0.69107 0.515143 0.192095 0.367989 9.86729E-05
AC 261 6.92173 6.92173 6.92102
OP 262 0.578836 0.684922 0.517547 0.196805 0.366958 9.76264E-05
AC 262 5.8913 5.8913 5.89058
OP 263 0.588432 0.674893 0.502654 0.193924 0.371006 0.000105442
AC 263 5.77982 5.77982 5.77925
OP 264 0.575762 0.664565 0.497999 0.177959 0.376075 0.000108187
AC 264 3.8748 3.8748 3.87426
OP 265 0.56309 0.688726 0.51188 0.182237 0.369574 0.00010046
AC 265 5.40979 5.40979 5.40909
OP 266 0.585522 0.676063 0.511685 0.193041 0.369473 0.000100813
AC 266 5.78472 5.78472 5.78411
OP 267 0.585043 0.666791 0.500641 0.189148 0.371569 0.000106627
AC 267 4.56406 4.56406 4.56351
OP 268 0.576017 0.686921 0.503272 0.18918 0.372113 0.0001043
AC 268 6.68761 6.68761 6.68695
OP 269 0.587583 0.674546 0.496702 0.196058 0.374894 0.000108595
AC 269 7.05333 7.05333 7.0528
OP 270 0.582634 0.686299 0.517063 0.195809 0.364555 9.81961E-05
AC 270 6.24023 6.24023 6.23955
OP 271 0.566851 0.691992 0.518537 0.191499 0.364432 9.67383E-05
AC 271 5.78621 5.78621 5.78546
OP 272 0.598707 0.681435 0.499319 0.195059 0.373795 0.000106484
AC 272 6.79672 6.79672 6.79613
OP 273 0.592416 0.689734 0.509594 0.204404 0.366605 0.000101283
AC 273 6.98914 6.98914 6.98847
OP 274 0.583709 0.68288 0.508113 0.190428 0.367434 0.00010172
AC 274 6.64994 6.64994 6.64927
OP 275 0.584638 0.674153 0.495467 0.19067 0.377833 0.000109272
AC 275 6.27567 6.27567 6.2751
OP 276 0.585639 0.699606 0.515077 0.200734 0.362448 9.79451E-05
AC 276 7.92536 7.92536 7.92457
OP 277 0.586277 0.666636 0.495308 0.19317 0.376071 0.000109533
AC 277 5.39626 5.39626 5.39575
OP 278 0.582829 0.68062 0.508043 0.191574 0.370309 0.000102921
AC 278 4.5919 4.5919 4.59128
OP 279 0.582673 0.695431 0.508123 0.197815 0.367783 0.000101365
AC 279 8.15767 8.15767 8.1569
OP 280 0.585336 0.681644 0.500484 0.187167 0.370755 0.000106578
AC 280 5.33392 5.33392 5.33332
OP 281 0.576462 0.69236 0.505244 0.190953 0.371031 0.000103304
AC 281 8.35757 8.35757 8.35687
OP 282 0.576348 0.688333 0.510032 0.199675 0.368476 0.000101213
AC 282 7.37233 7.37233 7.37171
OP 283 0.594618 0.666816 0.494795 0.19133 0.375746 0.000109559
AC 283 4.82579 4.82579 4.82529
OP 284 0.580639 0.686116 0.512707 0.194175 0.36467 0.000100621
AC 284 6.59617 6.59617 6.59552
OP 285 0.571908 0.672638 0.503654 0.189355 0.374238 0.000105041
AC 285 4.16466 4.16466 4.1641
OP 286 0.601653 0.692996 0.509816 0.203865 0.368584 0.000100598
AC 286 8.15788 8.15788 8.15717
OP 287 0.590436 0.685726 0.507866 0.197022 0.370297 0.000102175
AC 287 6.64068 6.64068 6.64001
OP 288 0.574034 0.684456 0.509466 0.190498 0.370439 0.000101417
AC 288 5.96062 5.96062 5.95997
OP 289 0.593455 0.66527 0.495795 0.193514 0.376349 0.000109138
AC 289 5.06592 5.06592 5.0654
OP 290 0.601016 0.677956 0.507525 0.202569 0.370152 0.000102348
AC 290 6.5261 6.5261 6.52548
OP 291 0.587492 0.683033 0.508081 0.206396 0.370216 0.000102089
AC 291 6.08488 6.08488 6.08425
OP 292 0.584852 0.668711 0.487267 0.187587 0.379428 0.000113039
AC 292 5.65716 5.65716 5.65664
OP 293 0.585694 0.677091 0.502472 0.188802 0.372633 0.000105352
AC 293 5.79358 5.79358 5.79299
OP 294 0.579791 0.680304 0.510762 0.188802 0.369223 0.000101485
AC 294 4.7804 4.7804 4.77977
OP 295 0.578567 0.688733 0.509885 0.189213 0.367588 0.000100942
AC 295 5.93905 5.93905 5.93837
OP 296 0.575416 0.679543 0.511035 0.190634 0.368185 0.000100977
AC 296 4.49379 4.49379 4.49314
OP 297 0.573965 0.682433 0.50935 0.19062 0.369112 0.000101669
AC 297 5.78275 5.78275 5.78212
OP 298 0.578228 0.680124 0.507709 0.185493 0.369771 0.000102035
AC 298 5.58553 5.58553 5.58487
OP 299 0.58706 0.690455 0.512852 0.202234 0.366079 9.93669E-05
AC 299 7.4871 7.4871 7.48637
