OP 0 0.511164 0.566936 0.395892 0.154169 0.334477 9.92808E-05
AC 0 4.48004 4.48004 4.47946
OP 1 0.522635 0.570376 0.388354 0.143832 0.337192 0.000103866
AC 1 5.03135 5.03135 5.03077
OP 2 0.518079 0.573602 0.392131 0.147033 0.338721 0.000101146
AC 2 6.49767 6.49767 6.49706
OP 3 0.530456 0.568904 0.389431 0.156416 0.339443 0.000103218
AC 3 5.85251 5.85251 5.85197
OP 4 0.539567 0.560964 0.394744 0.156812 0.337296 0.000101003
AC 4 4.86165 4.86165 4.86113
OP 5 0.522253 0.548314 0.369542 0.147114 0.348204 0.000116432
AC 5 4.18417 4.18417 4.18375
OP 6 0.534024 0.558432 0.395116 0.150162 0.336009 0.000101451
AC 6 4.33142 4.33142 4.33091
OP 7 0.51616 0.551277 0.381167 0.137946 0.341512 0.000109316
AC 7 1.34681 1.34681 1.34635
OP 8 0.512365 0.554688 0.388534 0.144261 0.34085 0.000105545
AC 8 2.51056 2.51056 2.5101
OP 9 0.524693 0.553008 0.383279 0.148738 0.342053 0.000107836
AC 9 4.19887 4.19887 4.1984
OP 10 0.524202 0.549165 0.383006 0.143543 0.343124 0.000108583
AC 10 3.6405 3.6405 3.64005
OP 11 0.53037 0.550775 0.378099 0.143806 0.346446 0.000111174
AC 11 3.48847 3.48847 3.48804
OP 12 0.518693 0.569232 0.390556 0.155705 0.338283 0.000103131
AC 12 5.97211 5.97211 5.97157
OP 13 0.525556 0.555722 0.3862 0.143499 0.340267 0.000105995
AC 13 3.70888 3.70888 3.70837
OP 14 0.541619 0.550029 0.386587 0.146784 0.339926 0.000106096
AC 14 3.52734 3.52734 3.52689
OP 15 0.536529 0.558553 0.386791 0.148827 0.341018 0.000105741
AC 15 4.02262 4.02262 4.02215
OP 16 0.520787 0.574661 0.392353 0.145458 0.335658 0.000101743
AC 16 5.93651 5.93651 5.93592
OP 17 0.516879 0.546333 0.385736 0.146798 0.341051 0.000107495
AC 17 2.15802 2.15802 2.15758
OP 18 0.518952 0.554366 0.380923 0.140475 0.341386 0.000109382
AC 18 4.28131 4.28131 4.28084
OP 19 0.534976 0.565436 0.394447 0.159109 0.334905 0.000100457
AC 19 5.09017 5.09017 5.08962
OP 20 0.537545 0.555669 0.38678 0.159574 0.342817 0.000105386
AC 20 4.84413 4.84413 4.84367
OP 21 0.511192 0.54469 0.378157 0.137748 0.346853 0.000111759
AC 21 1.72776 1.72776 1.72734
OP 22 0.521566 0.570523 0.38675 0.151617 0.339918 0.000104232
AC 22 6.50261 6.50261 6.50204
OP 23 0.522107 0.56597 0.39813 0.156956 0.335373 9.88851E-05
AC 23 5.12081 5.12081 5.12024
OP 24 0.51879 0.564698 0.384565 0.144847 0.340292 0.000105952
AC 24 4.80533 4.80533 4.80479
OP 25 0.528637 0.566305 0.385899 0.147473 0.342239 0.000105285
AC 25 5.82258 5.82258 5.82204
OP 26 0.533953 0.555719 0.390958 0.14811 0.338241 0.000103661
AC 26 4.02952 4.02952 4.02904
OP 27 0.524799 0.547379 0.37429 0.141927 0.34683 0.000113792
AC 27 3.66551 3.66551 3.66509
OP 28 0.528923 0.570809 0.39627 0.158757 0.334487 9.93223E-05
AC 28 6.86848 6.86848 6.86789
OP 29 0.517159 0.572117 0.386621 0.155248 0.338835 0.00010478
AC 29 6.17863 6.17863 6.17807
OP 30 0.513347 0.55248 0.388294 0.142889 0.342354 0.000105645
AC 30 2.08253 2.08253 2.08208
OP 31 0.537944 0.560108 0.381059 0.15313 0.341271 0.000108727
AC 31 6.06484 6.06484 6.06433
OP 32 0.51951 0.552897 0.37698 0.144891 0.345958 0.00011148
AC 32 4.17095 4.17095 4.17048
OP 33 0.525618 0.557698 0.37598 0.148406 0.342498 0.000111903
AC 33 5.59635 5.59635 5.59588
OP 34 0.528669 0.563438 0.38327 0.157045 0.338891 0.000107052
AC 34 6.13491 6.13491 6.13437
OP 35 0.523307 0.546935 0.376907 0.146926 0.345917 0.000112161
AC 35 3.92102 3.92102 3.9206
OP 36 0.520655 0.570866 0.394649 0.151519 0.337215 0.000100178
AC 36 6.42623 6.42623 6.4256
OP 37 0.513751 0.558308 0.37674 0.143747 0.344184 0.000111494
AC 37 4.10649 4.10649 4.10604
OP 38 0.513854 0.552829 0.386898 0.144752 0.340672 0.000105616
AC 38 2.04704 2.04704 2.04658
OP 39 0.507364 0.565382 0.393395 0.137584 0.33524 0.000101108
AC 39 3.94583 3.94583 3.94526
OP 40 0.528544 0.568657 0.386723 0.150474 0.34068 0.000105191
AC 40 5.92473 5.92473 5.92418
OP 41 0.524748 0.559133 0.3905 0.146947 0.338984 0.00010382
AC 41 4.89881 4.89881 4.89832
OP 42 0.52229 0.554708 0.389007 0.146702 0.340792 0.00010467
AC 42 3.60051 3.60051 3.60004
OP 43 0.518373 0.572193 0.399913 0.147837 0.333562 9.73297E-05
AC 43 5.00365 5.00365 5.00302
OP 44 0.526825 0.564234 0.388454 0.14093 0.339653 0.000104012
AC 44 4.02327 4.02327 4.02276
OP 45 0.532576 0.554073 0.382406 0.146968 0.340691 0.000108166
AC 45 4.3207 4.3207 4.32025
OP 46 0.511697 0.563845 0.381626 0.144281 0.343 0.000108275
AC 46 4.90421 4.90421 4.90371
OP 47 0.521983 0.554387 0.38462 0.145113 0.339756 0.000107241
AC 47 4.00423 4.00423 4.00377
OP 48 0.532335 0.562984 0.383986 0.154378 0.33997 0.000106431
AC 48 6.28534 6.28534 6.28476
OP 49 0.525911 0.546532 0.374433 0.146833 0.3464 0.00011352
AC 49 3.36617 3.36617 3.36577
OP 50 0.514837 0.562736 0.390412 0.144271 0.337073 0.000102816
AC 50 3.45903 3.45903 3.4585
OP 51 0.525042 0.562423 0.385281 0.149943 0.340132 0.000106077
AC 51 4.2858 4.2858 4.28529
OP 52 0.516182 0.567823 0.384688 0.149352 0.338437 0.000105812
AC 52 5.38842 5.38842 5.38787
OP 53 0.529681 0.56068 0.382722 0.152745 0.341396 0.000107499
AC 53 5.40687 5.40687 5.40635
OP 54 0.51812 0.543789 0.378213 0.135582 0.34349 0.000111359
AC 54 -0.727889 -0.727889 -0.728299
OP 55 0.510671 0.552529 0.376643 0.141319 0.34657 0.000111819
AC 55 2.34178 2.34178 2.34135
OP 56 0.52457 0.565164 0.384224 0.15182 0.34131 0.000107148
AC 56 5.94115 5.94115 5.94065
OP 57 0.508647 0.55697 0.392371 0.144559 0.338663 0.000102539
AC 57 2.94723 2.94723 2.94673
OP 58 0.524829 0.556593 0.387363 0.144652 0.33988 0.000105368
AC 58 3.1768 3.1768 3.17633
OP 59 0.516278 0.571256 0.385116 0.151801 0.342067 0.000105969
AC 59 5.75224 5.75224 5.75169
OP 60 0.509198 0.554571 0.381628 0.139673 0.343047 0.000108643
AC 60 2.86875 2.86875 2.8683
OP 61 0.524815 0.564732 0.397586 0.150178 0.337881 9.90925E-05
AC 61 5.03566 5.03566 5.03509
OP 62 0.525243 0.54818 0.379124 0.138423 0.344676 0.000111333
AC 62 2.03251 2.03251 2.03209
OP 63 0.515113 0.577167 0.397731 0.142767 0.33536 9.81828E-05
AC 63 5.87909 5.87909 5.87842
OP 64 0.508353 0.560373 0.393084 0.132914 0.33607 0.000101948
AC 64 1.61526 1.61526 1.61474
OP 65 0.516939 0.558598 0.379855 0.145212 0.342338 0.000109426
AC 65 4.47211 4.47211 4.47164
OP 66 0.526361 0.56626 0.395542 0.148032 0.336986 0.000100248
AC 66 5.51394 5.51394 5.51334
OP 67 0.5374 0.557989 0.383359 0.153911 0.34236 0.00010724
AC 67 5.54548 5.54548 5.54498
OP 68 0.507581 0.572216 0.392232 0.143919 0.338034 0.00010162
AC 68 4.5069 4.5069 4.50629
OP 69 0.535388 0.564794 0.39032 0.158191 0.336899 0.000102893
AC 69 5.71211 5.71211 5.71159
OP 70 0.512652 0.575085 0.403566 0.151016 0.332028 9.55261E-05
AC 70 5.31636 5.31636 5.31573
OP 71 0.524356 0.570928 0.395545 0.151912 0.334534 9.95017E-05
AC 71 6.26482 6.26482 6.2642
OP 72 0.503551 0.562792 0.397773 0.143664 0.334925 9.91497E-05
AC 72 3.19149 3.19149 3.19093
OP 73 0.531313 0.572086 0.381807 0.16089 0.339145 0.000107219
AC 73 7.27291 7.27291 7.27232
OP 74 0.517245 0.561771 0.394902 0.140526 0.334141 0.000100998
AC 74 3.55895 3.55895 3.55843
OP 75 0.515845 0.556873 0.387813 0.147315 0.340485 0.000104665
AC 75 4.24216 4.24216 4.24166
OP 76 0.518691 0.557641 0.37796 0.147809 0.346344 0.000111117
AC 76 4.49574 4.49574 4.49528
OP 77 0.526861 0.561535 0.374685 0.148736 0.34701 0.000112652
AC 77 5.15654 5.15654 5.15606
OP 78 0.519443 0.5698 0.38623 0.154528 0.339674 0.000105446
AC 78 6.14258 6.14258 6.14201
OP 79 0.528717 0.563503 0.391491 0.153799 0.339644 0.000102648
AC 79 5.56969 5.56969 5.56915
OP 80 0.528441 0.56449 0.382031 0.152669 0.341613 0.000108399
AC 80 6.13681 6.13681 6.1363
OP 81 0.510664 0.577927 0.400297 0.150663 0.333748 9.66005E-05
AC 81 6.17409 6.17409 6.17341
OP 82 0.516794 0.549523 0.377736 0.147593 0.346712 0.000111282
AC 82 3.63754 3.63754 3.63711
OP 83 0.518171 0.554712 0.380053 0.145421 0.344344 0.000109795
AC 83 4.04034 4.04034 4.0399
OP 84 0.523247 0.55771 0.380135 0.144449 0.345938 0.000109825
AC 84 4.4585 4.4585 4.45802
OP 85 0.530753 0.556877 0.379323 0.151389 0.345008 0.000110322
AC 85 4.95363 4.95363 4.95318
OP 86 0.53051 0.558274 0.384466 0.147797 0.341032 0.000106467
AC 86 5.27276 5.27276 5.27227
OP 87 0.526668 0.568973 0.394697 0.155294 0.336345 0.000100212
AC 87 6.05292 6.05292 6.05233
OP 88 0.541249 0.5727 0.395696 0.153821 0.33425 9.94974E-05
AC 88 5.90373 5.90373 5.90313
OP 89 0.525732 0.562262 0.395121 0.149815 0.337852 9.99812E-05
AC 89 4.66291 4.66291 4.66235
OP 90 0.521357 0.552829 0.371905 0.133527 0.347735 0.000114643
AC 90 2.67516 2.67516 2.67471
OP 91 0.529567 0.578179 0.397555 0.148993 0.334223 9.75871E-05
AC 91 6.51853 6.51853 6.51787
OP 92 0.531429 0.560323 0.382851 0.1502 0.343586 0.000107848
AC 92 5.11377 5.11377 5.11328
OP 93 0.52817 0.546927 0.371607 0.141606 0.346146 0.000115486
AC 93 2.48096 2.48096 2.48058
OP 94 0.538707 0.564084 0.386527 0.155685 0.339182 0.000104955
AC 94 6.48755 6.48755 6.48702
OP 95 0.522557 0.552086 0.386051 0.139335 0.343132 0.000106804
AC 95 -0.104431 -0.104431 -0.104879
OP 96 0.525358 0.555583 0.386029 0.151682 0.342912 0.000105932
AC 96 3.82029 3.82029 3.81981
OP 97 0.522287 0.562711 0.376433 0.149689 0.343125 0.000110723
AC 97 5.98377 5.98377 5.98326
OP 98 0.527064 0.562059 0.38264 0.150478 0.340432 0.000107405
AC 98 5.18623 5.18623 5.18573
OP 99 0.522367 0.543137 0.380787 0.138036 0.344236 0.000110248
AC 99 0.747822 0.747822 0.747408
OP 100 0.529945 0.54539 0.373089 0.147541 0.348401 0.000114352
AC 100 4.1181 4.1181 4.11769
OP 101 0.512903 0.565935 0.394047 0.149493 0.338794 0.000101148
AC 101 4.4624 4.4624 4.46185
OP 102 0.535436 0.561786 0.392192 0.152908 0.334903 0.000102227
AC 102 4.73545 4.73545 4.73494
OP 103 0.544218 0.54871 0.380516 0.151991 0.343972 0.000109634
AC 103 3.86167 3.86167 3.86123
OP 104 0.523445 0.56151 0.382522 0.148646 0.34257 0.000107119
AC 104 5.06396 5.06396 5.06343
OP 105 0.506882 0.567465 0.391001 0.146758 0.338027 0.00010264
AC 105 5.55281 5.55281 5.55223
OP 106 0.515271 0.561044 0.393088 0.137432 0.336766 0.000102154
AC 106 2.19604 2.19604 2.19552
OP 107 0.524314 0.559242 0.382243 0.145343 0.342714 0.000107931
AC 107 4.33283 4.33283 4.33233
OP 108 0.525574 0.565959 0.382801 0.155572 0.340839 0.00010732
AC 108 6.39574 6.39574 6.39521
OP 109 0.537906 0.564656 0.385454 0.15089 0.340415 0.000105138
AC 109 6.07699 6.07699 6.07642
OP 110 0.508801 0.551818 0.383314 0.142408 0.344583 0.000108389
AC 110 2.88734 2.88734 2.88689
OP 111 0.544229 0.560262 0.389958 0.160925 0.339477 0.000103438
AC 111 5.58351 5.58351 5.58299
OP 112 0.519691 0.56717 0.396443 0.149314 0.336178 0.000100112
AC 112 5.31529 5.31529 5.3147
OP 113 0.517234 0.550365 0.375201 0.142695 0.345939 0.000112543
AC 113 3.14924 3.14924 3.1488
OP 114 0.524933 0.543032 0.381391 0.147745 0.34543 0.000109149
AC 114 2.37703 2.37703 2.37662
OP 115 0.532772 0.576844 0.395604 0.159688 0.337616 9.96517E-05
AC 115 6.32709 6.32709 6.32647
OP 116 0.518552 0.547416 0.377036 0.142463 0.341485 0.000111829
AC 116 3.42977 3.42977 3.42933
OP 117 0.521453 0.568245 0.387716 0.147769 0.336471 0.000104656
AC 117 4.85195 4.85195 4.85143
OP 118 0.526444 0.55182 0.380696 0.150146 0.344056 0.000109499
AC 118 4.04013 4.04013 4.0397
OP 119 0.528347 0.541225 0.378714 0.154215 0.343095 0.000110768
AC 119 2.85798 2.85798 2.85757
OP 120 0.530524 0.552588 0.382288 0.142144 0.341976 0.000108148
AC 120 3.1484 3.1484 3.14794
OP 121 0.531958 0.542593 0.37027 0.143894 0.346624 0.000116431
AC 121 2.47262 2.47262 2.47223
OP 122 0.533135 0.540565 0.374983 0.140852 0.348033 0.000113465
AC 122 1.77918 1.77918 1.7788
OP 123 0.51864 0.556663 0.381086 0.141043 0.343305 0.000108713
AC 123 3.64993 3.64993 3.64945
OP 124 0.534982 0.551633 0.382192 0.156593 0.342462 0.000108465
AC 124 4.72534 4.72534 4.72491
OP 125 0.525163 0.561895 0.39293 0.151582 0.335688 0.000102104
AC 125 4.83207 4.83207 4.83154
OP 126 0.511785 0.566521 0.397266 0.148195 0.33878 9.93495E-05
AC 126 5.26278 5.26278 5.2622
OP 127 0.52265 0.558035 0.375259 0.144756 0.34505 0.000112284
AC 127 5.67671 5.67671 5.67626
OP 128 0.532689 0.538349 0.367136 0.142805 0.353267 0.00011872
AC 128 2.58118 2.58118 2.58081
OP 129 0.518987 0.563099 0.381098 0.148163 0.34148 0.000108445
AC 129 5.90566 5.90566 5.90515
OP 130 0.538619 0.543424 0.376444 0.155241 0.344537 0.000112333
AC 130 4.20723 4.20723 4.20681
OP 131 0.534234 0.557941 0.385008 0.155947 0.342391 0.000106492
AC 131 5.6083 5.6083 5.6078
OP 132 0.530743 0.547198 0.383345 0.143579 0.341788 0.000108209
AC 132 3.34669 3.34669 3.34623
OP 133 0.529698 0.575414 0.397057 0.16005 0.333502 9.85784E-05
AC 133 6.58864 6.58864 6.58798
OP 134 0.530847 0.551333 0.381171 0.152094 0.344073 0.000109113
AC 134 4.38553 4.38553 4.3851
OP 135 0.515673 0.560103 0.387396 0.148393 0.340503 0.00010522
AC 135 4.50806 4.50806 4.50754
OP 136 0.526548 0.562752 0.383533 0.154559 0.342574 0.00010712
AC 136 5.99599 5.99599 5.99549
OP 137 0.511299 0.554683 0.385025 0.149027 0.341194 0.000106112
AC 137 4.47577 4.47577 4.47527
OP 138 0.526683 0.563658 0.388745 0.153185 0.338128 0.00010385
AC 138 5.23668 5.23668 5.23613
OP 139 0.518219 0.567589 0.397718 0.153518 0.335436 9.88126E-05
AC 139 5.683 5.683 5.68241
OP 140 0.501939 0.565327 0.38474 0.132602 0.3416 0.000105799
AC 140 3.56319 3.56319 3.56264
OP 141 0.520109 0.559294 0.385178 0.15035 0.34386 0.000106621
AC 141 5.02168 5.02168 5.0212
OP 142 0.519112 0.555004 0.388886 0.138202 0.340932 0.000104407
AC 142 2.95301 2.95301 2.95248
OP 143 0.524877 0.54432 0.377635 0.142652 0.345081 0.000111239
AC 143 1.57929 1.57929 1.57887
OP 144 0.521416 0.565167 0.379744 0.151917 0.34216 0.000108746
AC 144 6.68372 6.68372 6.68322
OP 145 0.530567 0.562558 0.393701 0.155273 0.336207 0.000101217
AC 145 5.1593 5.1593 5.15876
OP 146 0.531062 0.564456 0.382257 0.154059 0.341584 0.000107642
AC 146 6.45047 6.45047 6.44993
OP 147 0.52121 0.545548 0.388324 0.144057 0.340492 0.00010534
AC 147 2.14893 2.14893 2.14849
OP 148 0.523937 0.548589 0.378916 0.144985 0.345898 0.000110784
AC 148 3.35573 3.35573 3.3553
OP 149 0.536793 0.558453 0.380782 0.154214 0.34274 0.000109527
AC 149 6.08061 6.08061 6.08013
OP 150 0.514685 0.565478 0.377649 0.144228 0.343421 0.000110446
AC 150 6.02242 6.02242 6.02187
OP 151 0.522316 0.571978 0.393065 0.155963 0.338813 0.000100717
AC 151 6.25938 6.25938 6.25879
OP 152 0.536257 0.551036 0.378528 0.147504 0.343542 0.000110525
AC 152 4.58255 4.58255 4.5821
OP 153 0.521099 0.556923 0.387804 0.142632 0.340884 0.000105052
AC 153 3.36009 3.36009 3.35958
OP 154 0.529195 0.557522 0.381927 0.145639 0.342168 0.000108611
AC 154 4.81209 4.81209 4.81161
OP 155 0.505608 0.557571 0.378148 0.139788 0.344 0.00011157
AC 155 2.06645 2.06645 2.06604
OP 156 0.54618 0.563243 0.396102 0.154775 0.335611 0.000100025
AC 156 4.48442 4.48442 4.48385
OP 157 0.525868 0.54875 0.37374 0.141471 0.349008 0.000114136
AC 157 3.3247 3.3247 3.3243
OP 158 0.511507 0.563776 0.382111 0.149288 0.344928 0.000108265
AC 158 4.29178 4.29178 4.2913
OP 159 0.525961 0.554547 0.386178 0.146885 0.341444 0.00010633
AC 159 4.19106 4.19106 4.19057
OP 160 0.514652 0.551998 0.376272 0.139687 0.349114 0.000112236
AC 160 3.39556 3.39556 3.39511
OP 161 0.512816 0.567812 0.392391 0.147434 0.336767 0.000101975
AC 161 5.10102 5.10102 5.10045
OP 162 0.530088 0.555364 0.374533 0.144694 0.346405 0.000113246
AC 162 4.58592 4.58592 4.58547
OP 163 0.504496 0.551355 0.384377 0.137921 0.342605 0.000107534
AC 163 1.87982 1.87982 1.87938
OP 164 0.532139 0.555344 0.374094 0.148366 0.346575 0.000112813
AC 164 4.38715 4.38715 4.3867
OP 165 0.530292 0.566231 0.392133 0.163865 0.335704 0.000101985
AC 165 5.6867 5.6867 5.68617
OP 166 0.522775 0.556541 0.380916 0.143762 0.344577 0.000108468
AC 166 4.78448 4.78448 4.78398
OP 167 0.524693 0.55961 0.38718 0.147936 0.340672 0.000104933
AC 167 4.12295 4.12295 4.12245
OP 168 0.528423 0.554314 0.379706 0.152311 0.345332 0.000109923
AC 168 4.56743 4.56743 4.567
OP 169 0.509436 0.561819 0.394261 0.145342 0.339777 0.000100933
AC 169 4.2854 4.2854 4.28485
OP 170 0.524478 0.545791 0.379414 0.140346 0.346194 0.000110336
AC 170 -0.704035 -0.704035 -0.70444
OP 171 0.531146 0.572424 0.396869 0.151464 0.335749 9.84915E-05
AC 171 5.46935 5.46935 5.46869
OP 172 0.519063 0.547389 0.382408 0.137771 0.34349 0.000109004
AC 172 0.411437 0.411437 0.411008
OP 173 0.514038 0.557389 0.385896 0.146924 0.340387 0.000106151
AC 173 4.3655 4.3655 4.36502
OP 174 0.51259 0.554637 0.382224 0.14309 0.341584 0.000108696
AC 174 2.84558 2.84558 2.84513
OP 175 0.51394 0.565762 0.387035 0.143717 0.338827 0.000104758
AC 175 4.48377 4.48377 4.48323
OP 176 0.530881 0.549235 0.384899 0.148647 0.343271 0.000107358
AC 176 3.00545 3.00545 3.00502
OP 177 0.524408 0.554248 0.382147 0.146556 0.344639 0.000108238
AC 177 4.887 4.887 4.88652
OP 178 0.545228 0.555417 0.387202 0.153618 0.337857 0.000105583
AC 178 4.33943 4.33943 4.33896
OP 179 0.513049 0.559391 0.387163 0.140685 0.340353 0.000105146
AC 179 3.66118 3.66118 3.66068
OP 180 0.520094 0.56194 0.395367 0.14919 0.338663 0.000100485
AC 180 3.91847 3.91847 3.91794
OP 181 0.496477 0.577967 0.387655 0.135051 0.340248 0.000104109
AC 181 4.50666 4.50666 4.50605
OP 182 0.524356 0.563812 0.384745 0.149502 0.339963 0.000106534
AC 182 5.43085 5.43085 5.43033
OP 183 0.535465 0.549873 0.38374 0.151869 0.340692 0.000107807
AC 183 3.78119 3.78119 3.78076
OP 184 0.52571 0.565898 0.390692 0.160656 0.338569 0.000102669
AC 184 6.02013 6.02013 6.01956
OP 185 0.529903 0.562626 0.387923 0.151707 0.341114 0.000104659
AC 185 5.77903 5.77903 5.7785
OP 186 0.521392 0.555942 0.389237 0.148308 0.341268 0.000103928
AC 186 4.16562 4.16562 4.16513
OP 187 0.529255 0.5604 0.381132 0.16185 0.341129 0.000108657
AC 187 7.01731 7.01731 7.0168
OP 188 0.520516 0.551726 0.385538 0.141315 0.340615 0.000106938
AC 188 3.64987 3.64987 3.64938
OP 189 0.529191 0.570426 0.391233 0.157915 0.336672 0.000102156
AC 189 6.67988 6.67988 6.67929
OP 190 0.520432 0.556336 0.386774 0.14194 0.340358 0.000105291
AC 190 2.9599 2.9599 2.95943
OP 191 0.496462 0.572092 0.389298 0.13224 0.339879 0.000103315
AC 191 4.31988 4.31988 4.31928
OP 192 0.532904 0.551047 0.377611 0.148734 0.344083 0.000111367
AC 192 4.36841 4.36841 4.36796
OP 193 0.519914 0.554053 0.388315 0.143531 0.340125 0.000104732
AC 193 2.64798 2.64798 2.64751
OP 194 0.518674 0.573754 0.379624 0.141272 0.340596 0.000108383
AC 194 6.17535 6.17535 6.17477
OP 195 0.50555 0.551401 0.382937 0.136971 0.343963 0.00010813
AC 195 0.74892 0.74892 0.748465
OP 196 0.537191 0.551288 0.376089 0.148217 0.343588 0.000112508
AC 196 4.79177 4.79177 4.79134
OP 197 0.525083 0.565286 0.382956 0.146954 0.342245 0.000107252
AC 197 5.9932 5.9932 5.99267
OP 198 0.52535 0.561142 0.398914 0.144092 0.336082 9.84404E-05
AC 198 3.26613 3.26613 3.26555
OP 199 0.518553 0.561084 0.382884 0.143553 0.341748 0.000107612
AC 199 4.58882 4.58882 4.58833
OP 200 0.535291 0.551269 0.375552 0.147993 0.348411 0.00011221
AC 200 3.96501 3.96501 3.96459
OP 201 0.513977 0.559267 0.387766 0.1472 0.339346 0.000104516
AC 201 3.91344 3.91344 3.91295
OP 202 0.534901 0.56388 0.385481 0.146875 0.340902 0.000105845
AC 202 4.82902 4.82902 4.82852
OP 203 0.52545 0.552992 0.388337 0.149769 0.339212 0.000104553
AC 203 4.18739 4.18739 4.18691
OP 204 0.518838 0.562431 0.389063 0.146358 0.338901 0.000103641
AC 204 3.76313 3.76313 3.76259
OP 205 0.523834 0.555779 0.377715 0.154762 0.346325 0.00011098
AC 205 5.26188 5.26188 5.26144
OP 206 0.522385 0.552825 0.372861 0.13858 0.346338 0.00011424
AC 206 3.55274 3.55274 3.5523
OP 207 0.524985 0.547662 0.379076 0.136222 0.344559 0.000110672
AC 207 0.640989 0.640989 0.64056
OP 208 0.5283 0.552611 0.378742 0.146455 0.344624 0.000110444
AC 208 4.14918 4.14918 4.14873
OP 209 0.522982 0.553345 0.38889 0.151294 0.336476 0.000104719
AC 209 4.73006 4.73006 4.72957
OP 210 0.522533 0.546268 0.379452 0.141632 0.344653 0.000111134
AC 210 2.27889 2.27889 2.27847
OP 211 0.524191 0.548848 0.380226 0.13863 0.344018 0.000109882
AC 211 1.72844 1.72844 1.72801
OP 212 0.523706 0.562354 0.391599 0.148186 0.337001 0.000101973
AC 212 4.57615 4.57615 4.57561
OP 213 0.523111 0.549116 0.372788 0.145542 0.348337 0.000114625
AC 213 3.11461 3.11461 3.11423
OP 214 0.531457 0.550718 0.380405 0.145517 0.344787 0.000109915
AC 214 4.52939 4.52939 4.52891
OP 215 0.529782 0.559419 0.382817 0.155319 0.341163 0.000107681
AC 215 5.75655 5.75655 5.75604
OP 216 0.532333 0.563181 0.39648 0.147113 0.335386 9.97149E-05
AC 216 4.43883 4.43883 4.43825
OP 217 0.521038 0.556299 0.381105 0.150289 0.340809 0.000108803
AC 217 4.83388 4.83388 4.83341
OP 218 0.531599 0.55093 0.38113 0.145649 0.342127 0.000109217
AC 218 3.79738 3.79738 3.79694
OP 219 0.517223 0.56665 0.382856 0.142702 0.34229 0.000107844
AC 219 5.31867 5.31867 5.31811
OP 220 0.518904 0.555394 0.39626 0.146665 0.335506 0.000100357
AC 220 1.96546 1.96546 1.96497
OP 221 0.519015 0.568884 0.386682 0.143045 0.340519 0.000105286
AC 221 4.2674 4.2674 4.26688
OP 222 0.518341 0.555259 0.373769 0.140456 0.34768 0.000113321
AC 222 3.26988 3.26988 3.26942
OP 223 0.524139 0.546218 0.38493 0.149781 0.340312 0.00010739
AC 223 2.33257 2.33257 2.33216
OP 224 0.511865 0.556444 0.388658 0.146563 0.342421 0.000104807
AC 224 3.41675 3.41675 3.41629
OP 225 0.528882 0.552666 0.395387 0.150321 0.336432 0.000100863
AC 225 2.34447 2.34447 2.34395
OP 226 0.514788 0.566985 0.386708 0.148131 0.341396 0.000104823
AC 226 4.28855 4.28855 4.28803
OP 227 0.522896 0.573883 0.38544 0.145477 0.338888 0.000104729
AC 227 6.32048 6.32048 6.31988
OP 228 0.544792 0.540025 0.381548 0.153625 0.343487 0.000109585
AC 228 3.63896 3.63896 3.63856
OP 229 0.513868 0.548938 0.378396 0.143569 0.344405 0.000110954
AC 229 2.61977 2.61977 2.61933
OP 230 0.521444 0.556029 0.380161 0.149869 0.34231 0.000109
AC 230 4.85666 4.85666 4.85618
OP 231 0.508151 0.548434 0.388066 0.139596 0.341142 0.00010554
AC 231 1.08006 1.08006 1.07962
OP 232 0.522344 0.556879 0.373009 0.149326 0.344839 0.000113433
AC 232 5.80889 5.80889 5.80841
OP 233 0.520518 0.55985 0.39081 0.141989 0.337936 0.000102965
AC 233 5.05452 5.05452 5.05395
OP 234 0.517955 0.559092 0.388771 0.147533 0.339707 0.000104354
AC 234 4.26032 4.26032 4.2598
OP 235 0.525583 0.562383 0.387288 0.149873 0.341708 0.0001048
AC 235 5.05317 5.05317 5.05261
OP 236 0.525973 0.554553 0.380604 0.139949 0.340641 0.000109462
AC 236 3.50386 3.50386 3.50337
OP 237 0.520235 0.558349 0.386811 0.146615 0.339119 0.000105943
AC 237 4.22828 4.22828 4.22778
OP 238 0.542609 0.549157 0.376626 0.152916 0.345665 0.000112574
AC 238 5.78563 5.78563 5.78517
OP 239 0.502966 0.560041 0.382852 0.135993 0.33975 0.000108038
AC 239 3.06289 3.06289 3.06239
OP 240 0.526549 0.554801 0.37685 0.143105 0.34207 0.000111333
AC 240 4.67408 4.67408 4.67362
OP 241 0.512211 0.557529 0.381769 0.142143 0.343405 0.000108765
AC 241 3.42442 3.42442 3.42393
OP 242 0.531729 0.556206 0.387018 0.145594 0.341354 0.000105248
AC 242 4.10324 4.10324 4.10275
OP 243 0.522694 0.554914 0.376911 0.14407 0.344259 0.000111254
AC 243 2.96476 2.96476 2.96433
OP 244 0.527427 0.564162 0.388823 0.149583 0.339519 0.000103754
AC 244 5.5124 5.5124 5.51182
OP 245 0.530945 0.554258 0.383741 0.148482 0.343461 0.000107002
AC 245 4.31866 4.31866 4.31817
OP 246 0.519353 0.561352 0.386319 0.149875 0.341252 0.000105366
AC 246 5.26539 5.26539 5.26488
OP 247 0.528947 0.563237 0.391651 0.154216 0.338186 0.000102491
AC 247 5.24169 5.24169 5.24117
OP 248 0.530115 0.559534 0.380301 0.147541 0.344116 0.000109422
AC 248 4.93934 4.93934 4.93887
OP 249 0.52837 0.568007 0.385059 0.154614 0.34055 0.00010577
AC 249 6.42854 6.42854 6.42801
OP 250 0.519639 0.553086 0.380719 0.144538 0.341622 0.000109087
AC 250 2.80458 2.80458 2.80413
OP 251 0.524978 0.550343 0.376395 0.149701 0.345526 0.000112302
AC 251 3.93025 3.93025 3.92985
OP 252 0.520165 0.56205 0.384434 0.15166 0.340151 0.00010681
AC 252 5.44613 5.44613 5.44563
OP 253 0.535097 0.563494 0.385263 0.149605 0.340618 0.000106358
AC 253 6.18297 6.18297 6.18242
OP 254 0.517355 0.559739 0.395874 0.150536 0.335555 0.000100091
AC 254 4.1212 4.1212 4.12067
OP 255 0.54011 0.553631 0.372555 0.149696 0.344855 0.000113847
AC 255 5.00181 5.00181 5.00137
OP 256 0.534536 0.565815 0.38896 0.150441 0.340097 0.000104075
AC 256 5.9102 5.9102 5.90962
OP 257 0.522099 0.558915 0.384699 0.154656 0.340801 0.000106754
AC 257 5.2551 5.2551 5.25461
OP 258 0.523715 0.558926 0.389683 0.14239 0.339264 0.000104617
AC 258 2.96361 2.96361 2.96313
OP 259 0.523884 0.559442 0.384478 0.149053 0.340778 0.000106925
AC 259 4.86572 4.86572 4.86523
OP 260 0.536147 0.560443 0.387997 0.156483 0.340348 0.000104686
AC 260 5.65309 5.65309 5.65259
OP 261 0.52385 0.563477 0.389913 0.150531 0.340502 0.000103217
AC 261 5.30212 5.30212 5.30157
OP 262 0.516294 0.560756 0.390211 0.147366 0.340981 0.000103819
AC 262 4.10466 4.10466 4.10415
OP 263 0.536943 0.57164 0.395215 0.158651 0.333921 9.95042E-05
AC 263 5.94372 5.94372 5.94309
OP 264 0.523255 0.558965 0.380122 0.145289 0.343528 0.00010967
AC 264 4.84715 4.84715 4.84669
OP 265 0.519871 0.555575 0.377849 0.145846 0.344457 0.00011071
AC 265 3.55333 3.55333 3.55285
OP 266 0.520186 0.560086 0.392764 0.147056 0.336598 0.000101846
AC 266 4.22755 4.22755 4.22701
OP 267 0.529839 0.556807 0.380504 0.150108 0.343837 0.000109276
AC 267 3.95087 3.95087 3.9504
OP 268 0.54639 0.564549 0.395639 0.150784 0.335911 9.96976E-05
AC 268 5.49881 5.49881 5.49821
OP 269 0.520746 0.556116 0.38393 0.149345 0.344204 0.000107309
AC 269 4.03006 4.03006 4.02961
OP 270 0.512476 0.561262 0.381113 0.140811 0.343467 0.000108416
AC 270 4.51012 4.51012 4.50959
OP 271 0.527667 0.577571 0.391238 0.151171 0.33764 0.000101796
AC 271 6.90792 6.90792 6.90725
OP 272 0.51686 0.55417 0.373597 0.14642 0.345827 0.000113741
AC 272 5.01954 5.01954 5.0191
OP 273 0.519028 0.546395 0.375168 0.144371 0.345694 0.000113287
AC 273 3.43243 3.43243 3.43201
OP 274 0.525171 0.537475 0.367987 0.137541 0.348486 0.000118269
AC 274 -0.0917401 -0.0917401 -0.0920892
OP 275 0.520252 0.563839 0.39397 0.145727 0.33618 0.000101186
AC 275 4.47864 4.47864 4.4781
OP 276 0.522223 0.560107 0.389009 0.148618 0.339884 0.000103975
AC 276 4.48674 4.48674 4.48623
OP 277 0.521374 0.548801 0.383666 0.142661 0.342968 0.000107688
AC 277 3.17561 3.17561 3.17513
OP 278 0.513789 0.555521 0.393455 0.139826 0.337973 0.000101499
AC 278 2.29407 2.29407 2.29356
OP 279 0.514112 0.55182 0.385609 0.138419 0.343587 0.000107071
AC 279 2.18939 2.18939 2.18891
OP 280 0.533897 0.566193 0.387686 0.159469 0.336428 0.000104251
AC 280 6.29116 6.29116 6.29063
OP 281 0.541417 0.564823 0.39181 0.152447 0.338159 0.00010182
AC 281 5.02267 5.02267 5.0221
OP 282 0.512022 0.574106 0.393098 0.148888 0.33635 0.00010116
AC 282 5.9094 5.9094 5.90879
OP 283 0.534903 0.545494 0.373602 0.154248 0.34636 0.000114315
AC 283 4.29106 4.29106 4.29067
OP 284 0.50463 0.573542 0.399125 0.146507 0.334392 9.76808E-05
AC 284 5.35369 5.35369 5.35306
OP 285 0.511222 0.564795 0.379493 0.14357 0.342251 0.000110129
AC 285 3.54412 3.54412 3.54366
OP 286 0.530619 0.552513 0.381501 0.143052 0.342949 0.000109249
AC 286 3.72121 3.72121 3.72076
OP 287 0.510162 0.560971 0.384583 0.141076 0.341406 0.000106437
AC 287 3.9291 3.9291 3.92859
OP 288 0.527306 0.55812 0.378925 0.150208 0.342511 0.000109667
AC 288 5.65598 5.65598 5.65546
OP 289 0.514453 0.551913 0.378443 0.13455 0.345195 0.000111053
AC 289 2.37125 2.37125 2.37079
OP 290 0.529277 0.560409 0.382997 0.143875 0.342317 0.000108217
AC 290 4.59561 4.59561 4.5951
OP 291 0.531135 0.559046 0.381445 0.147447 0.341529 0.000108914
AC 291 5.25126 5.25126 5.25078
OP 292 0.524316 0.56258 0.395929 0.153241 0.337994 0.000100182
AC 292 5.24015 5.24015 5.2396
OP 293 0.522786 0.553352 0.385561 0.145281 0.341935 0.000106856
AC 293 3.98076 3.98076 3.9803
OP 294 0.521192 0.564238 0.390006 0.146323 0.340048 0.000103774
AC 294 4.74077 4.74077 4.74024
OP 295 0.509916 0.560782 0.379947 0.137012 0.34117 0.000109596
AC 295 3.33731 3.33731 3.33681
OP 296 0.525092 0.573746 0.39441 0.1537 0.334039 0.000100487
AC 296 4.52185 4.52185 4.52127
OP 297 0.526287 0.556127 0.383945 0.15122 0.339999 0.000106838
AC 297 5.31715 5.31715 5.31663
OP 298 0.522651 0.562023 0.392474 0.147982 0.337183 0.000101767
AC 298 4.67049 4.67049 4.66994
OP 299 0.523739 0.555789 0.377663 0.143656 0.343513 0.000110604
AC 299 3.66864 3.66864 3.6682
