OP 0 0.51368 0.491662 0.299089 0.0799872 0.395289 0.000111748
AC 0 -5.22835 -5.22835 -5.22905
OP 1 0.536492 0.481281 0.306192 0.0904493 0.38904 0.00010752
AC 1 -22.8767 -22.8767 -22.8773
OP 2 0.512264 0.495238 0.310438 0.0814835 0.387097 0.000103907
AC 2 -21.3997 -21.3997 -21.4005
OP 3 0.512167 0.502375 0.306973 0.0843274 0.388693 0.000105832
AC 3 -10.0202 -10.0202 -10.021
OP 4 0.518767 0.485386 0.302638 0.0787642 0.393038 0.00010986
AC 4 -6.09069 -6.09069 -6.09135
OP 5 0.517223 0.496104 0.317427 0.0877989 0.38439 9.91231E-05
AC 5 -5.28376 -5.28376 -5.28461
OP 6 0.542898 0.471362 0.285372 0.0853906 0.400777 0.000122831
AC 6 -0.917959 -0.917959 -0.91845
OP 7 0.532152 0.488829 0.298279 0.0870241 0.393131 0.000112698
AC 7 -18.8604 -18.8604 -18.8611
OP 8 0.518797 0.497377 0.298407 0.083219 0.391862 0.000111899
AC 8 -8.2703 -8.2703 -8.27104
OP 9 0.536864 0.48406 0.303217 0.091614 0.388432 0.000109625
AC 9 -12.2996 -12.2996 -12.3002
OP 10 0.528109 0.482388 0.294605 0.0807421 0.396386 0.00011556
AC 10 2.04273 2.04273 2.04216
OP 11 0.530206 0.492987 0.298132 0.0896471 0.391427 0.000112226
AC 11 -5.90672 -5.90672 -5.9074
OP 12 0.516334 0.501239 0.307351 0.084296 0.388922 0.000105892
AC 12 -8.59216 -8.59216 -8.59295
OP 13 0.538643 0.493175 0.301009 0.0955672 0.39108 0.000110088
AC 13 0.268343 0.268343 0.26764
OP 14 0.529003 0.482608 0.297506 0.0835479 0.393953 0.00011448
AC 14 -3.87079 -3.87079 -3.87139
OP 15 0.520631 0.501063 0.302178 0.0878801 0.389585 0.000109197
AC 15 -7.36236 -7.36236 -7.36309
OP 16 0.515528 0.496042 0.313884 0.0831603 0.38662 0.000102319
AC 16 -13.7414 -13.7414 -13.7421
OP 17 0.508141 0.494144 0.29789 0.0818895 0.394443 0.000112976
AC 17 -20.9661 -20.9661 -20.9668
OP 18 0.513035 0.48459 0.295759 0.0813746 0.394576 0.000114339
AC 18 -3.46412 -3.46412 -3.46475
OP 19 0.540118 0.472626 0.302166 0.0976992 0.391953 0.000110856
AC 19 -18.6391 -18.6391 -18.6397
OP 20 0.534963 0.490833 0.30159 0.0904922 0.392487 0.000110167
AC 20 -5.41595 -5.41595 -5.41665
OP 21 0.52802 0.488335 0.300829 0.0849924 0.390775 0.00011104
AC 21 -24.496 -24.496 -24.4967
OP 22 0.523542 0.482126 0.296128 0.0869525 0.39625 0.000114714
AC 22 -7.09011 -7.09011 -7.09069
OP 23 0.521238 0.501059 0.30602 0.0894865 0.387673 0.000105855
AC 23 -0.156063 -0.156063 -0.156931
OP 24 0.526055 0.496062 0.30127 0.0874982 0.391539 0.000110011
AC 24 -4.068 -4.068 -4.06877
OP 25 0.525543 0.480135 0.291977 0.0791886 0.396474 0.000117129
AC 25 -1.6184 -1.6184 -1.61899
OP 26 0.523122 0.481748 0.297993 0.0781866 0.391782 0.000112573
AC 26 -0.807407 -0.807407 -0.808033
OP 27 0.527434 0.485778 0.293499 0.0895233 0.396636 0.000115622
AC 27 -10.9694 -10.9694 -10.97
OP 28 0.519334 0.486617 0.29708 0.0822326 0.394299 0.000113919
AC 28 -5.103 -5.103 -5.1036
OP 29 0.525081 0.503757 0.31751 0.0913593 0.3842 9.89978E-05
AC 29 -1.78888 -1.78888 -1.78972
OP 30 0.537436 0.479213 0.288885 0.0919201 0.395584 0.000119912
AC 30 -12.5718 -12.5718 -12.5724
OP 31 0.52291 0.488828 0.308542 0.0886308 0.388049 0.000106222
AC 31 -21.6485 -21.6485 -21.6491
OP 32 0.533161 0.484162 0.29396 0.0924977 0.393381 0.000115773
AC 32 -14.7845 -14.7845 -14.785
OP 33 0.523754 0.487164 0.291459 0.0829421 0.395082 0.000117435
AC 33 -25.559 -25.559 -25.5597
OP 34 0.534524 0.485349 0.290777 0.0865445 0.394196 0.000117037
AC 34 -11.5485 -11.5485 -11.5491
OP 35 0.516983 0.492513 0.301681 0.0833982 0.393891 0.000110161
AC 35 -40.9365 -40.9365 -40.9371
OP 36 0.520976 0.484813 0.303241 0.0832909 0.389744 0.000109741
AC 36 -2.73729 -2.73729 -2.7379
OP 37 0.526098 0.484539 0.293868 0.0842245 0.396258 0.000116746
AC 37 -7.93396 -7.93396 -7.93454
OP 38 0.519015 0.479337 0.282902 0.0791856 0.400693 0.000123671
AC 38 -2.21268 -2.21268 -2.21322
OP 39 0.537122 0.484162 0.302088 0.0907587 0.392842 0.000110107
AC 39 -7.48545 -7.48545 -7.48612
OP 40 0.523826 0.471573 0.301362 0.0831643 0.393685 0.000111539
AC 40 2.89474 2.89474 2.89421
OP 41 0.525662 0.487569 0.304563 0.0827882 0.390061 0.000108054
AC 41 -8.82027 -8.82027 -8.82097
OP 42 0.512849 0.490717 0.297042 0.0809048 0.39386 0.000113887
AC 42 -11.5999 -11.5999 -11.6006
OP 43 0.530569 0.491729 0.303005 0.0900974 0.390603 0.000108927
AC 43 -19.6719 -19.6719 -19.6726
OP 44 0.522826 0.486749 0.30543 0.0823078 0.392454 0.000108002
AC 44 -2.01953 -2.01953 -2.02018
OP 45 0.518692 0.484247 0.292546 0.0849064 0.394299 0.000116787
AC 45 -29.399 -29.399 -29.3996
OP 46 0.519714 0.479091 0.307554 0.0837133 0.392682 0.000107593
AC 46 -0.843517 -0.843517 -0.844104
OP 47 0.522623 0.489994 0.30711 0.0851775 0.391445 0.000106623
AC 47 -17.8895 -17.8895 -17.8902
OP 48 0.505751 0.4783 0.294102 0.0753585 0.396084 0.000116821
AC 48 6.3829 6.3829 6.38238
OP 49 0.523876 0.49191 0.295331 0.0921361 0.393743 0.000114272
AC 49 -2.68736 -2.68736 -2.68805
OP 50 0.538941 0.487285 0.290263 0.0930226 0.396387 0.000117694
AC 50 -3.30256 -3.30256 -3.30321
OP 51 0.530768 0.474405 0.285615 0.0826836 0.398092 0.000122196
AC 51 0.921909 0.921909 0.9214
OP 52 0.531023 0.488421 0.304513 0.0835548 0.389077 0.000108284
AC 52 -7.1064 -7.1064 -7.10708
OP 53 0.515784 0.492138 0.300758 0.0808861 0.391998 0.000110774
AC 53 -22.1394 -22.1394 -22.1401
OP 54 0.518694 0.499372 0.307468 0.0906413 0.389056 0.000105489
AC 54 -0.45608 -0.45608 -0.456923
OP 55 0.540134 0.470224 0.294891 0.0828418 0.39532 0.000116181
AC 55 2.83089 2.83089 2.83038
OP 56 0.528377 0.48932 0.291461 0.0914408 0.394946 0.000117334
AC 56 -6.88952 -6.88952 -6.89017
OP 57 0.519278 0.494578 0.305786 0.0865522 0.389925 0.000107027
AC 57 -12.9396 -12.9396 -12.9404
OP 58 0.512705 0.485836 0.295554 0.079952 0.393997 0.000114574
AC 58 -2.4288 -2.4288 -2.42944
OP 59 0.506435 0.49419 0.3068 0.0841093 0.389421 0.00010597
AC 59 -19.6448 -19.6448 -19.6455
OP 60 0.528669 0.495029 0.311832 0.0837904 0.384936 0.000103332
AC 60 -5.91034 -5.91034 -5.91105
OP 61 0.520697 0.474866 0.286926 0.0795086 0.397331 0.000122097
AC 61 2.28926 2.28926 2.28877
OP 62 0.534058 0.487965 0.301567 0.0895943 0.391327 0.000110648
AC 62 -10.1517 -10.1517 -10.1524
OP 63 0.520773 0.479807 0.293887 0.0806245 0.395563 0.000116614
AC 63 -2.53882 -2.53882 -2.5394
OP 64 0.52936 0.489997 0.311146 0.0907202 0.385795 0.000103552
AC 64 -7.67558 -7.67558 -7.6763
OP 65 0.522006 0.489527 0.298145 0.0876534 0.391352 0.000113026
AC 65 -7.39167 -7.39167 -7.39235
OP 66 0.518369 0.485765 0.291118 0.0826747 0.395165 0.00011771
AC 66 -13.0695 -13.0695 -13.0701
OP 67 0.538549 0.475715 0.295384 0.0850467 0.394056 0.000115353
AC 67 -5.53914 -5.53914 -5.53971
OP 68 0.529013 0.479829 0.297694 0.0936791 0.391607 0.00011418
AC 68 -19.9343 -19.9343 -19.9349
OP 69 0.527586 0.472006 0.294635 0.0904125 0.395659 0.000116547
AC 69 -15.1683 -15.1683 -15.1689
OP 70 0.515773 0.475743 0.294941 0.0795889 0.397309 0.000115878
AC 70 3.24386 3.24386 3.24329
OP 71 0.526997 0.481934 0.302952 0.0822186 0.393769 0.000109815
AC 71 -1.8336 -1.8336 -1.83423
OP 72 0.528892 0.481308 0.295374 0.0843079 0.393153 0.000115173
AC 72 -5.04413 -5.04413 -5.04474
OP 73 0.515534 0.492047 0.307334 0.0873831 0.390756 0.000106512
AC 73 -7.27115 -7.27115 -7.27188
OP 74 0.52209 0.486292 0.302383 0.0794703 0.390794 0.000109933
AC 74 -4.21325 -4.21325 -4.21391
OP 75 0.526305 0.494617 0.305292 0.0893574 0.390461 0.000107512
AC 75 -6.70942 -6.70942 -6.71014
OP 76 0.53014 0.486798 0.300557 0.0914391 0.392647 0.000110649
AC 76 -7.67952 -7.67952 -7.68017
OP 77 0.537217 0.487695 0.288255 0.0845761 0.397584 0.000119709
AC 77 -19.1047 -19.1047 -19.1053
OP 78 0.518394 0.490469 0.297431 0.079266 0.39402 0.00011257
AC 78 0.230279 0.230279 0.229622
OP 79 0.5192 0.49323 0.306855 0.0964885 0.390393 0.00010637
AC 79 -0.804511 -0.804511 -0.80524
OP 80 0.534719 0.479335 0.304476 0.0893336 0.391169 0.000109183
AC 80 -12.0505 -12.0505 -12.0511
OP 81 0.532657 0.495794 0.311749 0.0960738 0.385443 0.000103281
AC 81 -2.46372 -2.46372 -2.46447
OP 82 0.530267 0.493695 0.298403 0.0885149 0.394008 0.00011208
AC 82 -5.90054 -5.90054 -5.90124
OP 83 0.520199 0.499703 0.316017 0.0934646 0.382571 9.96573E-05
AC 83 -1.77366 -1.77366 -1.7745
OP 84 0.531904 0.494027 0.299942 0.0899779 0.392535 0.000110952
AC 84 -4.46261 -4.46261 -4.46329
OP 85 0.523734 0.484085 0.303007 0.0838887 0.392308 0.000110015
AC 85 -4.78973 -4.78973 -4.79033
OP 86 0.529903 0.488865 0.304371 0.091313 0.388608 0.000108855
AC 86 -7.21108 -7.21108 -7.21177
OP 87 0.527204 0.481735 0.290424 0.0805895 0.394434 0.00011798
AC 87 -1.71702 -1.71702 -1.71761
OP 88 0.52666 0.484837 0.301655 0.0887801 0.394452 0.000110932
AC 88 -12.9954 -12.9954 -12.996
OP 89 0.530369 0.478265 0.296015 0.0804129 0.394787 0.000114662
AC 89 2.97602 2.97602 2.97545
OP 90 0.523822 0.490141 0.302043 0.089956 0.389655 0.000109405
AC 90 -4.59622 -4.59622 -4.59696
OP 91 0.523091 0.486202 0.298816 0.087259 0.392229 0.000112122
AC 91 -22.6384 -22.6384 -22.6391
OP 92 0.521888 0.479706 0.290595 0.0786175 0.394819 0.000118755
AC 92 0.240353 0.240353 0.239779
OP 93 0.511054 0.482484 0.293687 0.0794683 0.395387 0.0001155
AC 93 0.163591 0.163591 0.163008
OP 94 0.518955 0.494282 0.30205 0.08605 0.390139 0.000109257
AC 94 -11.4392 -11.4392 -11.4399
OP 95 0.531749 0.48828 0.306 0.0890687 0.391206 0.000107162
AC 95 -28.3726 -28.3726 -28.3733
OP 96 0.521719 0.489868 0.296407 0.0861601 0.394499 0.000114153
AC 96 -18.211 -18.211 -18.2117
OP 97 0.506124 0.5008 0.307282 0.0794348 0.390492 0.000106203
AC 97 -13.2915 -13.2915 -13.2923
OP 98 0.499755 0.485377 0.300769 0.0749182 0.393939 0.000111547
AC 98 -0.0357785 -0.0357785 -0.0364258
OP 99 0.528194 0.490317 0.311692 0.0896903 0.389083 0.000103665
AC 99 -7.87625 -7.87625 -7.87698
OP 100 0.520598 0.487805 0.298967 0.0862094 0.391297 0.000112035
AC 100 -21.7428 -21.7428 -21.7434
OP 101 0.527438 0.479434 0.294484 0.0851867 0.393888 0.000115944
AC 101 -4.33709 -4.33709 -4.33766
OP 102 0.517681 0.482937 0.292904 0.0819148 0.395857 0.000116275
AC 102 -5.9371 -5.9371 -5.93769
OP 103 0.524715 0.497221 0.306848 0.085156 0.389107 0.000106609
AC 103 -7.951 -7.951 -7.9518
OP 104 0.531648 0.497932 0.299976 0.0905547 0.391666 0.000110492
AC 104 -1.25401 -1.25401 -1.25477
OP 105 0.536905 0.489071 0.313323 0.0933178 0.386828 0.000102774
AC 105 -7.77295 -7.77295 -7.77367
OP 106 0.528238 0.492552 0.298287 0.0888797 0.393533 0.000112158
AC 106 -4.65121 -4.65121 -4.65192
OP 107 0.524897 0.485644 0.307423 0.0831792 0.387195 0.000106861
AC 107 -8.08878 -8.08878 -8.08945
OP 108 0.525266 0.506662 0.315066 0.0926083 0.384978 0.000100229
AC 108 2.05312 2.05312 2.05216
OP 109 0.524512 0.479998 0.300593 0.0806036 0.393371 0.000110944
AC 109 1.87722 1.87722 1.87663
OP 110 0.525864 0.485379 0.305272 0.08406 0.391566 0.00010815
AC 110 -9.34089 -9.34089 -9.34158
OP 111 0.515116 0.483955 0.296205 0.0821041 0.392123 0.000114666
AC 111 -3.37043 -3.37043 -3.37099
OP 112 0.518805 0.490734 0.286883 0.0802693 0.397172 0.000120583
AC 112 -3.22164 -3.22164 -3.22222
OP 113 0.538087 0.498115 0.306695 0.100936 0.388153 0.000105667
AC 113 2.73841 2.73841 2.7376
OP 114 0.535296 0.488235 0.304418 0.0885771 0.391077 0.000108101
AC 114 -15.1487 -15.1487 -15.1493
OP 115 0.514203 0.484584 0.313047 0.0860678 0.38965 0.000103041
AC 115 -8.04958 -8.04958 -8.05025
OP 116 0.530412 0.487546 0.28469 0.0900685 0.397663 0.00012224
AC 116 -12.8975 -12.8975 -12.898
OP 117 0.527269 0.487325 0.297698 0.0926053 0.39437 0.000112927
AC 117 -8.82155 -8.82155 -8.82216
OP 118 0.540991 0.475075 0.291772 0.0816677 0.395491 0.000117334
AC 118 -0.64907 -0.64907 -0.649661
OP 119 0.518818 0.485929 0.294732 0.0811172 0.39371 0.000114662
AC 119 -3.72374 -3.72374 -3.72434
OP 120 0.525031 0.474251 0.289369 0.0831891 0.396149 0.000119633
AC 120 -0.531023 -0.531023 -0.531525
OP 121 0.535761 0.496044 0.295688 0.0921754 0.394413 0.000114211
AC 121 -2.31081 -2.31081 -2.31153
OP 122 0.519916 0.493099 0.303766 0.0846331 0.391326 0.000108897
AC 122 -36.7395 -36.7395 -36.7402
OP 123 0.519866 0.498994 0.302937 0.0900703 0.390229 0.000108633
AC 123 -4.82036 -4.82036 -4.82109
OP 124 0.514372 0.481939 0.297737 0.083622 0.39608 0.000113756
AC 124 -8.82448 -8.82448 -8.82505
OP 125 0.517538 0.490646 0.303962 0.0877561 0.390935 0.000108926
AC 125 -14.9024 -14.9024 -14.9031
OP 126 0.524636 0.495822 0.311999 0.0893064 0.385852 0.00010292
AC 126 -5.08608 -5.08608 -5.08685
OP 127 0.520349 0.495847 0.310595 0.0900057 0.385487 0.000103989
AC 127 -5.08717 -5.08717 -5.08798
OP 128 0.513689 0.483862 0.287038 0.073546 0.39878 0.000120557
AC 128 5.25381 5.25381 5.25326
OP 129 0.520307 0.492481 0.305378 0.0885505 0.388471 0.000107817
AC 129 -12.5486 -12.5486 -12.5492
OP 130 0.52977 0.492784 0.304657 0.0828226 0.389777 0.00010774
AC 130 -15.8874 -15.8874 -15.8882
OP 131 0.524906 0.482125 0.302776 0.0853816 0.391289 0.000109938
AC 131 -5.17585 -5.17585 -5.17644
OP 132 0.521736 0.493729 0.295985 0.0928847 0.394627 0.000114144
AC 132 -0.936271 -0.936271 -0.936943
OP 133 0.515189 0.491176 0.296533 0.0854466 0.392289 0.000113857
AC 133 -25.2822 -25.2822 -25.2829
OP 134 0.537876 0.481694 0.296805 0.0865607 0.392208 0.000114087
AC 134 -18.4688 -18.4688 -18.4694
OP 135 0.518712 0.479671 0.297527 0.0821233 0.394886 0.000113665
AC 135 -0.468062 -0.468062 -0.468627
OP 136 0.538058 0.486893 0.293315 0.0940588 0.393368 0.000115537
AC 136 -2.97466 -2.97466 -2.97529
OP 137 0.537821 0.479618 0.287405 0.0889833 0.399672 0.000120917
AC 137 -16.0995 -16.0995 -16.1
OP 138 0.504453 0.486123 0.311574 0.0817353 0.389439 0.000104171
AC 138 1.73741 1.73741 1.73678
OP 139 0.525365 0.487276 0.3011 0.0830933 0.391705 0.000110735
AC 139 -9.29843 -9.29843 -9.29908
OP 140 0.506111 0.482946 0.292486 0.0751016 0.397285 0.00011649
AC 140 3.65526 3.65526 3.65468
OP 141 0.514749 0.496533 0.298872 0.0886562 0.393597 0.000112059
AC 141 -2.77263 -2.77263 -2.77337
OP 142 0.534912 0.485648 0.300916 0.0861339 0.39243 0.000110825
AC 142 -19.1734 -19.1734 -19.174
OP 143 0.521829 0.487856 0.293178 0.075581 0.394774 0.000115955
AC 143 2.20775 2.20775 2.20712
OP 144 0.524475 0.501258 0.304872 0.0933233 0.390747 0.0001073
AC 144 -0.425492 -0.425492 -0.42625
OP 145 0.517749 0.482297 0.307796 0.0837777 0.390605 0.000106925
AC 145 0.237513 0.237513 0.236942
OP 146 0.52899 0.485782 0.299659 0.080082 0.391992 0.000111681
AC 146 -0.969251 -0.969251 -0.96987
OP 147 0.532816 0.476671 0.292865 0.0842737 0.396832 0.000117562
AC 147 -1.91736 -1.91736 -1.91791
OP 148 0.524877 0.473973 0.293478 0.0798538 0.3985 0.000116999
AC 148 3.69383 3.69383 3.69331
OP 149 0.529862 0.4765 0.298229 0.0833455 0.39705 0.000113056
AC 149 0.0602753 0.0602753 0.0597062
OP 150 0.537693 0.486092 0.299478 0.0948995 0.390782 0.000111285
AC 150 -3.60013 -3.60013 -3.60078
OP 151 0.532138 0.489385 0.298277 0.0884078 0.390062 0.000111943
AC 151 -20.6567 -20.6567 -20.6573
OP 152 0.518718 0.468868 0.300421 0.0782218 0.394687 0.000112753
AC 152 4.03558 4.03558 4.03504
OP 153 0.52241 0.481534 0.291429 0.0886351 0.396956 0.000117877
AC 153 -23.3172 -23.3172 -23.3178
OP 154 0.537401 0.481443 0.305921 0.0895107 0.38783 0.000108151
AC 154 -12.068 -12.068 -12.0686
OP 155 0.531858 0.490587 0.312312 0.0922509 0.387801 0.000103456
AC 155 -10.0981 -10.0981 -10.0988
OP 156 0.518185 0.477278 0.290772 0.082533 0.398668 0.000119035
AC 156 -0.482094 -0.482094 -0.482591
OP 157 0.526764 0.479599 0.282337 0.0896528 0.399143 0.000124591
AC 157 -29.0779 -29.0779 -29.0784
OP 158 0.528377 0.475209 0.292282 0.0850564 0.393861 0.000117799
AC 158 -2.04761 -2.04761 -2.04813
OP 159 0.50639 0.488949 0.303266 0.0761911 0.391896 0.000109311
AC 159 0.9841 0.9841 0.983432
OP 160 0.51402 0.485544 0.310661 0.0799855 0.389341 0.000104746
AC 160 -2.15353 -2.15353 -2.15421
OP 161 0.52292 0.478655 0.28999 0.0868266 0.397166 0.000119755
AC 161 -13.9483 -13.9483 -13.9489
OP 162 0.529079 0.496496 0.299437 0.088309 0.391112 0.000111132
AC 162 -4.85542 -4.85542 -4.85614
OP 163 0.544256 0.476601 0.296482 0.0918061 0.395024 0.000114227
AC 163 -14.6479 -14.6479 -14.6485
OP 164 0.52781 0.502713 0.308918 0.0918171 0.389258 0.000104396
AC 164 0.823241 0.823241 0.822407
OP 165 0.532863 0.498796 0.304177 0.0925592 0.389677 0.000108176
AC 165 0.0647076 0.0647076 0.0639129
OP 166 0.527637 0.486267 0.295999 0.0885738 0.394297 0.000114376
AC 166 -10.3823 -10.3823 -10.3829
OP 167 0.524433 0.49231 0.306238 0.0882251 0.387545 0.000107515
AC 167 -33.7018 -33.7018 -33.7024
OP 168 0.529002 0.490107 0.298321 0.0841182 0.393241 0.000112478
AC 168 -5.27201 -5.27201 -5.27263
OP 169 0.538924 0.480323 0.287544 0.0893906 0.399433 0.000120501
AC 169 -33.8132 -33.8132 -33.8138
OP 170 0.534905 0.489508 0.29381 0.0861585 0.395733 0.000115977
AC 170 -14.9569 -14.9569 -14.9576
OP 171 0.531863 0.493724 0.306812 0.0853753 0.390088 0.000106626
AC 171 -29.5839 -29.5839 -29.5846
OP 172 0.53323 0.488847 0.287242 0.0891602 0.396413 0.000120464
AC 172 -18.1436 -18.1436 -18.1442
OP 173 0.533503 0.501223 0.324955 0.0983521 0.38195 9.42767E-05
AC 173 0.597031 0.597031 0.596123
OP 174 0.538498 0.493284 0.301329 0.0848724 0.390629 0.000110146
AC 174 -30.9973 -30.9973 -30.998
OP 175 0.537279 0.489963 0.311142 0.0877007 0.387486 0.000104244
AC 175 -27.6553 -27.6553 -27.656
OP 176 0.510316 0.484809 0.301154 0.0796786 0.39371 0.000111417
AC 176 -0.833633 -0.833633 -0.834254
OP 177 0.537333 0.481094 0.299843 0.0946582 0.392305 0.000112649
AC 177 -12.5047 -12.5047 -12.5053
OP 178 0.516832 0.490556 0.296975 0.0890354 0.393046 0.000113301
AC 178 -6.11695 -6.11695 -6.1176
OP 179 0.516832 0.478682 0.289824 0.0758942 0.395761 0.000118702
AC 179 5.29099 5.29099 5.29046
OP 180 0.531311 0.487792 0.293136 0.0868798 0.391759 0.000116409
AC 180 -28.8509 -28.8509 -28.8515
OP 181 0.528579 0.487945 0.304034 0.0865182 0.390101 0.000108637
AC 181 -12.2811 -12.2811 -12.2818
OP 182 0.520588 0.481309 0.294197 0.0831659 0.395467 0.000115732
AC 182 -2.13824 -2.13824 -2.1388
OP 183 0.535625 0.498964 0.310522 0.0904063 0.387366 0.000103494
AC 183 -1.83959 -1.83959 -1.8404
OP 184 0.522811 0.475703 0.287171 0.075826 0.399587 0.000121329
AC 184 5.00725 5.00725 5.00674
OP 185 0.516831 0.494061 0.303185 0.0823872 0.389851 0.000108799
AC 185 -17.4321 -17.4321 -17.4328
OP 186 0.529934 0.492253 0.301965 0.0847651 0.391973 0.000109468
AC 186 -11.2694 -11.2694 -11.2701
OP 187 0.508582 0.501449 0.313048 0.0846809 0.387009 0.000101863
AC 187 -10.0735 -10.0735 -10.0743
OP 188 0.523897 0.497913 0.302774 0.0936036 0.392549 0.000108968
AC 188 -2.20674 -2.20674 -2.20747
OP 189 0.527416 0.489607 0.303168 0.0883315 0.388418 0.000108624
AC 189 -12.8927 -12.8927 -12.8934
OP 190 0.531455 0.480886 0.298466 0.0839238 0.392742 0.000113174
AC 190 -2.85176 -2.85176 -2.85235
OP 191 0.530975 0.485243 0.307272 0.0932706 0.389757 0.000106541
AC 191 -9.75297 -9.75297 -9.75362
OP 192 0.524961 0.482777 0.298143 0.0844059 0.391415 0.000112613
AC 192 -6.21066 -6.21066 -6.21128
OP 193 0.524627 0.485189 0.303965 0.0908823 0.390897 0.000109054
AC 193 -15.6807 -15.6807 -15.6814
OP 194 0.511256 0.487841 0.300136 0.0826707 0.393889 0.000111258
AC 194 -5.36283 -5.36283 -5.36348
OP 195 0.532661 0.482204 0.298014 0.0924377 0.39619 0.000113044
AC 195 -9.04916 -9.04916 -9.04977
OP 196 0.525053 0.492963 0.294945 0.0796437 0.397054 0.00011447
AC 196 -11.5535 -11.5535 -11.5541
OP 197 0.518979 0.501808 0.307683 0.0902327 0.389061 0.000105483
AC 197 -1.86521 -1.86521 -1.86604
OP 198 0.510718 0.494036 0.31013 0.0867875 0.389257 0.000104607
AC 198 -14.8435 -14.8435 -14.8442
OP 199 0.518173 0.491944 0.303931 0.0917257 0.387833 0.000108161
AC 199 -7.59155 -7.59155 -7.59225
OP 200 0.53026 0.482147 0.297399 0.09105 0.395109 0.000113858
AC 200 -7.41779 -7.41779 -7.41841
OP 201 0.517737 0.493223 0.298939 0.0812179 0.395585 0.000112148
AC 201 -10.6065 -10.6065 -10.6072
OP 202 0.528094 0.483269 0.309178 0.0947966 0.388081 0.000105922
AC 202 -15.1302 -15.1302 -15.1308
OP 203 0.519093 0.484003 0.307372 0.0870357 0.390818 0.000106859
AC 203 -10.6812 -10.6812 -10.6818
OP 204 0.527105 0.496129 0.304777 0.0926366 0.389289 0.000107725
AC 204 -6.59541 -6.59541 -6.59609
OP 205 0.522368 0.482022 0.300274 0.0868559 0.393116 0.0001118
AC 205 -8.26813 -8.26813 -8.26873
OP 206 0.540378 0.474211 0.294742 0.0926916 0.393631 0.000116188
AC 206 -35.9413 -35.9413 -35.9418
OP 207 0.509802 0.490323 0.286542 0.0848275 0.397577 0.000120146
AC 207 -24.8544 -24.8544 -24.855
OP 208 0.5302 0.485979 0.304858 0.0900747 0.389532 0.000107936
AC 208 -9.60411 -9.60411 -9.60478
OP 209 0.51665 0.497594 0.302214 0.0886694 0.389977 0.000108978
AC 209 -6.24637 -6.24637 -6.24709
OP 210 0.516427 0.483029 0.298081 0.0803304 0.394378 0.000112602
AC 210 -12.2976 -12.2976 -12.2982
OP 211 0.521205 0.476957 0.292743 0.0799834 0.395669 0.000116927
AC 211 2.92554 2.92554 2.92499
OP 212 0.516023 0.487786 0.304535 0.085221 0.387674 0.0001085
AC 212 -22.3223 -22.3223 -22.323
OP 213 0.522986 0.495157 0.304253 0.089977 0.392915 0.00010771
AC 213 -3.99274 -3.99274 -3.99347
OP 214 0.525192 0.495809 0.309369 0.0882202 0.388272 0.000105024
AC 214 -7.19541 -7.19541 -7.19615
OP 215 0.524332 0.483167 0.303089 0.0820771 0.392682 0.000109481
AC 215 -0.424206 -0.424206 -0.424819
OP 216 0.514591 0.485197 0.297269 0.083415 0.395304 0.000113655
AC 216 -3.55882 -3.55882 -3.55942
OP 217 0.518048 0.47859 0.293559 0.0828645 0.394979 0.000116551
AC 217 -1.25333 -1.25333 -1.25388
OP 218 0.544202 0.480378 0.300864 0.0963648 0.390446 0.000111072
AC 218 -5.61623 -5.61623 -5.61687
OP 219 0.515495 0.494604 0.306984 0.0837872 0.389374 0.000106188
AC 219 -9.59481 -9.59481 -9.59557
OP 220 0.521895 0.490678 0.30535 0.0917201 0.388304 0.000107851
AC 220 -10.1059 -10.1059 -10.1066
OP 221 0.530903 0.495647 0.298641 0.0887876 0.39037 0.000112019
AC 221 -8.78395 -8.78395 -8.78467
OP 222 0.508442 0.490623 0.297581 0.0845802 0.395423 0.000113168
AC 222 -24.4847 -24.4847 -24.4854
OP 223 0.518273 0.496565 0.313053 0.0866644 0.385878 0.000102603
AC 223 -4.43263 -4.43263 -4.43341
OP 224 0.543554 0.483066 0.296105 0.0940482 0.393084 0.000114449
AC 224 -4.54039 -4.54039 -4.54102
OP 225 0.525296 0.491783 0.30318 0.0864934 0.390229 0.000108688
AC 225 -17.3707 -17.3707 -17.3715
OP 226 0.519959 0.481584 0.292495 0.0824677 0.399021 0.000117068
AC 226 -2.48924 -2.48924 -2.48983
OP 227 0.526293 0.494694 0.317162 0.0885167 0.383415 9.96398E-05
AC 227 -15.9852 -15.9852 -15.9859
OP 228 0.530892 0.49695 0.312811 0.09637 0.388219 0.000102694
AC 228 -1.63192 -1.63192 -1.63271
OP 229 0.524143 0.488847 0.298154 0.089652 0.393347 0.000112769
AC 229 -9.0923 -9.0923 -9.09294
OP 230 0.522001 0.488095 0.300538 0.0872929 0.390911 0.000111174
AC 230 -27.1528 -27.1528 -27.1535
OP 231 0.519944 0.502894 0.306192 0.083188 0.388717 0.0001066
AC 231 -5.24163 -5.24163 -5.24248
OP 232 0.522196 0.493765 0.298637 0.0782682 0.393704 0.000112203
AC 232 -6.66346 -6.66346 -6.66415
OP 233 0.514817 0.493522 0.303711 0.085167 0.390416 0.000108738
AC 233 -24.4194 -24.4194 -24.4201
OP 234 0.527351 0.500644 0.304668 0.0946283 0.38967 0.000106949
AC 234 2.0992 2.0992 2.09837
OP 235 0.532916 0.480899 0.293385 0.087117 0.394979 0.000116295
AC 235 -24.2283 -24.2283 -24.2289
OP 236 0.521901 0.486365 0.295537 0.0786227 0.396447 0.000114797
AC 236 -1.56268 -1.56268 -1.5633
OP 237 0.54377 0.480464 0.303334 0.0947558 0.391268 0.000109394
AC 237 -17.0155 -17.0155 -17.0161
OP 238 0.539286 0.477326 0.294782 0.0953771 0.395592 0.000115642
AC 238 -24.4415 -24.4415 -24.442
OP 239 0.526589 0.471936 0.287018 0.0818136 0.398862 0.000121329
AC 239 0.923366 0.923366 0.922837
OP 240 0.521781 0.48919 0.293049 0.0825934 0.394975 0.000116266
AC 240 -6.77389 -6.77389 -6.77452
OP 241 0.505491 0.485968 0.288776 0.0784701 0.396408 0.000120002
AC 241 -1.60698 -1.60698 -1.60757
OP 242 0.513501 0.498034 0.301224 0.0842941 0.390276 0.0001101
AC 242 -32.7736 -32.7736 -32.7743
OP 243 0.53496 0.475391 0.297381 0.0894287 0.39093 0.00011404
AC 243 -7.0669 -7.0669 -7.06744
OP 244 0.527161 0.484988 0.301037 0.0852362 0.392112 0.000111077
AC 244 -9.65558 -9.65558 -9.65619
OP 245 0.517287 0.488656 0.306099 0.0825138 0.393675 0.000107025
AC 245 -51.6715 -51.6715 -51.6716
OP 246 0.526912 0.479581 0.298438 0.0843532 0.39199 0.000113232
AC 246 -2.40245 -2.40245 -2.40304
OP 247 0.5253 0.486673 0.30105 0.081824 0.39153 0.000110815
AC 247 -5.03945 -5.03945 -5.0401
OP 248 0.520933 0.476574 0.287535 0.0785195 0.399221 0.000120661
AC 248 3.68081 3.68081 3.68032
OP 249 0.513035 0.499564 0.307473 0.0765676 0.388856 0.000105989
AC 249 -2.72168 -2.72168 -2.72241
OP 250 0.51824 0.489662 0.293791 0.0847628 0.394653 0.000115449
AC 250 -18.0862 -18.0862 -18.0868
OP 251 0.530642 0.479072 0.292583 0.0871861 0.39734 0.00011656
AC 251 -13.7594 -13.7594 -13.76
OP 252 0.545151 0.480086 0.303229 0.0962516 0.394214 0.000109753
AC 252 -8.09887 -8.09887 -8.09948
OP 253 0.531161 0.485434 0.29637 0.0846972 0.394889 0.000113932
AC 253 -6.55043 -6.55043 -6.55108
OP 254 0.521869 0.490639 0.287841 0.080313 0.397665 0.000119616
AC 254 -11.2504 -11.2504 -11.251
OP 255 0.536156 0.490043 0.301674 0.0872663 0.388253 0.000109786
AC 255 -12.5544 -12.5544 -12.5551
OP 256 0.510873 0.488092 0.300745 0.0772823 0.39234 0.000110688
AC 256 -2.70939 -2.70939 -2.71006
OP 257 0.530518 0.491778 0.302429 0.0834644 0.390224 0.000109413
AC 257 -12.0483 -12.0483 -12.049
OP 258 0.52823 0.480554 0.298507 0.0808716 0.391891 0.000113232
AC 258 -3.96474 -3.96474 -3.96532
OP 259 0.534843 0.477686 0.289205 0.0889338 0.396565 0.000120037
AC 259 -7.4555 -7.4555 -7.45601
OP 260 0.522528 0.489606 0.297954 0.0817908 0.391142 0.000112599
AC 260 -9.80937 -9.80937 -9.81002
OP 261 0.510295 0.486513 0.286442 0.0805952 0.396547 0.00012083
AC 261 -2.98929 -2.98929 -2.98982
OP 262 0.531116 0.477669 0.295376 0.083112 0.394372 0.000115278
AC 262 2.59661 2.59661 2.59611
OP 263 0.539214 0.493266 0.303065 0.0941779 0.389538 0.000108534
AC 263 -0.280616 -0.280616 -0.281352
OP 264 0.513797 0.489781 0.298935 0.078423 0.394369 0.000111988
AC 264 -2.91812 -2.91812 -2.91878
OP 265 0.543699 0.47688 0.291452 0.0854716 0.394497 0.000118105
AC 265 -6.40918 -6.40918 -6.40973
OP 266 0.529351 0.493698 0.298953 0.0831756 0.393012 0.000111832
AC 266 -16.5374 -16.5374 -16.5381
OP 267 0.528073 0.500621 0.308846 0.0836096 0.388197 0.000104911
AC 267 -20.372 -20.372 -20.3728
OP 268 0.497728 0.494137 0.312498 0.0702218 0.388551 0.000103044
AC 268 5.04525 5.04525 5.0445
OP 269 0.526657 0.48492 0.301268 0.0834245 0.392919 0.000111139
AC 269 -8.42933 -8.42933 -8.42998
OP 270 0.534119 0.49305 0.301868 0.0858059 0.389338 0.000109512
AC 270 -15.9994 -15.9994 -16.0002
OP 271 0.518476 0.471119 0.290019 0.0836584 0.396649 0.000119301
AC 271 0.927434 0.927434 0.926916
OP 272 0.519589 0.487297 0.29894 0.0844404 0.394456 0.000112262
AC 272 -13.4626 -13.4626 -13.4632
OP 273 0.507305 0.494 0.303153 0.0807331 0.390789 0.000109054
AC 273 -4.44759 -4.44759 -4.44828
OP 274 0.521577 0.492749 0.307015 0.0850869 0.389731 0.000106807
AC 274 -12.8928 -12.8928 -12.8935
OP 275 0.526699 0.499803 0.312579 0.0883669 0.384452 0.0001024
AC 275 -4.92142 -4.92142 -4.92225
OP 276 0.528859 0.485863 0.307002 0.085902 0.388603 0.000107252
AC 276 -8.69521 -8.69521 -8.69585
OP 277 0.523642 0.491789 0.299767 0.0871252 0.39236 0.000111153
AC 277 -29.7009 -29.7009 -29.7015
OP 278 0.517872 0.479147 0.296183 0.084503 0.395223 0.000114455
AC 278 -6.94411 -6.94411 -6.94468
OP 279 0.524236 0.486808 0.30737 0.0837572 0.390241 0.00010628
AC 279 -9.04128 -9.04128 -9.04193
OP 280 0.514995 0.490094 0.308989 0.0875663 0.387419 0.000104827
AC 280 -16.2771 -16.2771 -16.2778
OP 281 0.52997 0.484021 0.298916 0.0921084 0.390219 0.000112021
AC 281 -5.59951 -5.59951 -5.60018
OP 282 0.518903 0.474169 0.286432 0.0820431 0.400015 0.000121974
AC 282 1.66567 1.66567 1.66517
OP 283 0.534797 0.480921 0.289208 0.0849914 0.396949 0.000119558
AC 283 -7.95396 -7.95396 -7.95452
OP 284 0.519041 0.484304 0.302542 0.082763 0.393328 0.000109737
AC 284 -13.7038 -13.7038 -13.7045
OP 285 0.52837 0.497108 0.296125 0.088041 0.392877 0.000113499
AC 285 -4.01139 -4.01139 -4.01212
OP 286 0.52519 0.484765 0.301803 0.0813035 0.393315 0.000110522
AC 286 -2.51707 -2.51707 -2.51771
OP 287 0.523751 0.485154 0.317271 0.0886947 0.386512 0.000100687
AC 287 -17.0241 -17.0241 -17.0248
OP 288 0.530122 0.485646 0.292751 0.0909731 0.395725 0.000116583
AC 288 -13.402 -13.402 -13.4026
OP 289 0.517444 0.488634 0.309933 0.0772199 0.390328 0.000105267
AC 289 0.31703 0.31703 0.316344
OP 290 0.515837 0.49149 0.308699 0.0920053 0.389376 0.000105491
AC 290 -11.3937 -11.3937 -11.3944
OP 291 0.523643 0.496107 0.29969 0.0917579 0.3909 0.00011107
AC 291 -3.96819 -3.96819 -3.96888
OP 292 0.531097 0.482843 0.311873 0.0950341 0.386864 0.000104229
AC 292 -9.82701 -9.82701 -9.82766
OP 293 0.524501 0.481071 0.288009 0.0893313 0.398193 0.000120159
AC 293 -11.7533 -11.7533 -11.7539
OP 294 0.541494 0.504505 0.310121 0.100566 0.387339 0.000103343
AC 294 4.1688 4.1688 4.16791
OP 295 0.517956 0.491431 0.304127 0.0844084 0.391473 0.000108497
AC 295 -27.8105 -27.8105 -27.8112
OP 296 0.520988 0.474934 0.287261 0.0782429 0.398254 0.000121424
AC 296 5.22608 5.22608 5.22559
OP 297 0.534972 0.492457 0.301779 0.0862173 0.391855 0.000110082
AC 297 -8.24618 -8.24618 -8.2469
OP 298 0.528117 0.486129 0.305438 0.0890891 0.390607 0.000108021
AC 298 -15.1464 -15.1464 -15.1471
OP 299 0.530923 0.487771 0.29439 0.0928571 0.393355 0.000115435
AC 299 -5.07364 -5.07364 -5.07426
