OP 0 0.645615 0.705782 0.55024 0.239871 0.361474 0.000106011
AC 0 6.7715 6.7715 6.77089
OP 1 0.633196 0.711405 0.545352 0.229926 0.363265 0.000108458
AC 1 6.74084 6.74084 6.74024
OP 2 0.663429 0.706049 0.540713 0.232814 0.365628 0.000111438
AC 2 6.59192 6.59192 6.5913
OP 3 0.630885 0.705517 0.538061 0.228113 0.366524 0.000112709
AC 3 7.79322 7.79322 7.79267
OP 4 0.640041 0.714819 0.53607 0.229916 0.366087 0.000113458
AC 4 8.65706 8.65706 8.65641
OP 5 0.638954 0.707724 0.524368 0.230198 0.371665 0.000121056
AC 5 7.93496 7.93496 7.93441
OP 6 0.657221 0.717214 0.541438 0.244376 0.363053 0.000109781
AC 6 8.47078 8.47078 8.47009
OP 7 0.644469 0.720165 0.540413 0.230201 0.364935 0.000110633
AC 7 8.5858 8.5858 8.58512
OP 8 0.640042 0.7108 0.539027 0.234073 0.365952 0.000112508
AC 8 8.03777 8.03777 8.03714
OP 9 0.637522 0.706895 0.529074 0.22617 0.369443 0.00011853
AC 9 8.31236 8.31236 8.3118
OP 10 0.645578 0.718609 0.538057 0.23361 0.367005 0.000111918
AC 10 8.39619 8.39619 8.39554
OP 11 0.653053 0.706788 0.531703 0.233593 0.370028 0.000116927
AC 11 7.97598 7.97598 7.97541
OP 12 0.651613 0.721224 0.531709 0.235873 0.36653 0.000116123
AC 12 9.21956 9.21956 9.2189
OP 13 0.64216 0.710016 0.53444 0.235881 0.366526 0.000114327
AC 13 8.3542 8.3542 8.35362
OP 14 0.636756 0.708688 0.538507 0.231696 0.365167 0.000111738
AC 14 6.92742 6.92742 6.92681
OP 15 0.64839 0.706901 0.529764 0.226394 0.368066 0.000117812
AC 15 8.52443 8.52443 8.52387
OP 16 0.636272 0.708438 0.532565 0.226215 0.369937 0.000115839
AC 16 8.23174 8.23174 8.23113
OP 17 0.639919 0.723693 0.547027 0.231894 0.359685 0.000106426
AC 17 8.63733 8.63733 8.63657
OP 18 0.636326 0.716023 0.5387 0.231803 0.364684 0.000111657
AC 18 8.61331 8.61331 8.61264
OP 19 0.631874 0.703443 0.53188 0.225858 0.368447 0.00011685
AC 19 7.03242 7.03242 7.03188
OP 20 0.643347 0.712942 0.534681 0.229372 0.368045 0.000114043
AC 20 8.70016 8.70016 8.69953
OP 21 0.635654 0.70735 0.540346 0.227198 0.364249 0.000111188
AC 21 7.18064 7.18064 7.18008
OP 22 0.634571 0.707656 0.528861 0.226199 0.368691 0.000117784
AC 22 8.55429 8.55429 8.55372
OP 23 0.650913 0.708254 0.538745 0.238166 0.364389 0.000112611
AC 23 7.66396 7.66396 7.66341
OP 24 0.649955 0.719344 0.53748 0.237599 0.364903 0.000112522
AC 24 8.59716 8.59716 8.59654
OP 25 0.634316 0.726688 0.547885 0.234202 0.359817 0.000105569
AC 25 9.03308 9.03308 9.03232
OP 26 0.629756 0.705383 0.529543 0.225235 0.36881 0.000118034
AC 26 7.25443 7.25443 7.25389
OP 27 0.650519 0.705406 0.539908 0.235799 0.362844 0.000111931
AC 27 8.04438 8.04438 8.04377
OP 28 0.63778 0.712168 0.532458 0.236634 0.367119 0.000115336
AC 28 8.22033 8.22033 8.21971
OP 29 0.642668 0.709847 0.546918 0.230256 0.362519 0.000107091
AC 29 7.29794 7.29794 7.29728
OP 30 0.638343 0.706259 0.537942 0.22612 0.366686 0.000112439
AC 30 6.96966 6.96966 6.96905
OP 31 0.654149 0.713516 0.532487 0.232757 0.366674 0.000115971
AC 31 8.44991 8.44991 8.4493
OP 32 0.652288 0.714151 0.53419 0.23307 0.366213 0.000114606
AC 32 8.42871 8.42871 8.42808
OP 33 0.651625 0.715801 0.547754 0.240832 0.36168 0.000106363
AC 33 8.10568 8.10568 8.10495
OP 34 0.643988 0.700585 0.532771 0.230694 0.367497 0.000116144
AC 34 6.77555 6.77555 6.77501
OP 35 0.625933 0.717531 0.54214 0.22633 0.364565 0.000109448
AC 35 7.97309 7.97309 7.97245
OP 36 0.648369 0.710918 0.54348 0.239387 0.363224 0.000109576
AC 36 8.10681 8.10681 8.1062
OP 37 0.633987 0.714552 0.534837 0.226254 0.366846 0.00011475
AC 37 8.84597 8.84597 8.84536
OP 38 0.642773 0.705826 0.536032 0.235282 0.362691 0.000114348
AC 38 7.7715 7.7715 7.77092
OP 39 0.653411 0.70873 0.531155 0.235937 0.368673 0.000116287
AC 39 8.55806 8.55806 8.55748
OP 40 0.640474 0.696848 0.530422 0.222853 0.371484 0.000117513
AC 40 7.54594 7.54594 7.54542
OP 41 0.655775 0.714342 0.542928 0.239897 0.362286 0.000109561
AC 41 8.15095 8.15095 8.15032
OP 42 0.642167 0.718886 0.541931 0.243756 0.364035 0.000110012
AC 42 8.60582 8.60582 8.60516
OP 43 0.643582 0.712735 0.5417 0.234658 0.365605 0.00011059
AC 43 8.07638 8.07638 8.07574
OP 44 0.642784 0.705103 0.538711 0.230373 0.365024 0.000112619
AC 44 7.61552 7.61552 7.61492
OP 45 0.653789 0.704742 0.537311 0.240648 0.36596 0.000113813
AC 45 7.86407 7.86407 7.86353
OP 46 0.657341 0.706642 0.544676 0.240948 0.361596 0.000109165
AC 46 7.21999 7.21999 7.21942
OP 47 0.653423 0.703122 0.532314 0.229873 0.372281 0.000116677
AC 47 7.69503 7.69503 7.69449
OP 48 0.65534 0.716521 0.551347 0.23462 0.357152 0.000104228
AC 48 8.57015 8.57015 8.56945
OP 49 0.651877 0.711362 0.534988 0.238877 0.364259 0.00011359
AC 49 8.93042 8.93042 8.9298
OP 50 0.641936 0.719044 0.53956 0.233668 0.365776 0.000111114
AC 50 8.30805 8.30805 8.30739
OP 51 0.664554 0.707622 0.535234 0.238687 0.365785 0.000114097
AC 51 8.24783 8.24783 8.24722
OP 52 0.647671 0.713417 0.530703 0.231519 0.367773 0.000116475
AC 52 8.90802 8.90802 8.90742
OP 53 0.632779 0.706152 0.542593 0.232778 0.366776 0.00011054
AC 53 7.24931 7.24931 7.24873
OP 54 0.644028 0.707109 0.530238 0.228869 0.36725 0.000117632
AC 54 7.99075 7.99075 7.99019
OP 55 0.642528 0.704264 0.532763 0.232569 0.36963 0.000116056
AC 55 7.8647 7.8647 7.86415
OP 56 0.640522 0.730985 0.5486 0.242365 0.359923 0.000105216
AC 56 9.15219 9.15219 9.15141
OP 57 0.637576 0.722275 0.54745 0.230653 0.360148 0.00010679
AC 57 8.37646 8.37646 8.37572
OP 58 0.638898 0.707702 0.542874 0.235593 0.364653 0.000109925
AC 58 7.7688 7.7688 7.76817
OP 59 0.643049 0.701864 0.539934 0.222781 0.363837 0.000112514
AC 59 6.80474 6.80474 6.8042
OP 60 0.624998 0.716549 0.544575 0.235502 0.364455 0.000108324
AC 60 8.49802 8.49802 8.49737
OP 61 0.656174 0.715068 0.528405 0.238164 0.367607 0.000118238
AC 61 8.86866 8.86866 8.86806
OP 62 0.63399 0.703514 0.532119 0.221324 0.369666 0.000117306
AC 62 7.24224 7.24224 7.24169
OP 63 0.660621 0.709889 0.542329 0.243864 0.364141 0.000109884
AC 63 7.98079 7.98079 7.98015
OP 64 0.645111 0.711171 0.529481 0.23133 0.370645 0.000117715
AC 64 8.00051 8.00051 7.99994
OP 65 0.630334 0.718122 0.53823 0.231448 0.36303 0.000111875
AC 65 8.27447 8.27447 8.27383
OP 66 0.630991 0.71137 0.531255 0.22427 0.367228 0.000116733
AC 66 7.77244 7.77244 7.77184
OP 67 0.630829 0.716601 0.547771 0.234067 0.361323 0.000106322
AC 67 7.29198 7.29198 7.29129
OP 68 0.630257 0.713077 0.552084 0.23356 0.36126 0.000104475
AC 68 6.44308 6.44308 6.44243
OP 69 0.633914 0.722603 0.547833 0.231788 0.360822 0.000105842
AC 69 7.45299 7.45299 7.45228
OP 70 0.636963 0.709754 0.541719 0.227416 0.363678 0.00011036
AC 70 7.44307 7.44307 7.44245
OP 71 0.645551 0.702166 0.530421 0.225967 0.371829 0.000117325
AC 71 7.99849 7.99849 7.99794
OP 72 0.64832 0.703058 0.535342 0.231463 0.368833 0.000113992
AC 72 7.85453 7.85453 7.85391
OP 73 0.645877 0.703654 0.537573 0.227402 0.366578 0.000113163
AC 73 7.42903 7.42903 7.42847
OP 74 0.65046 0.689739 0.527754 0.227474 0.371808 0.000120484
AC 74 6.90733 6.90733 6.90686
OP 75 0.639348 0.716075 0.540721 0.23495 0.36159 0.000110521
AC 75 8.09803 8.09803 8.09739
OP 76 0.640765 0.708726 0.530955 0.228355 0.368009 0.000117251
AC 76 8.47993 8.47993 8.47934
OP 77 0.645536 0.705358 0.529673 0.226457 0.367981 0.000118132
AC 77 7.64725 7.64725 7.64669
OP 78 0.62659 0.715977 0.541577 0.224203 0.364407 0.000110641
AC 78 7.98711 7.98711 7.98646
OP 79 0.650012 0.713246 0.537688 0.234121 0.364864 0.000112091
AC 79 8.39723 8.39723 8.39658
OP 80 0.638867 0.707853 0.535476 0.223779 0.367611 0.000114569
AC 80 8.14044 8.14044 8.1398
OP 81 0.646937 0.705775 0.540685 0.229645 0.364473 0.000111281
AC 81 6.53258 6.53258 6.532
OP 82 0.637203 0.729132 0.5491 0.237723 0.36007 0.000105129
AC 82 8.60601 8.60601 8.60524
OP 83 0.648325 0.706682 0.538256 0.231983 0.366975 0.000112976
AC 83 7.62777 7.62777 7.62718
OP 84 0.652966 0.709335 0.524604 0.238426 0.37037 0.000120865
AC 84 8.3223 8.3223 8.32175
OP 85 0.647714 0.705108 0.54115 0.232254 0.364398 0.00011167
AC 85 7.83973 7.83973 7.83917
OP 86 0.647868 0.712172 0.541337 0.235539 0.363326 0.000111042
AC 86 7.97413 7.97413 7.97354
OP 87 0.65122 0.704659 0.539651 0.240311 0.366551 0.000112463
AC 87 6.89485 6.89485 6.89429
OP 88 0.643443 0.714192 0.539945 0.231406 0.366902 0.000111067
AC 88 8.12427 8.12427 8.1236
OP 89 0.649729 0.714374 0.535202 0.237836 0.365428 0.000113636
AC 89 8.51955 8.51955 8.51896
OP 90 0.652734 0.706752 0.536588 0.237296 0.367949 0.000114016
AC 90 7.37233 7.37233 7.37178
OP 91 0.635805 0.713571 0.536433 0.220962 0.36393 0.000113107
AC 91 7.7127 7.7127 7.71206
OP 92 0.654661 0.702375 0.526305 0.242056 0.369578 0.00011981
AC 92 8.07285 8.07285 8.0723
OP 93 0.658721 0.718168 0.54061 0.238718 0.362633 0.00011037
AC 93 8.52521 8.52521 8.52454
OP 94 0.636526 0.705155 0.536122 0.228975 0.366118 0.000114123
AC 94 8.04455 8.04455 8.04398
OP 95 0.642648 0.709371 0.541329 0.230402 0.366743 0.000110461
AC 95 7.71283 7.71283 7.7122
OP 96 0.651681 0.7141 0.541725 0.235882 0.365185 0.000110718
AC 96 8.05761 8.05761 8.05697
OP 97 0.644788 0.706073 0.526616 0.229018 0.370961 0.000120112
AC 97 7.92028 7.92028 7.91974
OP 98 0.631371 0.710436 0.538564 0.230239 0.363521 0.000112037
AC 98 7.27209 7.27209 7.2715
OP 99 0.644364 0.714224 0.538898 0.23432 0.365718 0.000111585
AC 99 8.22456 8.22456 8.22392
OP 100 0.656236 0.699851 0.543392 0.234932 0.363693 0.000109868
AC 100 6.55412 6.55412 6.55355
OP 101 0.643428 0.720275 0.543494 0.234852 0.361092 0.000108854
AC 101 8.66022 8.66022 8.65953
OP 102 0.635574 0.721981 0.543713 0.234879 0.360047 0.000108322
AC 102 8.55115 8.55115 8.55044
OP 103 0.647845 0.70208 0.53854 0.229447 0.365751 0.000112858
AC 103 7.5684 7.5684 7.56781
OP 104 0.646044 0.711339 0.536513 0.229852 0.368433 0.00011372
AC 104 8.17969 8.17969 8.17906
OP 105 0.644043 0.714852 0.55419 0.229257 0.358546 0.000102825
AC 105 7.91473 7.91473 7.91398
OP 106 0.635931 0.713037 0.530406 0.228828 0.367314 0.000117637
AC 106 9.06339 9.06339 9.06278
OP 107 0.638182 0.720941 0.546575 0.236417 0.360246 0.000107
AC 107 8.31776 8.31776 8.31708
OP 108 0.635252 0.726101 0.537772 0.23188 0.365914 0.000112343
AC 108 9.06535 9.06535 9.06463
OP 109 0.642456 0.714815 0.552506 0.23013 0.357687 0.000104108
AC 109 7.83805 7.83805 7.83737
OP 110 0.643599 0.721103 0.53547 0.231651 0.364972 0.000113394
AC 110 9.14367 9.14367 9.14302
OP 111 0.641207 0.703498 0.528784 0.234517 0.368412 0.000118661
AC 111 8.03318 8.03318 8.03263
OP 112 0.649543 0.715069 0.534073 0.23645 0.368558 0.000114331
AC 112 8.251 8.251 8.25038
OP 113 0.64617 0.708677 0.537226 0.235064 0.366127 0.000112935
AC 113 8.00066 8.00066 8.00006
OP 114 0.647942 0.713835 0.539393 0.233939 0.365002 0.000111391
AC 114 7.77853 7.77853 7.77792
OP 115 0.636663 0.699401 0.538675 0.222926 0.366701 0.000113225
AC 115 6.85202 6.85202 6.85149
OP 116 0.651535 0.717018 0.541082 0.24 0.363788 0.000110535
AC 116 8.80301 8.80301 8.80234
OP 117 0.632577 0.713966 0.537484 0.223943 0.366294 0.000112222
AC 117 8.00296 8.00296 8.00232
OP 118 0.649586 0.709267 0.534163 0.233718 0.368117 0.000114966
AC 118 8.10425 8.10425 8.10365
OP 119 0.655246 0.688936 0.534522 0.232293 0.370122 0.000116489
AC 119 5.45856 5.45856 5.45807
OP 120 0.641081 0.712219 0.529769 0.225907 0.368224 0.000117469
AC 120 8.12278 8.12278 8.12218
OP 121 0.655096 0.711359 0.538969 0.238912 0.365169 0.000111737
AC 121 8.32921 8.32921 8.32856
OP 122 0.639761 0.714343 0.541921 0.230263 0.363166 0.000109967
AC 122 7.71372 7.71372 7.71305
OP 123 0.634352 0.6978 0.526559 0.22252 0.369707 0.000120934
AC 123 6.62302 6.62302 6.62253
OP 124 0.640962 0.718684 0.54321 0.22764 0.363066 0.000108955
AC 124 7.92765 7.92765 7.92694
OP 125 0.645593 0.702507 0.522372 0.22669 0.373599 0.000122741
AC 125 7.90812 7.90812 7.9076
OP 126 0.648604 0.710113 0.541323 0.234788 0.36695 0.000110869
AC 126 9.07594 9.07594 9.07533
OP 127 0.661747 0.712244 0.540576 0.244427 0.361507 0.000110823
AC 127 7.6971 7.6971 7.69651
OP 128 0.654064 0.709079 0.536579 0.2324 0.364175 0.000113079
AC 128 8.99159 8.99159 8.99096
OP 129 0.636587 0.717743 0.541903 0.231333 0.363852 0.000110385
AC 129 8.76586 8.76586 8.76524
OP 130 0.665407 0.714216 0.541057 0.238838 0.363561 0.000110292
AC 130 8.30075 8.30075 8.3001
OP 131 0.661168 0.71136 0.540132 0.237215 0.365692 0.000110982
AC 131 8.10837 8.10837 8.10774
OP 132 0.622926 0.710852 0.546231 0.219883 0.36302 0.0001078
AC 132 7.32575 7.32575 7.3251
OP 133 0.644384 0.733143 0.54505 0.240583 0.360205 0.000107452
AC 133 9.61706 9.61706 9.61625
OP 134 0.654233 0.723173 0.54608 0.241666 0.362399 0.000107171
AC 134 9.43633 9.43633 9.43558
OP 135 0.646806 0.711914 0.536677 0.237281 0.364385 0.000112686
AC 135 8.28893 8.28893 8.2883
OP 136 0.653557 0.711738 0.54244 0.235662 0.363903 0.000109649
AC 136 8.17084 8.17084 8.17021
OP 137 0.646898 0.711733 0.537686 0.233429 0.365851 0.000112928
AC 137 8.10072 8.10072 8.10011
OP 138 0.629891 0.703029 0.536424 0.220196 0.368544 0.00011359
AC 138 7.00461 7.00461 7.00403
OP 139 0.633041 0.713739 0.535198 0.225716 0.365305 0.000113921
AC 139 7.77223 7.77223 7.77161
OP 140 0.632491 0.717279 0.540096 0.229386 0.365719 0.00011113
AC 140 8.34247 8.34247 8.34185
OP 141 0.638604 0.694139 0.528912 0.228429 0.369875 0.000118812
AC 141 6.78986 6.78986 6.78936
OP 142 0.64978 0.723146 0.540812 0.238752 0.361407 0.000109925
AC 142 8.81552 8.81552 8.81481
OP 143 0.634299 0.711405 0.529983 0.226818 0.368908 0.000117738
AC 143 8.57833 8.57833 8.57774
OP 144 0.63698 0.72017 0.554725 0.23097 0.355924 0.000102355
AC 144 7.33821 7.33821 7.3375
OP 145 0.641972 0.730235 0.54977 0.239373 0.356247 0.000104182
AC 145 9.15633 9.15633 9.15551
OP 146 0.638672 0.719688 0.537635 0.224897 0.364286 0.00011224
AC 146 7.24004 7.24004 7.23935
OP 147 0.647796 0.714072 0.537648 0.232121 0.362805 0.000112884
AC 147 8.58353 8.58353 8.58295
OP 148 0.643954 0.710538 0.540632 0.226931 0.364611 0.000110855
AC 148 8.0929 8.0929 8.09225
OP 149 0.642764 0.718331 0.53842 0.234121 0.365199 0.000111779
AC 149 8.09586 8.09586 8.09521
OP 150 0.655284 0.70555 0.540238 0.239057 0.365154 0.000111748
AC 150 7.54991 7.54991 7.54932
OP 151 0.666542 0.703187 0.532444 0.239505 0.367168 0.000116226
AC 151 8.4217 8.4217 8.42116
OP 152 0.636755 0.718418 0.536614 0.232783 0.365214 0.000112779
AC 152 8.32194 8.32194 8.32133
OP 153 0.638973 0.707653 0.530887 0.226243 0.371501 0.000116942
AC 153 9.02068 9.02068 9.02011
OP 154 0.637329 0.706253 0.538705 0.229627 0.366082 0.000112412
AC 154 7.39149 7.39149 7.39091
OP 155 0.637539 0.70339 0.540185 0.22785 0.366004 0.000112494
AC 155 7.64159 7.64159 7.64104
OP 156 0.615942 0.698904 0.534454 0.220341 0.369714 0.00011528
AC 156 6.15356 6.15356 6.15303
OP 157 0.644118 0.704448 0.53022 0.218605 0.370365 0.000118085
AC 157 7.3593 7.3593 7.35875
OP 158 0.648621 0.708085 0.538822 0.232058 0.364668 0.000112352
AC 158 7.77745 7.77745 7.77684
OP 159 0.638699 0.725576 0.546582 0.237478 0.360474 0.000106429
AC 159 8.35682 8.35682 8.35611
OP 160 0.639247 0.700859 0.523128 0.222622 0.37292 0.000122533
AC 160 7.66802 7.66802 7.66749
OP 161 0.648772 0.700381 0.532765 0.232066 0.369847 0.000116505
AC 161 7.42976 7.42976 7.42925
OP 162 0.635005 0.716968 0.544536 0.230565 0.361865 0.000107991
AC 162 8.18485 8.18485 8.18418
OP 163 0.666716 0.720695 0.539433 0.242439 0.365766 0.000110979
AC 163 9.3984 9.3984 9.39771
OP 164 0.648281 0.715562 0.545649 0.233718 0.362157 0.000107787
AC 164 8.04751 8.04751 8.04684
OP 165 0.636421 0.712573 0.542211 0.22627 0.36357 0.000110307
AC 165 7.76336 7.76336 7.76272
OP 166 0.63566 0.707176 0.540894 0.225509 0.3662 0.000111472
AC 166 6.97224 6.97224 6.97166
OP 167 0.647113 0.716781 0.536154 0.235256 0.365762 0.000113407
AC 167 8.19678 8.19678 8.19614
OP 168 0.652565 0.716448 0.542612 0.233164 0.364879 0.00010955
AC 168 8.04296 8.04296 8.04232
OP 169 0.636809 0.710141 0.540137 0.228757 0.364097 0.000110951
AC 169 7.70595 7.70595 7.70531
OP 170 0.651879 0.709889 0.53425 0.237203 0.368376 0.000114548
AC 170 8.35886 8.35886 8.35827
OP 171 0.650146 0.708286 0.540869 0.234521 0.364133 0.000110997
AC 171 7.33363 7.33363 7.33304
OP 172 0.638372 0.693725 0.537032 0.228584 0.367691 0.000114597
AC 172 7.00162 7.00162 7.00114
OP 173 0.651659 0.719171 0.53651 0.231373 0.365771 0.00011276
AC 173 8.94849 8.94849 8.94779
OP 174 0.643659 0.717849 0.543224 0.227023 0.363326 0.000109639
AC 174 8.1717 8.1717 8.17105
OP 175 0.643675 0.717993 0.543509 0.231169 0.360662 0.000109062
AC 175 8.91426 8.91426 8.91359
OP 176 0.642192 0.70177 0.541615 0.221463 0.363093 0.000111256
AC 176 7.3588 7.3588 7.35823
OP 177 0.648611 0.703954 0.535244 0.237364 0.36674 0.000114643
AC 177 6.74865 6.74865 6.74809
OP 178 0.648571 0.709926 0.540161 0.23519 0.363268 0.000111695
AC 178 7.99282 7.99282 7.99223
OP 179 0.655818 0.714782 0.53626 0.242633 0.367333 0.000113689
AC 179 9.05119 9.05119 9.05054
OP 180 0.648377 0.716751 0.536949 0.236524 0.364002 0.000112126
AC 180 7.7747 7.7747 7.77404
OP 181 0.648081 0.70575 0.529698 0.230851 0.368737 0.000117797
AC 181 8.15793 8.15793 8.15736
OP 182 0.652992 0.699964 0.529766 0.228953 0.368031 0.00011798
AC 182 8.00851 8.00851 8.00795
OP 183 0.627444 0.704146 0.530455 0.221639 0.370253 0.000117793
AC 183 6.69507 6.69507 6.69451
OP 184 0.636217 0.709317 0.53567 0.226252 0.365442 0.000113467
AC 184 8.37622 8.37622 8.37559
OP 185 0.654251 0.713256 0.54231 0.246022 0.365735 0.000110152
AC 185 8.80752 8.80752 8.80685
OP 186 0.642757 0.715861 0.539553 0.236483 0.362889 0.000111686
AC 186 8.17973 8.17973 8.17908
OP 187 0.642058 0.706282 0.540347 0.228334 0.365011 0.000111666
AC 187 7.24949 7.24949 7.24892
OP 188 0.651415 0.706938 0.536745 0.235142 0.367837 0.000113457
AC 188 7.603 7.603 7.60239
OP 189 0.637676 0.70554 0.53541 0.236357 0.369446 0.000114135
AC 189 7.57482 7.57482 7.57427
OP 190 0.654427 0.71589 0.549955 0.237813 0.360459 0.000105433
AC 190 7.81878 7.81878 7.81813
OP 191 0.635584 0.709183 0.549137 0.233924 0.360854 0.000105872
AC 191 6.94151 6.94151 6.94086
OP 192 0.631171 0.709862 0.537657 0.224864 0.366023 0.000112783
AC 192 7.42342 7.42342 7.42282
OP 193 0.642656 0.725253 0.54407 0.235815 0.361937 0.0001086
AC 193 9.208 9.208 9.20722
OP 194 0.658367 0.723711 0.544082 0.236725 0.35878 0.000107694
AC 194 9.0877 9.0877 9.08698
OP 195 0.656802 0.701309 0.535606 0.225336 0.366949 0.000114528
AC 195 7.83605 7.83605 7.83547
OP 196 0.665586 0.734693 0.553827 0.247052 0.355933 0.000101904
AC 196 9.88537 9.88537 9.88447
OP 197 0.647879 0.706709 0.533299 0.229576 0.367477 0.000115809
AC 197 7.78822 7.78822 7.78767
OP 198 0.634353 0.715474 0.548829 0.229496 0.360508 0.000106113
AC 198 8.30277 8.30277 8.3021
OP 199 0.661102 0.708323 0.531705 0.240798 0.368865 0.000116223
AC 199 7.93802 7.93802 7.93745
OP 200 0.658458 0.728489 0.546754 0.245802 0.360726 0.000105871
AC 200 9.64952 9.64952 9.64868
OP 201 0.640658 0.712243 0.541991 0.23208 0.362939 0.000110278
AC 201 7.82337 7.82337 7.82276
OP 202 0.639735 0.70931 0.55172 0.233622 0.359343 0.000104896
AC 202 7.27902 7.27902 7.27839
OP 203 0.644361 0.701588 0.536183 0.225191 0.366221 0.000114721
AC 203 6.29184 6.29184 6.2913
OP 204 0.633455 0.721393 0.537612 0.227683 0.365395 0.000112031
AC 204 8.60948 8.60948 8.60883
OP 205 0.643999 0.715542 0.537457 0.233237 0.362958 0.00011245
AC 205 8.60597 8.60597 8.60532
OP 206 0.64197 0.729268 0.554172 0.234546 0.357217 0.000101916
AC 206 9.03405 9.03405 9.03318
OP 207 0.644559 0.722263 0.549803 0.246078 0.360152 0.000104898
AC 207 8.28739 8.28739 8.2867
OP 208 0.650509 0.716234 0.536389 0.241837 0.365962 0.000113387
AC 208 9.08174 9.08174 9.08109
OP 209 0.645902 0.708834 0.536467 0.232786 0.368125 0.000113195
AC 209 7.85475 7.85475 7.85414
OP 210 0.651534 0.699361 0.538258 0.238481 0.367319 0.000113005
AC 210 7.7117 7.7117 7.71115
OP 211 0.64278 0.713126 0.545894 0.230798 0.362106 0.000107752
AC 211 7.56944 7.56944 7.56879
OP 212 0.644278 0.727339 0.54942 0.241969 0.360899 0.000104638
AC 212 8.98404 8.98404 8.98326
OP 213 0.651078 0.718125 0.549222 0.243611 0.358891 0.000105646
AC 213 8.14178 8.14178 8.14108
OP 214 0.647981 0.706363 0.530351 0.232209 0.370856 0.000117585
AC 214 8.12807 8.12807 8.12753
OP 215 0.649565 0.722041 0.541641 0.240686 0.361789 0.000109742
AC 215 8.15032 8.15032 8.14965
OP 216 0.651174 0.723914 0.545515 0.237191 0.359765 0.0001069
AC 216 9.08121 9.08121 9.08045
OP 217 0.648451 0.701765 0.530731 0.234988 0.369735 0.000117571
AC 217 7.60732 7.60732 7.60679
OP 218 0.639821 0.708023 0.531505 0.235518 0.369334 0.000116908
AC 218 7.98262 7.98262 7.98206
OP 219 0.636843 0.708342 0.532145 0.229802 0.36925 0.00011628
AC 219 8.96923 8.96923 8.96867
OP 220 0.641797 0.718547 0.539582 0.228204 0.365624 0.000111372
AC 220 7.84022 7.84022 7.83957
OP 221 0.639725 0.709631 0.538491 0.226693 0.366279 0.00011167
AC 221 8.00687 8.00687 8.00624
OP 222 0.660981 0.711303 0.535219 0.240421 0.366105 0.00011338
AC 222 8.49381 8.49381 8.49317
OP 223 0.62775 0.722001 0.543042 0.22751 0.362616 0.000109021
AC 223 7.66267 7.66267 7.66198
OP 224 0.630773 0.703218 0.536811 0.225304 0.367992 0.000114
AC 224 7.19743 7.19743 7.19688
OP 225 0.641291 0.713652 0.540472 0.228979 0.36374 0.000111638
AC 225 7.18716 7.18716 7.18656
OP 226 0.649881 0.718755 0.549416 0.238296 0.359629 0.000105793
AC 226 8.64052 8.64052 8.63982
OP 227 0.640811 0.714446 0.543774 0.231414 0.361752 0.000108876
AC 227 8.25936 8.25936 8.2587
OP 228 0.645052 0.715754 0.537619 0.232494 0.364971 0.000112398
AC 228 8.54198 8.54198 8.54133
OP 229 0.641685 0.7168 0.536613 0.22933 0.364529 0.000112836
AC 229 8.99579 8.99579 8.99515
OP 230 0.642829 0.703171 0.533806 0.229357 0.367315 0.000116004
AC 230 7.6174 7.6174 7.61685
OP 231 0.658833 0.701643 0.53684 0.234876 0.365084 0.000113142
AC 231 7.21395 7.21395 7.21339
OP 232 0.637624 0.73647 0.549611 0.233245 0.35666 0.000104352
AC 232 9.60985 9.60985 9.60903
OP 233 0.646839 0.710807 0.536795 0.229944 0.367795 0.000113639
AC 233 8.13407 8.13407 8.13347
OP 234 0.64451 0.703586 0.522354 0.22933 0.370264 0.000122258
AC 234 8.31556 8.31556 8.31502
OP 235 0.649625 0.703002 0.532409 0.234632 0.368621 0.000116366
AC 235 8.22559 8.22559 8.22507
OP 236 0.630856 0.713566 0.547674 0.227577 0.360709 0.00010716
AC 236 7.58353 7.58353 7.58286
OP 237 0.648607 0.713837 0.543185 0.235565 0.362849 0.000109205
AC 237 8.14094 8.14094 8.14031
OP 238 0.637163 0.723535 0.5484 0.231761 0.360555 0.000106256
AC 238 8.10364 8.10364 8.10295
OP 239 0.629355 0.716792 0.542202 0.230455 0.364183 0.000109802
AC 239 7.78294 7.78294 7.7823
OP 240 0.642058 0.716428 0.552062 0.230403 0.361188 0.00010428
AC 240 8.23218 8.23218 8.23147
OP 241 0.646231 0.714355 0.53891 0.239893 0.36489 0.000111411
AC 241 8.39307 8.39307 8.39243
OP 242 0.661898 0.719112 0.544989 0.242261 0.361679 0.000107358
AC 242 8.78522 8.78522 8.78451
OP 243 0.652484 0.713031 0.537395 0.23366 0.364106 0.000112227
AC 243 8.43514 8.43514 8.43445
OP 244 0.655748 0.711559 0.53776 0.238357 0.365331 0.000112867
AC 244 8.21054 8.21054 8.20996
OP 245 0.662991 0.702806 0.527881 0.236638 0.370734 0.000119215
AC 245 9.0442 9.0442 9.04366
OP 246 0.645281 0.715195 0.536675 0.229162 0.367463 0.000113373
AC 246 9.0068 9.0068 9.00615
OP 247 0.651534 0.723078 0.539961 0.241937 0.36385 0.000110385
AC 247 8.41452 8.41452 8.41381
OP 248 0.651765 0.706589 0.530861 0.239902 0.369559 0.000116875
AC 248 7.6714 7.6714 7.67083
OP 249 0.660719 0.70312 0.538601 0.235598 0.36421 0.000112698
AC 249 7.70802 7.70802 7.70745
OP 250 0.63598 0.713411 0.542192 0.232009 0.361985 0.000109859
AC 250 7.96413 7.96413 7.96346
OP 251 0.65295 0.712053 0.535771 0.235792 0.368011 0.000114083
AC 251 8.23665 8.23665 8.23607
OP 252 0.646919 0.706861 0.546062 0.229065 0.360833 0.000108376
AC 252 7.2642 7.2642 7.2636
OP 253 0.639884 0.71097 0.539757 0.231541 0.366342 0.000112235
AC 253 7.72103 7.72103 7.72043
OP 254 0.6321 0.711034 0.532457 0.226576 0.368964 0.000116308
AC 254 8.67284 8.67284 8.67227
OP 255 0.639509 0.708966 0.531098 0.231015 0.368257 0.000116701
AC 255 8.0608 8.0608 8.06023
OP 256 0.652585 0.709771 0.538011 0.231277 0.36681 0.000113098
AC 256 7.95432 7.95432 7.95372
OP 257 0.646999 0.719053 0.542145 0.236287 0.363818 0.000109662
AC 257 8.29488 8.29488 8.29421
OP 258 0.641344 0.712755 0.548565 0.229058 0.361474 0.000106405
AC 258 8.49465 8.49465 8.49394
OP 259 0.646037 0.703186 0.528499 0.234828 0.372025 0.000118743
AC 259 7.54205 7.54205 7.54152
OP 260 0.644732 0.710649 0.536737 0.232428 0.367291 0.00011312
AC 260 7.76231 7.76231 7.7617
OP 261 0.62805 0.706228 0.531747 0.223556 0.368966 0.000116683
AC 261 7.90309 7.90309 7.90252
OP 262 0.652215 0.727287 0.543915 0.238405 0.361123 0.000108268
AC 262 9.12024 9.12024 9.1195
OP 263 0.636325 0.735078 0.55164 0.231382 0.359151 0.000103145
AC 263 8.6318 8.6318 8.63092
OP 264 0.654522 0.701178 0.524551 0.230344 0.370607 0.000121034
AC 264 8.241 8.241 8.24046
OP 265 0.64518 0.715852 0.539938 0.245842 0.363617 0.000110413
AC 265 8.61965 8.61965 8.61902
OP 266 0.634054 0.71943 0.537904 0.229255 0.3645 0.000112209
AC 266 8.28855 8.28855 8.2879
OP 267 0.635156 0.723525 0.550948 0.226275 0.360081 0.000104138
AC 267 8.48583 8.48583 8.48506
OP 268 0.658329 0.7178 0.538128 0.243612 0.363981 0.000112173
AC 268 8.73438 8.73438 8.73373
OP 269 0.652514 0.7076 0.534939 0.240872 0.367316 0.000114701
AC 269 7.78385 7.78385 7.78327
OP 270 0.635762 0.72088 0.551349 0.23853 0.362761 0.000104236
AC 270 7.76076 7.76076 7.76007
OP 271 0.637757 0.705747 0.529861 0.227559 0.36787 0.000117903
AC 271 7.27821 7.27821 7.27766
OP 272 0.652148 0.705451 0.530599 0.235907 0.369 0.000117226
AC 272 8.03713 8.03713 8.03656
OP 273 0.629052 0.706769 0.525992 0.220908 0.369784 0.000119662
AC 273 8.24461 8.24461 8.24406
OP 274 0.645253 0.712552 0.540763 0.231108 0.367526 0.000111358
AC 274 6.6026 6.6026 6.60201
OP 275 0.657194 0.714499 0.535037 0.242017 0.367018 0.000114128
AC 275 9.20271 9.20271 9.20209
OP 276 0.654348 0.711682 0.536243 0.235571 0.367876 0.000113829
AC 276 8.33423 8.33423 8.3336
OP 277 0.646997 0.712406 0.543003 0.233254 0.362007 0.00010996
AC 277 7.96379 7.96379 7.96321
OP 278 0.64237 0.713066 0.548317 0.231886 0.363349 0.000106839
AC 278 8.25775 8.25775 8.25708
OP 279 0.659629 0.715881 0.542066 0.236496 0.36346 0.000109766
AC 279 8.99798 8.99798 8.9973
OP 280 0.644435 0.706117 0.5326 0.237361 0.369516 0.000116208
AC 280 7.90399 7.90399 7.90345
OP 281 0.652896 0.706065 0.536183 0.233122 0.366232 0.000114386
AC 281 7.64193 7.64193 7.64133
OP 282 0.645614 0.715239 0.543761 0.236251 0.362932 0.000108454
AC 282 8.1515 8.1515 8.15083
OP 283 0.63976 0.711549 0.541198 0.236608 0.363735 0.00011057
AC 283 8.29817 8.29817 8.29756
OP 284 0.638265 0.700926 0.532635 0.22507 0.367035 0.000116679
AC 284 7.49655 7.49655 7.49601
OP 285 0.639188 0.717163 0.549496 0.239307 0.360353 0.000105823
AC 285 7.86684 7.86684 7.8662
OP 286 0.637819 0.719985 0.540972 0.231162 0.365037 0.000110208
AC 286 8.54895 8.54895 8.54826
OP 287 0.653068 0.702376 0.529357 0.231548 0.3677 0.000117552
AC 287 8.50488 8.50488 8.50431
OP 288 0.645259 0.730909 0.54857 0.236776 0.358092 0.000104743
AC 288 8.75444 8.75444 8.7536
OP 289 0.648074 0.697848 0.547136 0.229472 0.362739 0.000107904
AC 289 6.06312 6.06312 6.06258
OP 290 0.62431 0.69992 0.538597 0.22185 0.366306 0.000113169
AC 290 5.97046 5.97046 5.96995
OP 291 0.661158 0.711948 0.540857 0.237542 0.36298 0.000110787
AC 291 8.04284 8.04284 8.04222
OP 292 0.640825 0.717466 0.530906 0.230252 0.36523 0.000116153
AC 292 8.92243 8.92243 8.92177
OP 293 0.661651 0.704744 0.526504 0.238435 0.370294 0.000119765
AC 293 8.68395 8.68395 8.68343
OP 294 0.642456 0.712579 0.544704 0.232607 0.364506 0.000108898
AC 294 7.37285 7.37285 7.37223
OP 295 0.658125 0.708024 0.541585 0.234146 0.364312 0.000109856
AC 295 7.31952 7.31952 7.31888
OP 296 0.646627 0.698598 0.536528 0.221382 0.367797 0.000114167
AC 296 7.37954 7.37954 7.37898
OP 297 0.646092 0.725821 0.542063 0.243036 0.361457 0.000109187
AC 297 9.11406 9.11406 9.11331
OP 298 0.647697 0.721186 0.54218 0.232859 0.361007 0.000109361
AC 298 8.55862 8.55862 8.55788
OP 299 0.648616 0.699576 0.531324 0.228677 0.368082 0.000116536
AC 299 7.89935 7.89935 7.89878
