OP 0 0.647253 0.79926 0.62863 0.264171 0.335894 0.000104882
AC 0 8.67022 8.67022 8.66938
OP 1 0.645078 0.79149 0.629062 0.26747 0.337351 0.000105409
AC 1 6.64471 6.64471 6.64397
OP 2 0.62967 0.797869 0.63491 0.253415 0.333947 0.000101817
AC 2 6.89365 6.89365 6.8928
OP 3 0.637257 0.779338 0.612608 0.253737 0.343645 0.000116247
AC 3 7.14497 7.14497 7.14436
OP 4 0.653245 0.798051 0.630382 0.27327 0.336121 0.000104602
AC 4 8.52627 8.52627 8.52544
OP 5 0.66893 0.788677 0.621569 0.275865 0.34044 0.000109991
AC 5 8.37361 8.37361 8.37293
OP 6 0.637629 0.785724 0.617267 0.261008 0.341393 0.000112655
AC 6 7.37437 7.37437 7.37375
OP 7 0.653347 0.788039 0.624695 0.26843 0.336665 0.000108105
AC 7 7.43787 7.43787 7.43714
OP 8 0.660228 0.782506 0.617541 0.267997 0.340551 0.000112316
AC 8 6.76664 6.76664 6.76601
OP 9 0.639918 0.792735 0.629258 0.268362 0.337803 0.000105149
AC 9 7.79002 7.79002 7.78927
OP 10 0.648043 0.788056 0.615944 0.263338 0.341692 0.00011308
AC 10 9.11177 9.11177 9.11109
OP 11 0.652536 0.791434 0.620487 0.272705 0.338684 0.000110691
AC 11 9.0494 9.0494 9.04867
OP 12 0.64836 0.788445 0.615882 0.259208 0.342277 0.000113308
AC 12 8.62653 8.62653 8.62585
OP 13 0.641935 0.787173 0.627921 0.260328 0.338279 0.000106408
AC 13 7.35341 7.35341 7.3527
OP 14 0.652876 0.79558 0.625731 0.264992 0.337866 0.000107073
AC 14 8.47721 8.47721 8.47643
OP 15 0.646231 0.80331 0.625593 0.265418 0.338091 0.000106085
AC 15 8.88325 8.88325 8.88244
OP 16 0.645622 0.785342 0.608594 0.25972 0.345697 0.000117717
AC 16 8.50214 8.50214 8.50152
OP 17 0.63399 0.783911 0.61717 0.254434 0.340759 0.000113163
AC 17 7.79743 7.79743 7.7968
OP 18 0.64743 0.782958 0.611465 0.259428 0.343098 0.000116078
AC 18 8.15503 8.15503 8.1544
OP 19 0.641869 0.787925 0.630896 0.267104 0.335001 0.000104859
AC 19 7.77654 7.77654 7.77583
OP 20 0.640457 0.776909 0.611554 0.256555 0.341366 0.000116935
AC 20 7.44187 7.44187 7.44129
OP 21 0.655955 0.771433 0.611602 0.260097 0.345112 0.00011672
AC 21 7.51474 7.51474 7.51418
OP 22 0.639373 0.794099 0.621672 0.259492 0.338356 0.000109275
AC 22 8.96369 8.96369 8.96293
OP 23 0.651029 0.790289 0.62216 0.26111 0.340328 0.000109613
AC 23 7.84568 7.84568 7.84499
OP 24 0.640579 0.790213 0.618142 0.252332 0.338585 0.000111836
AC 24 8.16064 8.16064 8.15993
OP 25 0.6344 0.778915 0.61576 0.250996 0.340599 0.000114149
AC 25 7.56422 7.56422 7.5636
OP 26 0.644723 0.775284 0.602036 0.262136 0.347044 0.000123036
AC 26 8.23593 8.23593 8.23537
OP 27 0.641862 0.783425 0.619651 0.2615 0.343413 0.000111576
AC 27 7.20242 7.20242 7.20178
OP 28 0.643615 0.790511 0.625059 0.269077 0.3385 0.000107502
AC 28 7.81585 7.81585 7.81513
OP 29 0.64775 0.778829 0.609183 0.263502 0.345625 0.00011785
AC 29 7.62729 7.62729 7.62671
OP 30 0.652113 0.771446 0.609847 0.259422 0.345428 0.00011825
AC 30 7.38021 7.38021 7.37965
OP 31 0.652306 0.793571 0.623366 0.267674 0.339138 0.000108826
AC 31 8.04619 8.04619 8.04548
OP 32 0.648449 0.781746 0.618023 0.255196 0.338289 0.000112392
AC 32 7.16939 7.16939 7.16876
OP 33 0.650711 0.794473 0.628303 0.264752 0.334 0.000105346
AC 33 8.50608 8.50608 8.5053
OP 34 0.666669 0.774328 0.616214 0.263035 0.341883 0.000113871
AC 34 7.80692 7.80692 7.80636
OP 35 0.640618 0.799637 0.621234 0.266641 0.337902 0.000109468
AC 35 8.56532 8.56532 8.56454
OP 36 0.645518 0.78002 0.619493 0.257791 0.340546 0.00011237
AC 36 7.57966 7.57966 7.57904
OP 37 0.646506 0.781458 0.605928 0.253837 0.344508 0.000119295
AC 37 8.44422 8.44422 8.4436
OP 38 0.634874 0.780388 0.614203 0.250317 0.343998 0.000115048
AC 38 7.58714 7.58714 7.58653
OP 39 0.638137 0.774716 0.615969 0.252206 0.343312 0.000113794
AC 39 6.5614 6.5614 6.56081
OP 40 0.657859 0.793569 0.625612 0.269102 0.336842 0.000107366
AC 40 8.86625 8.86625 8.86551
OP 41 0.638581 0.798003 0.622935 0.263438 0.337488 0.000108114
AC 41 8.51037 8.51037 8.50957
OP 42 0.647318 0.776225 0.614306 0.264731 0.34464 0.000115098
AC 42 7.19562 7.19562 7.19503
OP 43 0.662187 0.783224 0.616837 0.267109 0.342275 0.00011258
AC 43 7.2694 7.2694 7.26875
OP 44 0.65059 0.776607 0.611198 0.25715 0.343961 0.000117045
AC 44 7.30295 7.30295 7.30238
OP 45 0.641981 0.79526 0.627339 0.266747 0.335955 0.000105719
AC 45 7.74935 7.74935 7.74857
OP 46 0.647375 0.791248 0.61532 0.26784 0.343594 0.000113795
AC 46 8.26259 8.26259 8.26192
OP 47 0.638998 0.78445 0.625589 0.259526 0.340078 0.000107756
AC 47 8.0477 8.0477 8.04698
OP 48 0.632487 0.798936 0.622536 0.259477 0.339958 0.000108993
AC 48 9.02169 9.02169 9.02091
OP 49 0.642024 0.776539 0.616606 0.262097 0.344685 0.000114002
AC 49 7.024 7.024 7.02344
OP 50 0.647459 0.797419 0.626993 0.26771 0.337968 0.000105955
AC 50 8.33155 8.33155 8.33079
OP 51 0.649343 0.796742 0.619599 0.263977 0.340448 0.000110541
AC 51 9.4693 9.4693 9.46853
OP 52 0.662448 0.77535 0.61387 0.263922 0.345652 0.000115472
AC 52 7.60292 7.60292 7.60231
OP 53 0.649624 0.794737 0.620516 0.260557 0.340566 0.000110199
AC 53 8.79474 8.79474 8.79398
OP 54 0.650512 0.785261 0.613229 0.2575 0.345118 0.000115477
AC 54 8.18273 8.18273 8.1821
OP 55 0.654838 0.789224 0.615735 0.265218 0.339851 0.000113237
AC 55 7.96055 7.96055 7.95989
OP 56 0.638927 0.784466 0.617353 0.25834 0.343475 0.000112796
AC 56 7.65161 7.65161 7.65096
OP 57 0.644423 0.792392 0.612452 0.261901 0.344166 0.000115641
AC 57 8.4319 8.4319 8.43126
OP 58 0.646102 0.779354 0.624083 0.265958 0.337949 0.000108859
AC 58 7.09103 7.09103 7.0904
OP 59 0.645335 0.779101 0.622368 0.258775 0.340478 0.000110331
AC 59 7.66583 7.66583 7.66522
OP 60 0.6463 0.787782 0.623334 0.264304 0.336532 0.000108555
AC 60 7.57081 7.57081 7.57013
OP 61 0.650572 0.791636 0.613328 0.268879 0.34197 0.00011452
AC 61 8.84021 8.84021 8.83955
OP 62 0.645868 0.785367 0.615261 0.264575 0.340798 0.000113863
AC 62 7.81246 7.81246 7.81184
OP 63 0.645874 0.774449 0.615244 0.259575 0.34306 0.000114486
AC 63 6.45945 6.45945 6.45889
OP 64 0.639834 0.780824 0.620433 0.254464 0.341838 0.000111923
AC 64 6.87843 6.87843 6.8778
OP 65 0.637087 0.787668 0.619486 0.259167 0.342488 0.000110795
AC 65 7.61318 7.61318 7.61251
OP 66 0.640016 0.787773 0.612055 0.255537 0.345221 0.000115577
AC 66 7.81382 7.81382 7.81318
OP 67 0.644593 0.792772 0.623 0.269345 0.33814 0.000108919
AC 67 8.81838 8.81838 8.81769
OP 68 0.650832 0.779305 0.61599 0.257961 0.342609 0.000114421
AC 68 6.99493 6.99493 6.99433
OP 69 0.635242 0.788996 0.627781 0.256209 0.336734 0.00010682
AC 69 7.25156 7.25156 7.25086
OP 70 0.636118 0.801407 0.629352 0.261951 0.336321 0.000104226
AC 70 8.13782 8.13782 8.13698
OP 71 0.644563 0.782566 0.619141 0.259726 0.342091 0.000112131
AC 71 7.87015 7.87015 7.86947
OP 72 0.661264 0.799211 0.626801 0.276596 0.339007 0.000106842
AC 72 8.46079 8.46079 8.46007
OP 73 0.640709 0.769383 0.615264 0.256692 0.344958 0.00011519
AC 73 6.62961 6.62961 6.62905
OP 74 0.646987 0.779346 0.611354 0.263368 0.344287 0.00011644
AC 74 7.31296 7.31296 7.31237
OP 75 0.646495 0.78517 0.630475 0.264477 0.33664 0.000104872
AC 75 6.96099 6.96099 6.96027
OP 76 0.651978 0.780754 0.614819 0.263812 0.341515 0.000114599
AC 76 7.43199 7.43199 7.43139
OP 77 0.637727 0.783735 0.619316 0.252342 0.340423 0.000111824
AC 77 7.17877 7.17877 7.17813
OP 78 0.650398 0.78022 0.611704 0.265732 0.343776 0.000116754
AC 78 7.33689 7.33689 7.33629
OP 79 0.653351 0.792769 0.618641 0.269076 0.341327 0.000110902
AC 79 8.76216 8.76216 8.76147
OP 80 0.655276 0.77779 0.617817 0.271462 0.34207 0.000112935
AC 80 7.16457 7.16457 7.164
OP 81 0.647728 0.782812 0.610608 0.269609 0.344064 0.000116693
AC 81 8.31433 8.31433 8.3137
OP 82 0.648855 0.787828 0.617667 0.258098 0.342985 0.000111866
AC 82 7.72937 7.72937 7.7287
OP 83 0.641525 0.794369 0.621039 0.265104 0.340888 0.000109069
AC 83 8.89079 8.89079 8.89001
OP 84 0.645498 0.780401 0.628191 0.257636 0.336301 0.000106999
AC 84 6.32666 6.32666 6.32606
OP 85 0.653 0.785549 0.614561 0.260697 0.342686 0.000114065
AC 85 8.19084 8.19084 8.19016
OP 86 0.645228 0.796289 0.61965 0.264097 0.33973 0.000110696
AC 86 8.03354 8.03354 8.03281
OP 87 0.639205 0.774031 0.61056 0.251204 0.345619 0.000117653
AC 87 7.56697 7.56697 7.56641
OP 88 0.647527 0.777877 0.610021 0.257565 0.345066 0.000117452
AC 88 7.63427 7.63427 7.6337
OP 89 0.641853 0.778427 0.612496 0.257579 0.343811 0.000115976
AC 89 7.73226 7.73226 7.73168
OP 90 0.619362 0.789545 0.607898 0.249831 0.346521 0.00011779
AC 90 8.45475 8.45475 8.45406
OP 91 0.650289 0.780328 0.612539 0.261828 0.343991 0.000116287
AC 91 7.24393 7.24393 7.24337
OP 92 0.652893 0.775616 0.613365 0.264992 0.345121 0.000115701
AC 92 7.5827 7.5827 7.58214
OP 93 0.648195 0.777495 0.611805 0.257965 0.345137 0.000116158
AC 93 7.84974 7.84974 7.84913
OP 94 0.651037 0.781568 0.625151 0.263302 0.337744 0.000108591
AC 94 7.2906 7.2906 7.28997
OP 95 0.648784 0.775344 0.61997 0.259872 0.343348 0.000111778
AC 95 7.12183 7.12183 7.12123
OP 96 0.649016 0.78419 0.604746 0.257352 0.348229 0.000120399
AC 96 8.44892 8.44892 8.4483
OP 97 0.643289 0.796199 0.630119 0.263864 0.336261 0.000104867
AC 97 7.57332 7.57332 7.57256
OP 98 0.634203 0.789857 0.616221 0.256553 0.34015 0.000113068
AC 98 8.41015 8.41015 8.40946
OP 99 0.655002 0.78735 0.615067 0.264623 0.343361 0.000114181
AC 99 7.71516 7.71516 7.71453
OP 100 0.651446 0.79225 0.619918 0.275396 0.33955 0.000110366
AC 100 8.5062 8.5062 8.50552
OP 101 0.657718 0.792058 0.61988 0.269691 0.341169 0.000110651
AC 101 8.25331 8.25331 8.25259
OP 102 0.641488 0.786524 0.608893 0.26549 0.345588 0.000117415
AC 102 8.61417 8.61417 8.61354
OP 103 0.649559 0.789292 0.619711 0.263736 0.342741 0.000110677
AC 103 8.16892 8.16892 8.1682
OP 104 0.636066 0.776596 0.614668 0.251241 0.345256 0.000115345
AC 104 6.99844 6.99844 6.99786
OP 105 0.650242 0.792537 0.626321 0.267005 0.339037 0.000107123
AC 105 8.08348 8.08348 8.08278
OP 106 0.64475 0.784614 0.619159 0.259429 0.340119 0.000111413
AC 106 6.79105 6.79105 6.79037
OP 107 0.64914 0.787658 0.619577 0.263608 0.339742 0.000110714
AC 107 8.3727 8.3727 8.37199
OP 108 0.656185 0.790432 0.617894 0.262353 0.341035 0.000112201
AC 108 8.44099 8.44099 8.44031
OP 109 0.643902 0.793224 0.62128 0.253315 0.339294 0.000109985
AC 109 8.61787 8.61787 8.61713
OP 110 0.634537 0.784476 0.617417 0.264302 0.340653 0.0001129
AC 110 7.74828 7.74828 7.74768
OP 111 0.649304 0.77788 0.626236 0.264068 0.336139 0.000108102
AC 111 7.10333 7.10333 7.10272
OP 112 0.653576 0.781251 0.614154 0.264234 0.341498 0.00011473
AC 112 8.14216 8.14216 8.14152
OP 113 0.657512 0.791052 0.630269 0.267933 0.334892 0.000104511
AC 113 8.47004 8.47004 8.46931
OP 114 0.642876 0.795304 0.621472 0.263543 0.34142 0.000109728
AC 114 8.21595 8.21595 8.21523
OP 115 0.642802 0.777505 0.60331 0.261009 0.346719 0.000121494
AC 115 8.32352 8.32352 8.32295
OP 116 0.644061 0.791584 0.622901 0.256515 0.340848 0.000108283
AC 116 8.07543 8.07543 8.07466
OP 117 0.649069 0.789556 0.631138 0.269757 0.332245 0.000104058
AC 117 8.04745 8.04745 8.04673
OP 118 0.653159 0.787221 0.619063 0.263852 0.340704 0.000111662
AC 118 7.57267 7.57267 7.572
OP 119 0.63825 0.790543 0.6265 0.259056 0.33766 0.000106437
AC 119 7.38444 7.38444 7.38369
OP 120 0.649908 0.78512 0.617379 0.264367 0.342191 0.000112328
AC 120 8.01739 8.01739 8.01674
OP 121 0.653887 0.792179 0.615538 0.261733 0.343126 0.000113432
AC 121 8.91874 8.91874 8.91802
OP 122 0.645624 0.787738 0.619138 0.26476 0.340596 0.000111582
AC 122 9.27242 9.27242 9.27171
OP 123 0.659164 0.786111 0.616212 0.263643 0.341306 0.000113763
AC 123 8.19187 8.19187 8.19127
OP 124 0.648466 0.797209 0.617905 0.264674 0.337753 0.000110944
AC 124 8.86628 8.86628 8.8655
OP 125 0.634393 0.801827 0.630979 0.268014 0.336285 0.000103904
AC 125 8.54517 8.54517 8.54434
OP 126 0.659767 0.798767 0.626168 0.274438 0.334948 0.00010663
AC 126 9.18049 9.18049 9.17972
OP 127 0.647324 0.774992 0.607944 0.256302 0.346835 0.000118762
AC 127 8.09517 8.09517 8.09458
OP 128 0.638673 0.793959 0.624905 0.262487 0.341477 0.000107989
AC 128 8.28664 8.28664 8.28592
OP 129 0.624441 0.790533 0.625579 0.25593 0.34107 0.000107798
AC 129 6.76156 6.76156 6.76088
OP 130 0.63717 0.787076 0.620133 0.257402 0.343048 0.000110532
AC 130 7.44649 7.44649 7.44581
OP 131 0.644055 0.785903 0.615752 0.259019 0.340522 0.000113909
AC 131 8.2631 8.2631 8.26246
OP 132 0.637543 0.787328 0.616771 0.263457 0.340489 0.000112768
AC 132 8.24193 8.24193 8.24122
OP 133 0.638797 0.787677 0.619381 0.261768 0.339134 0.000111269
AC 133 7.74921 7.74921 7.74849
OP 134 0.639403 0.78075 0.617412 0.251863 0.342653 0.000113235
AC 134 7.20662 7.20662 7.20601
OP 135 0.642524 0.789597 0.618368 0.262712 0.341198 0.00011224
AC 135 7.50214 7.50214 7.50151
OP 136 0.651338 0.795185 0.621196 0.271826 0.338872 0.000110124
AC 136 8.72119 8.72119 8.72046
OP 137 0.639984 0.790936 0.608996 0.266712 0.345688 0.000117166
AC 137 8.96906 8.96906 8.9684
OP 138 0.664607 0.788522 0.616073 0.271762 0.344046 0.000113484
AC 138 8.80314 8.80314 8.80249
OP 139 0.653003 0.790167 0.623549 0.264906 0.337035 0.000108659
AC 139 8.16214 8.16214 8.16141
OP 140 0.651849 0.777188 0.612789 0.260181 0.343877 0.000115786
AC 140 7.69599 7.69599 7.6954
OP 141 0.647821 0.797656 0.627517 0.268213 0.336693 0.000105947
AC 141 8.78695 8.78695 8.7862
OP 142 0.644609 0.789326 0.613028 0.26062 0.344304 0.000114925
AC 142 8.53633 8.53633 8.53569
OP 143 0.64238 0.778884 0.611447 0.266649 0.346309 0.000117031
AC 143 7.31223 7.31223 7.31166
OP 144 0.645647 0.803544 0.62556 0.265652 0.336964 0.000106704
AC 144 9.17709 9.17709 9.17628
OP 145 0.649873 0.785615 0.616815 0.260841 0.344672 0.000113448
AC 145 7.65571 7.65571 7.65509
OP 146 0.637325 0.794571 0.627354 0.261285 0.336835 0.000106628
AC 146 7.62739 7.62739 7.62665
OP 147 0.633158 0.786342 0.616499 0.259508 0.343915 0.000113396
AC 147 7.81345 7.81345 7.81282
OP 148 0.633202 0.789291 0.63059 0.251312 0.336485 0.000104436
AC 148 7.46287 7.46287 7.46215
OP 149 0.632651 0.795049 0.622882 0.256321 0.33749 0.000108882
AC 149 8.0486 8.0486 8.04789
OP 150 0.636181 0.785936 0.622964 0.258854 0.340933 0.000109447
AC 150 7.4138 7.4138 7.41313
OP 151 0.652212 0.775056 0.615385 0.268053 0.344599 0.000114324
AC 151 8.1131 8.1131 8.11251
OP 152 0.644527 0.791627 0.620415 0.259821 0.340214 0.000110551
AC 152 8.11594 8.11594 8.11526
OP 153 0.657743 0.784683 0.610503 0.266964 0.343307 0.000117027
AC 153 8.56936 8.56936 8.56873
OP 154 0.641622 0.781802 0.611454 0.263746 0.342737 0.00011628
AC 154 7.61518 7.61518 7.61455
OP 155 0.644773 0.797897 0.627686 0.266717 0.33767 0.000105532
AC 155 8.1093 8.1093 8.10849
OP 156 0.637749 0.782573 0.611184 0.255957 0.344632 0.000116844
AC 156 7.33845 7.33845 7.33786
OP 157 0.64614 0.785167 0.616353 0.264725 0.342416 0.000113044
AC 157 7.90952 7.90952 7.90886
OP 158 0.648216 0.782444 0.623705 0.258394 0.339654 0.000109185
AC 158 7.21916 7.21916 7.21848
OP 159 0.633657 0.795604 0.622514 0.262602 0.339356 0.000108464
AC 159 8.85152 8.85152 8.85078
OP 160 0.646045 0.787135 0.620952 0.26109 0.337077 0.000110376
AC 160 7.96766 7.96766 7.96699
OP 161 0.631999 0.78708 0.616848 0.254197 0.339538 0.000112843
AC 161 8.23346 8.23346 8.23281
OP 162 0.648969 0.778906 0.614984 0.258764 0.342549 0.000114328
AC 162 7.30018 7.30018 7.29956
OP 163 0.650662 0.776903 0.61709 0.259349 0.342071 0.000113457
AC 163 7.78023 7.78023 7.77961
OP 164 0.647602 0.78955 0.621272 0.266466 0.34013 0.000110413
AC 164 7.41574 7.41574 7.41509
OP 165 0.651831 0.788951 0.609465 0.262017 0.345883 0.000116869
AC 165 8.50813 8.50813 8.50751
OP 166 0.649722 0.795154 0.624269 0.266875 0.337302 0.00010816
AC 166 8.09161 8.09161 8.0909
OP 167 0.666964 0.777104 0.617642 0.263813 0.34042 0.000112987
AC 167 8.1471 8.1471 8.14648
OP 168 0.654575 0.796842 0.624449 0.26992 0.338673 0.000108195
AC 168 8.54327 8.54327 8.54249
OP 169 0.641689 0.783272 0.619546 0.265973 0.341261 0.00011145
AC 169 7.98642 7.98642 7.98577
OP 170 0.636344 0.77901 0.607104 0.250621 0.347166 0.000119544
AC 170 7.85963 7.85963 7.85908
OP 171 0.65 0.789137 0.619153 0.261158 0.341028 0.000111197
AC 171 7.95405 7.95405 7.95335
OP 172 0.645274 0.789678 0.620443 0.26573 0.340299 0.000110551
AC 172 8.14587 8.14587 8.14517
OP 173 0.642005 0.796334 0.62799 0.253075 0.338461 0.000105795
AC 173 7.72643 7.72643 7.72565
OP 174 0.649939 0.788641 0.622944 0.26453 0.335154 0.000108903
AC 174 7.60791 7.60791 7.60722
OP 175 0.641334 0.783273 0.612725 0.25955 0.343991 0.00011612
AC 175 7.68469 7.68469 7.68406
OP 176 0.622619 0.793982 0.633014 0.249875 0.334846 0.000103223
AC 176 6.52429 6.52429 6.52352
OP 177 0.642773 0.796892 0.620687 0.269009 0.339793 0.000110076
AC 177 8.64894 8.64894 8.64821
OP 178 0.64457 0.789049 0.622528 0.259734 0.338904 0.000109179
AC 178 7.91849 7.91849 7.91778
OP 179 0.636681 0.792792 0.629067 0.260644 0.339374 0.000105401
AC 179 8.12281 8.12281 8.12205
OP 180 0.656318 0.785849 0.611826 0.26471 0.343929 0.000115851
AC 180 8.31552 8.31552 8.31484
OP 181 0.635188 0.791715 0.625297 0.25928 0.33659 0.000107574
AC 181 7.50648 7.50648 7.50575
OP 182 0.656972 0.787196 0.614505 0.268172 0.34354 0.000114217
AC 182 8.37036 8.37036 8.36972
OP 183 0.636282 0.776847 0.624772 0.25833 0.338516 0.000108535
AC 183 6.1494 6.1494 6.14877
OP 184 0.638785 0.788314 0.615958 0.26053 0.344636 0.000113594
AC 184 8.36604 8.36604 8.36535
OP 185 0.653801 0.778693 0.612634 0.261375 0.343763 0.000116211
AC 185 8.45869 8.45869 8.45813
OP 186 0.639498 0.781654 0.621108 0.250208 0.340311 0.000110777
AC 186 7.38047 7.38047 7.37983
OP 187 0.651304 0.772411 0.617146 0.256016 0.344184 0.000113755
AC 187 6.60523 6.60523 6.60466
OP 188 0.647669 0.790952 0.621951 0.265179 0.338889 0.00010964
AC 188 7.70383 7.70383 7.70313
OP 189 0.645837 0.783114 0.620769 0.26153 0.339838 0.000110723
AC 189 7.3642 7.3642 7.36356
OP 190 0.64963 0.769391 0.615329 0.257062 0.344075 0.000115066
AC 190 6.85208 6.85208 6.85153
OP 191 0.640575 0.781549 0.616731 0.255398 0.342065 0.000113336
AC 191 8.35621 8.35621 8.35558
OP 192 0.660986 0.778509 0.605608 0.261989 0.34714 0.000119782
AC 192 8.53 8.53 8.52941
OP 193 0.653829 0.775925 0.61876 0.259963 0.342624 0.000112111
AC 193 6.4355 6.4355 6.43492
OP 194 0.638854 0.783084 0.617713 0.257425 0.343607 0.00011212
AC 194 7.19518 7.19518 7.19453
OP 195 0.646837 0.785274 0.611415 0.267849 0.342048 0.000115767
AC 195 8.36725 8.36725 8.3666
OP 196 0.654335 0.783881 0.625868 0.260117 0.336253 0.000107433
AC 196 7.6453 7.6453 7.64462
OP 197 0.65423 0.778109 0.609768 0.258337 0.343457 0.000118138
AC 197 7.5405 7.5405 7.53993
OP 198 0.643255 0.800544 0.623977 0.259991 0.338696 0.000108119
AC 198 8.53528 8.53528 8.53447
OP 199 0.664088 0.775616 0.608689 0.268706 0.347245 0.000118762
AC 199 7.70811 7.70811 7.70756
OP 200 0.652171 0.792637 0.624634 0.265909 0.338615 0.000108366
AC 200 7.96145 7.96145 7.96077
OP 201 0.644986 0.79217 0.622689 0.267812 0.338764 0.00010897
AC 201 8.71959 8.71959 8.71888
OP 202 0.655932 0.787005 0.61655 0.262671 0.342036 0.000113306
AC 202 8.98405 8.98405 8.9834
OP 203 0.615606 0.796105 0.628309 0.248671 0.33788 0.000106025
AC 203 8.42109 8.42109 8.42031
OP 204 0.638673 0.785234 0.619449 0.258169 0.342818 0.000111568
AC 204 7.59646 7.59646 7.59579
OP 205 0.655553 0.785443 0.618143 0.265574 0.341812 0.000111926
AC 205 8.05295 8.05295 8.05231
OP 206 0.656855 0.796517 0.612771 0.26445 0.34231 0.000115266
AC 206 8.05404 8.05404 8.05335
OP 207 0.632618 0.79628 0.627237 0.260208 0.338653 0.000106486
AC 207 7.78444 7.78444 7.78365
OP 208 0.64706 0.792544 0.611654 0.260505 0.345366 0.000115931
AC 208 9.12952 9.12952 9.12887
OP 209 0.642381 0.78287 0.60951 0.262796 0.34597 0.000117259
AC 209 8.74723 8.74723 8.7466
OP 210 0.633902 0.787672 0.621037 0.252145 0.340379 0.000110613
AC 210 7.19607 7.19607 7.19537
OP 211 0.659282 0.772359 0.614231 0.268388 0.342618 0.000115148
AC 211 7.44224 7.44224 7.44169
OP 212 0.648269 0.781871 0.604073 0.261733 0.345438 0.000121143
AC 212 8.21046 8.21046 8.20987
OP 213 0.653023 0.789979 0.632166 0.257605 0.334371 0.000103776
AC 213 7.13342 7.13342 7.13268
OP 214 0.649023 0.776751 0.606488 0.257843 0.345758 0.00011982
AC 214 8.27404 8.27404 8.27348
OP 215 0.633182 0.782973 0.615682 0.251317 0.341103 0.000113512
AC 215 7.49802 7.49802 7.49737
OP 216 0.653148 0.795188 0.626278 0.269451 0.33756 0.000107056
AC 216 8.2726 8.2726 8.27185
OP 217 0.628417 0.794785 0.620284 0.250901 0.34117 0.000110491
AC 217 8.20191 8.20191 8.20117
OP 218 0.651265 0.799964 0.624718 0.262179 0.335979 0.000107447
AC 218 9.13439 9.13439 9.13355
OP 219 0.636696 0.795588 0.619215 0.260198 0.341759 0.000111105
AC 219 8.5594 8.5594 8.55866
OP 220 0.648442 0.791821 0.624252 0.262483 0.335306 0.000107571
AC 220 8.41758 8.41758 8.41685
OP 221 0.661975 0.786507 0.619311 0.267873 0.339978 0.00011157
AC 221 8.34984 8.34984 8.34912
OP 222 0.662161 0.78104 0.604348 0.269236 0.347176 0.000120963
AC 222 8.85655 8.85655 8.85596
OP 223 0.649315 0.792298 0.615027 0.262859 0.33915 0.000113129
AC 223 9.73502 9.73502 9.73433
OP 224 0.651962 0.783699 0.616513 0.261425 0.342135 0.000113476
AC 224 7.91513 7.91513 7.91447
OP 225 0.653836 0.798869 0.626068 0.269114 0.336548 0.000106344
AC 225 8.63278 8.63278 8.63197
OP 226 0.652219 0.790108 0.61648 0.258452 0.342354 0.000112667
AC 226 8.53537 8.53537 8.53469
OP 227 0.647633 0.791984 0.617513 0.270838 0.343766 0.000112562
AC 227 8.35383 8.35383 8.35319
OP 228 0.654362 0.789137 0.635304 0.265705 0.333434 0.000101951
AC 228 7.62227 7.62227 7.62151
OP 229 0.637099 0.779296 0.617582 0.258646 0.340905 0.000113
AC 229 7.02668 7.02668 7.02605
OP 230 0.638027 0.792436 0.626438 0.268079 0.338196 0.000106757
AC 230 8.03553 8.03553 8.03482
OP 231 0.653221 0.800703 0.615206 0.274867 0.341345 0.000113185
AC 231 9.04114 9.04114 9.04042
OP 232 0.640153 0.768687 0.614112 0.248051 0.344837 0.000115134
AC 232 6.14714 6.14714 6.14656
OP 233 0.639491 0.796042 0.619057 0.265289 0.339819 0.000111171
AC 233 8.92101 8.92101 8.92028
OP 234 0.644293 0.787595 0.623732 0.25308 0.340628 0.000109119
AC 234 7.61096 7.61096 7.61027
OP 235 0.65365 0.78487 0.621646 0.258944 0.339889 0.000109804
AC 235 7.77139 7.77139 7.77068
OP 236 0.630502 0.794533 0.618382 0.262584 0.34275 0.000110971
AC 236 8.27352 8.27352 8.27283
OP 237 0.647414 0.785766 0.624473 0.268017 0.337419 0.000108494
AC 237 7.41283 7.41283 7.41218
OP 238 0.661814 0.790522 0.621495 0.277457 0.338001 0.000109345
AC 238 8.54328 8.54328 8.54256
OP 239 0.656374 0.800666 0.619649 0.272932 0.338901 0.000110097
AC 239 8.9028 8.9028 8.90202
OP 240 0.649189 0.78445 0.625089 0.255196 0.341799 0.000108565
AC 240 7.70696 7.70696 7.70626
OP 241 0.659451 0.793008 0.626224 0.275524 0.337278 0.000106548
AC 241 8.50793 8.50793 8.50721
OP 242 0.644373 0.7817 0.60775 0.258103 0.348078 0.00011851
AC 242 8.40635 8.40635 8.40576
OP 243 0.637598 0.786429 0.618997 0.26318 0.339376 0.00011118
AC 243 7.41138 7.41138 7.41069
OP 244 0.646584 0.787814 0.633923 0.26122 0.336979 0.000102537
AC 244 7.84378 7.84378 7.84302
OP 245 0.649358 0.793905 0.634624 0.266883 0.334768 0.000101747
AC 245 7.97016 7.97016 7.96936
OP 246 0.65127 0.786911 0.620243 0.270453 0.340574 0.000110198
AC 246 7.90641 7.90641 7.90573
OP 247 0.642665 0.778514 0.60936 0.257329 0.346553 0.000118066
AC 247 7.24245 7.24245 7.24187
OP 248 0.645371 0.792146 0.619406 0.261012 0.339613 0.000110441
AC 248 8.15647 8.15647 8.15574
OP 249 0.648761 0.778335 0.60909 0.257381 0.345281 0.000117932
AC 249 7.02907 7.02907 7.0285
OP 250 0.649392 0.782537 0.615755 0.261612 0.340486 0.000113701
AC 250 7.45813 7.45813 7.45749
OP 251 0.625912 0.778688 0.61416 0.259376 0.343056 0.00011484
AC 251 6.59849 6.59849 6.5979
OP 252 0.637308 0.786093 0.620446 0.260617 0.341148 0.000111123
AC 252 7.77123 7.77123 7.77057
OP 253 0.643124 0.766163 0.612746 0.253206 0.344416 0.000117208
AC 253 7.01738 7.01738 7.01687
OP 254 0.64681 0.782995 0.618009 0.260242 0.343303 0.000112385
AC 254 8.10053 8.10053 8.09987
OP 255 0.638584 0.788887 0.617075 0.259975 0.340989 0.000112252
AC 255 8.25194 8.25194 8.25124
OP 256 0.647085 0.796762 0.626616 0.267996 0.336896 0.000106429
AC 256 8.27586 8.27586 8.27511
OP 257 0.647876 0.78866 0.620441 0.262917 0.339612 0.000110574
AC 257 8.30755 8.30755 8.30688
OP 258 0.633994 0.780445 0.615548 0.250912 0.345862 0.00011413
AC 258 6.71136 6.71136 6.71074
OP 259 0.644047 0.778309 0.600449 0.253547 0.350511 0.00012387
AC 259 8.66763 8.66763 8.66705
OP 260 0.646135 0.782374 0.604059 0.263929 0.347662 0.000120982
AC 260 8.95492 8.95492 8.95435
OP 261 0.63895 0.791701 0.623782 0.257653 0.338848 0.000108711
AC 261 7.32611 7.32611 7.32538
OP 262 0.656181 0.766556 0.62118 0.259143 0.341244 0.000111793
AC 262 5.98324 5.98324 5.9827
OP 263 0.641959 0.801169 0.623923 0.269312 0.338666 0.000107871
AC 263 8.05957 8.05957 8.05881
OP 264 0.655681 0.775093 0.615015 0.265354 0.341242 0.000114556
AC 264 7.56353 7.56353 7.56298
OP 265 0.639449 0.775807 0.600536 0.249362 0.350978 0.000124127
AC 265 7.61014 7.61014 7.60964
OP 266 0.661404 0.799079 0.623763 0.271835 0.338945 0.000108087
AC 266 8.85605 8.85605 8.8553
OP 267 0.662962 0.793165 0.614509 0.274699 0.338192 0.000113358
AC 267 9.16961 9.16961 9.1689
OP 268 0.652975 0.794147 0.621882 0.268788 0.338086 0.000110068
AC 268 8.40775 8.40775 8.40704
OP 269 0.65385 0.79536 0.621159 0.266952 0.338801 0.000110216
AC 269 8.58476 8.58476 8.584
OP 270 0.653828 0.798431 0.621337 0.276343 0.340633 0.000109278
AC 270 8.96411 8.96411 8.96336
OP 271 0.640755 0.789698 0.614836 0.258692 0.344227 0.000113939
AC 271 7.70305 7.70305 7.7024
OP 272 0.65407 0.785418 0.619606 0.262201 0.338877 0.000111659
AC 272 8.24979 8.24979 8.24912
OP 273 0.63734 0.778863 0.619513 0.253521 0.340838 0.000112035
AC 273 7.23513 7.23513 7.23451
OP 274 0.64153 0.777945 0.627191 0.2585 0.339414 0.000107556
AC 274 6.69385 6.69385 6.69321
OP 275 0.658588 0.779962 0.606594 0.26721 0.345589 0.000119309
AC 275 7.53085 7.53085 7.53029
OP 276 0.660797 0.787898 0.619885 0.263915 0.342853 0.000110671
AC 276 8.52259 8.52259 8.52188
OP 277 0.654415 0.788325 0.617268 0.266168 0.342158 0.00011248
AC 277 7.80995 7.80995 7.80929
OP 278 0.650945 0.787213 0.620106 0.258567 0.339695 0.000110688
AC 278 7.94608 7.94608 7.94539
OP 279 0.633488 0.779633 0.610258 0.254312 0.345696 0.000117393
AC 279 6.77819 6.77819 6.77763
OP 280 0.647991 0.800453 0.627719 0.270518 0.335851 0.000105198
AC 280 8.55524 8.55524 8.5544
OP 281 0.650217 0.77645 0.611475 0.262732 0.343825 0.000117151
AC 281 7.37544 7.37544 7.37488
OP 282 0.649445 0.776518 0.610718 0.258154 0.347269 0.00011766
AC 282 7.81367 7.81367 7.8131
OP 283 0.656188 0.784563 0.612262 0.272367 0.34573 0.000116272
AC 283 8.1843 8.1843 8.18369
OP 284 0.642828 0.781429 0.620212 0.254446 0.338815 0.000111024
AC 284 7.41072 7.41072 7.41008
OP 285 0.648848 0.78795 0.619949 0.264 0.339324 0.000111054
AC 285 7.61054 7.61054 7.60989
OP 286 0.660913 0.776711 0.620047 0.26541 0.340831 0.000111382
AC 286 7.53604 7.53604 7.53542
OP 287 0.648447 0.785665 0.615372 0.267182 0.338825 0.000113412
AC 287 8.12272 8.12272 8.1221
OP 288 0.643606 0.790763 0.621849 0.262594 0.33967 0.000109695
AC 288 8.19204 8.19204 8.19136
OP 289 0.649811 0.784967 0.615793 0.264983 0.342164 0.000113418
AC 289 8.19679 8.19679 8.19617
OP 290 0.647127 0.790231 0.620525 0.260026 0.341209 0.000110605
AC 290 7.94195 7.94195 7.94129
OP 291 0.652936 0.779355 0.615999 0.254666 0.34479 0.000114116
AC 291 6.72774 6.72774 6.72718
OP 292 0.641864 0.792697 0.619214 0.264224 0.340626 0.000111794
AC 292 8.42552 8.42552 8.42483
OP 293 0.632509 0.78325 0.623102 0.253451 0.33912 0.000109369
AC 293 7.42305 7.42305 7.4224
OP 294 0.651512 0.776615 0.611279 0.255786 0.345671 0.000117428
AC 294 7.60439 7.60439 7.60384
OP 295 0.65336 0.770809 0.612177 0.255951 0.345448 0.000117359
AC 295 7.45602 7.45602 7.45546
OP 296 0.648332 0.78293 0.615754 0.255717 0.344207 0.000113921
AC 296 7.37052 7.37052 7.36989
OP 297 0.65082 0.793656 0.626055 0.272066 0.340741 0.000106818
AC 297 8.83327 8.83327 8.83248
OP 298 0.647939 0.791259 0.617756 0.264097 0.341906 0.000112565
AC 298 8.76578 8.76578 8.7651
OP 299 0.656369 0.78428 0.613543 0.263329 0.34301 0.000114759
AC 299 8.13688 8.13688 8.13624
