OP 0 0.628313 0.802199 0.629693 0.240083 0.366079 0.0001018
AC 0 7.42878 7.42878 7.42792
OP 1 0.629243 0.785331 0.62147 0.239203 0.372378 0.000107055
AC 1 6.8127 6.8127 6.81201
OP 2 0.653436 0.787645 0.622355 0.251937 0.372283 0.000106219
AC 2 7.63642 7.63642 7.63573
OP 3 0.650185 0.801829 0.615093 0.257521 0.372402 0.000109239
AC 3 9.28478 9.28478 9.28401
OP 4 0.65443 0.777882 0.613075 0.246568 0.377268 0.000111521
AC 4 8.24139 8.24139 8.24078
OP 5 0.632653 0.800025 0.626094 0.247528 0.368228 0.000104125
AC 5 7.52941 7.52941 7.52863
OP 6 0.655828 0.805863 0.618767 0.248001 0.372058 0.000106906
AC 6 9.6305 9.6305 9.62966
OP 7 0.640587 0.804535 0.628327 0.250898 0.365015 0.000102677
AC 7 8.64044 8.64044 8.63963
OP 8 0.636611 0.791283 0.626557 0.246498 0.368871 0.000104239
AC 8 6.68069 6.68069 6.67996
OP 9 0.647123 0.800841 0.626789 0.257392 0.368303 0.000103455
AC 9 7.95231 7.95231 7.95152
OP 10 0.65019 0.798409 0.627124 0.256924 0.367675 0.000103039
AC 10 8.0158 8.0158 8.015
OP 11 0.660026 0.796632 0.626766 0.255339 0.366849 0.000103935
AC 11 8.84984 8.84984 8.84903
OP 12 0.628885 0.797084 0.624897 0.235663 0.369283 0.000104192
AC 12 6.66322 6.66322 6.66236
OP 13 0.638114 0.806784 0.625823 0.245101 0.367284 0.000103938
AC 13 8.40829 8.40829 8.40744
OP 14 0.662685 0.788419 0.622089 0.253356 0.369117 0.000105896
AC 14 8.03834 8.03834 8.0376
OP 15 0.632658 0.810318 0.636123 0.242671 0.364591 9.80179E-05
AC 15 6.82971 6.82971 6.82877
OP 16 0.655632 0.779365 0.608173 0.253119 0.378114 0.000113486
AC 16 8.23322 8.23322 8.2326
OP 17 0.652084 0.797107 0.610214 0.254088 0.376027 0.000111565
AC 17 9.00183 9.00183 9.00113
OP 18 0.659626 0.795622 0.619955 0.257559 0.372547 0.000107205
AC 18 8.72366 8.72366 8.72291
OP 19 0.661789 0.8069 0.629125 0.264141 0.366097 0.000101328
AC 19 8.67749 8.67749 8.67665
OP 20 0.648868 0.798855 0.630711 0.25442 0.365192 0.000101581
AC 20 8.23546 8.23546 8.23468
OP 21 0.638708 0.794451 0.63096 0.250195 0.366714 0.000101172
AC 21 7.41659 7.41659 7.41579
OP 22 0.627856 0.795392 0.62248 0.243757 0.372624 0.000106278
AC 22 7.1365 7.1365 7.13578
OP 23 0.656672 0.794483 0.612894 0.251024 0.372461 0.000110697
AC 23 9.40235 9.40235 9.40165
OP 24 0.647544 0.788397 0.612458 0.250444 0.375956 0.000111149
AC 24 7.66128 7.66128 7.66061
OP 25 0.648566 0.778382 0.618163 0.250124 0.371544 0.00010901
AC 25 7.44095 7.44095 7.44031
OP 26 0.643103 0.796668 0.62508 0.239679 0.368437 0.000104279
AC 26 6.79598 6.79598 6.79519
OP 27 0.649802 0.79461 0.619348 0.255322 0.371122 0.000106946
AC 27 8.36921 8.36921 8.36845
OP 28 0.636423 0.791489 0.612021 0.241061 0.375709 0.000111506
AC 28 7.44377 7.44377 7.44312
OP 29 0.64653 0.800206 0.632551 0.25074 0.365071 0.00010053
AC 29 8.48503 8.48503 8.4842
OP 30 0.654705 0.792722 0.616141 0.24971 0.373658 0.00010911
AC 30 7.88638 7.88638 7.88566
OP 31 0.648455 0.794116 0.624758 0.244527 0.369944 0.00010466
AC 31 8.04298 8.04298 8.04217
OP 32 0.646963 0.790486 0.620099 0.245803 0.372245 0.000107366
AC 32 7.63939 7.63939 7.63868
OP 33 0.657706 0.808406 0.629501 0.252297 0.365259 0.000101672
AC 33 8.79222 8.79222 8.79132
OP 34 0.653412 0.807545 0.629141 0.260221 0.366509 0.000101818
AC 34 9.47118 9.47118 9.47033
OP 35 0.645686 0.79205 0.620938 0.25681 0.369345 0.000106601
AC 35 7.67243 7.67243 7.67172
OP 36 0.664953 0.80097 0.629302 0.262522 0.368881 0.000101828
AC 36 8.55748 8.55748 8.55669
OP 37 0.639499 0.790734 0.618131 0.242432 0.372747 0.000108141
AC 37 8.52613 8.52613 8.52539
OP 38 0.656877 0.793733 0.61668 0.252847 0.373693 0.00010866
AC 38 9.16944 9.16944 9.1687
OP 39 0.630901 0.793611 0.618765 0.248749 0.373003 0.000107592
AC 39 6.12947 6.12947 6.12877
OP 40 0.63478 0.783511 0.617801 0.241226 0.375462 0.000108706
AC 40 5.12351 5.12351 5.12283
OP 41 0.635303 0.803935 0.635418 0.242467 0.362199 9.89844E-05
AC 41 8.03744 8.03744 8.03654
OP 42 0.65435 0.798377 0.618437 0.256327 0.37012 0.000107283
AC 42 9.35859 9.35859 9.35787
OP 43 0.641961 0.804953 0.626771 0.252011 0.367934 0.000103399
AC 43 8.0596 8.0596 8.05881
OP 44 0.649335 0.782837 0.619106 0.241326 0.376284 0.000107876
AC 44 6.0636 6.0636 6.06289
OP 45 0.646462 0.801646 0.624145 0.250262 0.370004 0.000104806
AC 45 9.22491 9.22491 9.22412
OP 46 0.647463 0.803569 0.628026 0.256716 0.367544 0.000102406
AC 46 7.83985 7.83985 7.83905
OP 47 0.626964 0.797297 0.632833 0.246028 0.367112 0.00010069
AC 47 6.99707 6.99707 6.99624
OP 48 0.634202 0.79056 0.614006 0.240008 0.373425 0.000110175
AC 48 7.49826 7.49826 7.49757
OP 49 0.650681 0.787468 0.621162 0.251447 0.371528 0.000106392
AC 49 7.44013 7.44013 7.43941
OP 50 0.633051 0.798074 0.631279 0.24962 0.365684 0.000101794
AC 50 7.21357 7.21357 7.2128
OP 51 0.646123 0.804483 0.632006 0.256488 0.36497 0.000100954
AC 51 8.54108 8.54108 8.54027
OP 52 0.630499 0.788869 0.620074 0.24741 0.371965 0.000107075
AC 52 7.14791 7.14791 7.1472
OP 53 0.651163 0.789442 0.61725 0.249048 0.373807 0.000108983
AC 53 8.62309 8.62309 8.6224
OP 54 0.660655 0.789684 0.616103 0.255985 0.373935 0.000109084
AC 54 8.77647 8.77647 8.77577
OP 55 0.64013 0.790157 0.62004 0.243398 0.368502 0.000107105
AC 55 7.37259 7.37259 7.3719
OP 56 0.64253 0.812001 0.630865 0.254453 0.368101 0.000101077
AC 56 9.85135 9.85135 9.85044
OP 57 0.632117 0.788819 0.616745 0.239592 0.374404 0.000108977
AC 57 7.20128 7.20128 7.20059
OP 58 0.635533 0.793147 0.618601 0.246324 0.371836 0.000107688
AC 58 7.79388 7.79388 7.79315
OP 59 0.640795 0.78435 0.620707 0.243591 0.375856 0.000107456
AC 59 7.27652 7.27652 7.27583
OP 60 0.638463 0.81266 0.625622 0.254619 0.367177 0.000103181
AC 60 8.53442 8.53442 8.53356
OP 61 0.634443 0.792515 0.624183 0.243076 0.371032 0.000104806
AC 61 6.91859 6.91859 6.91782
OP 62 0.626704 0.799729 0.631078 0.249184 0.366553 0.000101522
AC 62 7.75512 7.75512 7.75431
OP 63 0.642012 0.794673 0.627662 0.243267 0.367431 0.000103092
AC 63 7.17838 7.17838 7.1776
OP 64 0.643162 0.800355 0.627645 0.258412 0.368856 0.000103239
AC 64 8.30792 8.30792 8.30713
OP 65 0.654781 0.801547 0.62864 0.262604 0.366598 0.000101961
AC 65 8.03357 8.03357 8.0327
OP 66 0.633932 0.796549 0.623191 0.244481 0.373063 0.000105309
AC 66 7.00911 7.00911 7.00837
OP 67 0.641337 0.802031 0.628941 0.25414 0.364564 0.000101879
AC 67 7.96111 7.96111 7.96026
OP 68 0.6311 0.795351 0.631114 0.245826 0.366994 0.000101256
AC 68 6.93084 6.93084 6.93004
OP 69 0.648087 0.797664 0.624501 0.251341 0.369429 0.000104813
AC 69 8.10025 8.10025 8.09946
OP 70 0.640183 0.798373 0.619005 0.244282 0.372396 0.000106937
AC 70 7.84547 7.84547 7.84468
OP 71 0.65038 0.8047 0.632021 0.256 0.364756 0.000100432
AC 71 8.5871 8.5871 8.58622
OP 72 0.630859 0.809528 0.616779 0.238414 0.373215 0.000107996
AC 72 8.63198 8.63198 8.63117
OP 73 0.656158 0.793443 0.617687 0.259264 0.373048 0.000107925
AC 73 8.10393 8.10393 8.10324
OP 74 0.660869 0.79626 0.620613 0.255553 0.370315 0.000106459
AC 74 8.61709 8.61709 8.61634
OP 75 0.642444 0.801213 0.623881 0.252635 0.370063 0.000104722
AC 75 8.79561 8.79561 8.79479
OP 76 0.653007 0.787853 0.617409 0.248357 0.374404 0.000108379
AC 76 6.99402 6.99402 6.99329
OP 77 0.627905 0.799426 0.62428 0.244149 0.369537 0.000104541
AC 77 6.91823 6.91823 6.91743
OP 78 0.642239 0.797224 0.632073 0.24493 0.364963 0.000101184
AC 78 8.49716 8.49716 8.49634
OP 79 0.638698 0.805567 0.627406 0.247368 0.366269 0.00010312
AC 79 8.77721 8.77721 8.77638
OP 80 0.636617 0.789823 0.620592 0.247311 0.371775 0.000107111
AC 80 5.74971 5.74971 5.74899
OP 81 0.666463 0.791223 0.620904 0.257203 0.370323 0.000106631
AC 81 8.79297 8.79297 8.79225
OP 82 0.650077 0.796173 0.620917 0.245288 0.370159 0.00010639
AC 82 7.9233 7.9233 7.92253
OP 83 0.64686 0.788602 0.622899 0.24716 0.370208 0.000105574
AC 83 8.54606 8.54606 8.54535
OP 84 0.65964 0.806143 0.629556 0.26834 0.364904 0.000101362
AC 84 9.13887 9.13887 9.13804
OP 85 0.652746 0.803033 0.618786 0.248759 0.370876 0.000107028
AC 85 8.92383 8.92383 8.92304
OP 86 0.653171 0.787528 0.615734 0.256174 0.372538 0.000109461
AC 86 8.22813 8.22813 8.22747
OP 87 0.646669 0.787598 0.612923 0.254051 0.37796 0.000110741
AC 87 8.86444 8.86444 8.86379
OP 88 0.649824 0.813173 0.629037 0.262468 0.366188 0.000101963
AC 88 8.93482 8.93482 8.93399
OP 89 0.644888 0.802304 0.625477 0.253604 0.367643 0.000103763
AC 89 7.51387 7.51387 7.51304
OP 90 0.622865 0.797874 0.617902 0.246783 0.372952 0.000108384
AC 90 8.27369 8.27369 8.27293
OP 91 0.64241 0.794189 0.624911 0.25321 0.369407 0.00010462
AC 91 8.06088 8.06088 8.06013
OP 92 0.655568 0.811805 0.629676 0.269849 0.364944 0.000101097
AC 92 8.8373 8.8373 8.83642
OP 93 0.640269 0.804654 0.627271 0.250938 0.365843 0.00010272
AC 93 8.7353 8.7353 8.73448
OP 94 0.647558 0.782248 0.619488 0.249805 0.37145 0.000108125
AC 94 7.94786 7.94786 7.94721
OP 95 0.635727 0.789585 0.629037 0.252752 0.370855 0.000103088
AC 95 7.1678 7.1678 7.1671
OP 96 0.650311 0.781225 0.620241 0.246088 0.369127 0.00010786
AC 96 7.27175 7.27175 7.27107
OP 97 0.643574 0.794562 0.626394 0.252354 0.369842 0.000103346
AC 97 7.75599 7.75599 7.75521
OP 98 0.637099 0.796895 0.623116 0.251034 0.370492 0.000105306
AC 98 8.15156 8.15156 8.15079
OP 99 0.644013 0.779093 0.623233 0.248942 0.372167 0.000106133
AC 99 5.67081 5.67081 5.67015
OP 100 0.639724 0.792489 0.617286 0.245684 0.373935 0.000108624
AC 100 7.55897 7.55897 7.55828
OP 101 0.645584 0.795023 0.622268 0.250815 0.371602 0.00010595
AC 101 9.48909 9.48909 9.48832
OP 102 0.649828 0.799036 0.627753 0.252089 0.366894 0.000102986
AC 102 9.32608 9.32608 9.32528
OP 103 0.632255 0.790901 0.615312 0.239333 0.373676 0.000109924
AC 103 6.79738 6.79738 6.79668
OP 104 0.641781 0.793717 0.615609 0.246313 0.373624 0.000109188
AC 104 8.20112 8.20112 8.20042
OP 105 0.653616 0.802347 0.619898 0.253488 0.370381 0.000106655
AC 105 8.85825 8.85825 8.85744
OP 106 0.660671 0.789058 0.616946 0.252542 0.372266 0.000108552
AC 106 8.02967 8.02967 8.02898
OP 107 0.649687 0.783527 0.625186 0.249502 0.37024 0.000105088
AC 107 7.55648 7.55648 7.5558
OP 108 0.664758 0.804409 0.63179 0.254277 0.365898 0.000100673
AC 108 8.81236 8.81236 8.81148
OP 109 0.653391 0.792736 0.615727 0.254174 0.375663 0.000109319
AC 109 8.36373 8.36373 8.36303
OP 110 0.642434 0.799424 0.63143 0.244373 0.36438 0.00010116
AC 110 7.75139 7.75139 7.75055
OP 111 0.644071 0.792405 0.628406 0.247926 0.368614 0.000103274
AC 111 7.63486 7.63486 7.63413
OP 112 0.654618 0.791796 0.622555 0.253351 0.36978 0.000106263
AC 112 7.86097 7.86097 7.86031
OP 113 0.636459 0.783591 0.618412 0.243922 0.372976 0.000108201
AC 113 6.80003 6.80003 6.79936
OP 114 0.632777 0.801517 0.617358 0.251072 0.37221 0.000107866
AC 114 8.81624 8.81624 8.8155
OP 115 0.638429 0.792781 0.618444 0.250048 0.373747 0.00010779
AC 115 8.6257 8.6257 8.62499
OP 116 0.643229 0.789209 0.628447 0.245941 0.369514 0.000103322
AC 116 7.77835 7.77835 7.7776
OP 117 0.654853 0.807712 0.628077 0.263402 0.365995 0.000102103
AC 117 9.30561 9.30561 9.30476
OP 118 0.645801 0.789358 0.621409 0.245129 0.368926 0.000106549
AC 118 8.26046 8.26046 8.25977
OP 119 0.652703 0.790324 0.629023 0.254668 0.369279 0.000102915
AC 119 8.48498 8.48498 8.48424
OP 120 0.648707 0.802222 0.625434 0.255008 0.367374 0.000103764
AC 120 8.63112 8.63112 8.6303
OP 121 0.643245 0.783503 0.618997 0.244529 0.375012 0.000108356
AC 121 6.75085 6.75085 6.75019
OP 122 0.653242 0.805939 0.631354 0.255392 0.364695 0.000100733
AC 122 8.09902 8.09902 8.0982
OP 123 0.639724 0.792995 0.613253 0.239967 0.374716 0.000110407
AC 123 8.03787 8.03787 8.03716
OP 124 0.653294 0.802355 0.62799 0.254782 0.366864 0.000102338
AC 124 8.68861 8.68861 8.68778
OP 125 0.646731 0.818373 0.62874 0.258967 0.366557 0.000101485
AC 125 8.72882 8.72882 8.72786
OP 126 0.650883 0.791989 0.617797 0.2488 0.373865 0.000108016
AC 126 8.98292 8.98292 8.9822
OP 127 0.644647 0.79496 0.622573 0.247281 0.369388 0.000105337
AC 127 8.11506 8.11506 8.11429
OP 128 0.638969 0.787685 0.615837 0.239631 0.374386 0.000109592
AC 128 7.65242 7.65242 7.65176
OP 129 0.649549 0.797153 0.622889 0.252018 0.370704 0.000105747
AC 129 8.96667 8.96667 8.96594
OP 130 0.664776 0.781816 0.614521 0.255007 0.376771 0.000110379
AC 130 7.64134 7.64134 7.64069
OP 131 0.642214 0.802036 0.620818 0.248818 0.372724 0.000106278
AC 131 9.26874 9.26874 9.26793
OP 132 0.646212 0.781633 0.623375 0.251362 0.372209 0.000106165
AC 132 7.85893 7.85893 7.85828
OP 133 0.644366 0.800417 0.622795 0.251008 0.373155 0.000105175
AC 133 8.56513 8.56513 8.56437
OP 134 0.626059 0.790064 0.622415 0.242618 0.372027 0.000106564
AC 134 7.02971 7.02971 7.02902
OP 135 0.656425 0.800782 0.620411 0.251989 0.369019 0.000106599
AC 135 8.90673 8.90673 8.90596
OP 136 0.65429 0.809091 0.637954 0.254777 0.363858 9.7622E-05
AC 136 8.12371 8.12371 8.12278
OP 137 0.652804 0.794921 0.621718 0.250389 0.373752 0.000106473
AC 137 8.55973 8.55973 8.55899
OP 138 0.649469 0.795618 0.616802 0.248656 0.373334 0.000108283
AC 138 8.34493 8.34493 8.34418
OP 139 0.661506 0.788896 0.614037 0.256564 0.377437 0.000110789
AC 139 8.31916 8.31916 8.31851
OP 140 0.662549 0.791449 0.621537 0.263212 0.3699 0.000106279
AC 140 7.6594 7.6594 7.65868
OP 141 0.655781 0.79317 0.623387 0.259375 0.370303 0.000104782
AC 141 8.67934 8.67934 8.67857
OP 142 0.632307 0.806594 0.632088 0.257398 0.366911 0.000100264
AC 142 8.5732 8.5732 8.57232
OP 143 0.6378 0.813509 0.63008 0.253351 0.366474 0.000101286
AC 143 8.50041 8.50041 8.49949
OP 144 0.643205 0.801944 0.627551 0.253235 0.365641 0.00010291
AC 144 8.98439 8.98439 8.98361
OP 145 0.645851 0.795958 0.625429 0.251993 0.367749 0.000104232
AC 145 6.68128 6.68128 6.68054
OP 146 0.649622 0.806363 0.621347 0.247728 0.370739 0.000105548
AC 146 9.59502 9.59502 9.59417
OP 147 0.63809 0.793272 0.620443 0.250699 0.371775 0.00010704
AC 147 7.55195 7.55195 7.55123
OP 148 0.645739 0.810581 0.625943 0.259084 0.368642 0.000103193
AC 148 9.07889 9.07889 9.07803
OP 149 0.644566 0.787693 0.62272 0.252675 0.367871 0.000106098
AC 149 6.30963 6.30963 6.30893
OP 150 0.647142 0.804471 0.623362 0.259488 0.368061 0.000104177
AC 150 8.89956 8.89956 8.89872
OP 151 0.65601 0.79017 0.616181 0.250675 0.372807 0.000109789
AC 151 8.43521 8.43521 8.43453
OP 152 0.630583 0.786813 0.612202 0.241541 0.376474 0.000111759
AC 152 8.13512 8.13512 8.13447
OP 153 0.640356 0.786248 0.613867 0.238762 0.376268 0.000110558
AC 153 7.43997 7.43997 7.43927
OP 154 0.656331 0.788157 0.632931 0.24801 0.366045 0.000101345
AC 154 6.65055 6.65055 6.64982
OP 155 0.649372 0.792079 0.623379 0.254923 0.371362 0.000105487
AC 155 8.41661 8.41661 8.41587
OP 156 0.636335 0.804417 0.629968 0.250479 0.366501 0.000101776
AC 156 9.06615 9.06615 9.06531
OP 157 0.647402 0.80625 0.637697 0.252474 0.362647 9.76332E-05
AC 157 7.48491 7.48491 7.48399
OP 158 0.643147 0.792022 0.631563 0.244909 0.371305 0.000101777
AC 158 7.31376 7.31376 7.31295
OP 159 0.66062 0.796581 0.626289 0.263215 0.367101 0.000103556
AC 159 7.85048 7.85048 7.84974
OP 160 0.652613 0.796993 0.619594 0.256864 0.371496 0.000106761
AC 160 7.96933 7.96933 7.96861
OP 161 0.635254 0.800683 0.623382 0.246942 0.370702 0.000105061
AC 161 8.50145 8.50145 8.50071
OP 162 0.645202 0.801428 0.627302 0.252564 0.365415 0.000102762
AC 162 8.69384 8.69384 8.69302
OP 163 0.639039 0.785475 0.61357 0.25204 0.372294 0.000110706
AC 163 7.33206 7.33206 7.33142
OP 164 0.638469 0.794979 0.62648 0.251031 0.368264 0.000103951
AC 164 7.79683 7.79683 7.79608
OP 165 0.639115 0.781817 0.611891 0.245436 0.374614 0.000111691
AC 165 7.44292 7.44292 7.4423
OP 166 0.633488 0.77115 0.61192 0.245457 0.377049 0.000112134
AC 166 5.53856 5.53856 5.53796
OP 167 0.646225 0.807733 0.62956 0.259941 0.365427 0.00010201
AC 167 7.71432 7.71432 7.71348
OP 168 0.643052 0.793227 0.627092 0.257387 0.365392 0.00010315
AC 168 7.61892 7.61892 7.61814
OP 169 0.649175 0.814019 0.631197 0.261757 0.364419 0.000100562
AC 169 9.76645 9.76645 9.76554
OP 170 0.662521 0.793189 0.622074 0.253699 0.369951 0.000106075
AC 170 8.01583 8.01583 8.0151
OP 171 0.629331 0.799675 0.613165 0.243783 0.373814 0.000110786
AC 171 7.37493 7.37493 7.37421
OP 172 0.647273 0.792213 0.612443 0.250071 0.374404 0.00011082
AC 172 8.90472 8.90472 8.904
OP 173 0.646968 0.791295 0.621014 0.247128 0.374193 0.000106871
AC 173 6.70392 6.70392 6.7032
OP 174 0.660213 0.802914 0.624487 0.257981 0.367393 0.000104602
AC 174 9.07115 9.07115 9.07035
OP 175 0.641845 0.806763 0.626848 0.252098 0.368061 0.000102832
AC 175 7.55872 7.55872 7.55785
OP 176 0.646395 0.792254 0.626533 0.249781 0.368856 0.000103841
AC 176 7.80974 7.80974 7.80901
OP 177 0.632171 0.797852 0.62051 0.252628 0.37328 0.00010655
AC 177 7.29155 7.29155 7.2908
OP 178 0.637816 0.791647 0.618677 0.248973 0.371924 0.000107492
AC 178 8.75267 8.75267 8.75195
OP 179 0.652456 0.794879 0.611168 0.241781 0.373545 0.000111572
AC 179 8.34788 8.34788 8.34718
OP 180 0.654566 0.789845 0.612541 0.248647 0.374148 0.000110763
AC 180 8.69649 8.69649 8.69581
OP 181 0.640905 0.794816 0.626157 0.251707 0.370797 0.000104421
AC 181 7.68829 7.68829 7.68756
OP 182 0.635891 0.793092 0.622548 0.25179 0.371896 0.000106154
AC 182 8.62382 8.62382 8.62308
OP 183 0.645679 0.793317 0.614355 0.250883 0.375483 0.000110076
AC 183 8.64263 8.64263 8.64191
OP 184 0.659994 0.794874 0.62037 0.244233 0.371869 0.000106585
AC 184 8.6904 8.6904 8.68964
OP 185 0.639791 0.794552 0.618178 0.248198 0.372179 0.000107784
AC 185 6.38569 6.38569 6.38498
OP 186 0.646249 0.795147 0.622129 0.243152 0.374316 0.000106386
AC 186 8.78359 8.78359 8.78286
OP 187 0.638581 0.797719 0.632252 0.251554 0.367018 0.000100771
AC 187 8.23047 8.23047 8.22967
OP 188 0.642379 0.800452 0.624266 0.249995 0.37168 0.000104355
AC 188 8.50988 8.50988 8.50905
OP 189 0.639433 0.801491 0.622026 0.248916 0.3698 0.00010563
AC 189 8.01706 8.01706 8.01625
OP 190 0.63185 0.795948 0.624437 0.238327 0.37046 0.000104977
AC 190 7.65744 7.65744 7.65667
OP 191 0.624858 0.791339 0.622015 0.240048 0.372711 0.00010647
AC 191 6.6856 6.6856 6.68492
OP 192 0.639002 0.798543 0.624745 0.246371 0.368436 0.000104223
AC 192 7.51769 7.51769 7.5169
OP 193 0.648499 0.803085 0.622694 0.260804 0.369982 0.000105129
AC 193 9.49059 9.49059 9.48978
OP 194 0.630348 0.7957 0.62567 0.246822 0.370906 0.000104423
AC 194 7.64559 7.64559 7.64487
OP 195 0.64446 0.79396 0.624652 0.258425 0.368391 0.000104352
AC 195 8.5595 8.5595 8.55876
OP 196 0.648612 0.785099 0.616806 0.246223 0.372366 0.000108941
AC 196 7.66983 7.66983 7.66914
OP 197 0.655022 0.788926 0.620703 0.247382 0.371178 0.000106731
AC 197 7.5518 7.5518 7.55112
OP 198 0.644796 0.801173 0.630527 0.251875 0.363372 0.000101721
AC 198 8.56754 8.56754 8.5667
OP 199 0.638578 0.800173 0.628501 0.251827 0.369044 0.00010246
AC 199 8.26584 8.26584 8.26502
OP 200 0.645336 0.806067 0.6344 0.25563 0.36336 9.95113E-05
AC 200 8.50367 8.50367 8.5028
OP 201 0.634154 0.802356 0.62914 0.254315 0.371009 0.000102079
AC 201 7.53371 7.53371 7.5329
OP 202 0.633916 0.79479 0.624086 0.239803 0.371134 0.00010525
AC 202 7.44351 7.44351 7.44279
OP 203 0.63495 0.8096 0.625567 0.253285 0.368038 0.000103536
AC 203 8.48712 8.48712 8.48625
OP 204 0.648323 0.800001 0.616115 0.254237 0.374132 0.000108849
AC 204 9.04422 9.04422 9.04348
OP 205 0.634658 0.797557 0.614212 0.244942 0.374331 0.000109919
AC 205 7.5874 7.5874 7.58667
OP 206 0.640678 0.799207 0.625093 0.252361 0.369419 0.000104654
AC 206 7.95036 7.95036 7.94961
OP 207 0.635844 0.806811 0.61338 0.253919 0.374999 0.000109379
AC 207 9.54567 9.54567 9.54486
OP 208 0.654884 0.79852 0.626095 0.255898 0.370755 0.00010403
AC 208 8.61496 8.61496 8.61418
OP 209 0.638107 0.797204 0.624667 0.249094 0.368155 0.00010445
AC 209 7.87856 7.87856 7.8778
OP 210 0.653198 0.802948 0.617145 0.259522 0.371684 0.000107947
AC 210 8.91334 8.91334 8.91256
OP 211 0.655423 0.800813 0.63357 0.257356 0.364617 0.000100391
AC 211 8.2615 8.2615 8.26066
OP 212 0.637292 0.785102 0.617727 0.243963 0.371344 0.00010847
AC 212 7.24202 7.24202 7.24134
OP 213 0.648815 0.779474 0.616803 0.247258 0.375214 0.000109535
AC 213 7.3601 7.3601 7.35947
OP 214 0.645263 0.794856 0.624251 0.252216 0.370121 0.00010494
AC 214 9.59956 9.59956 9.59879
OP 215 0.624591 0.791562 0.628336 0.243084 0.369411 0.000103044
AC 215 6.06149 6.06149 6.06074
OP 216 0.647548 0.784879 0.613361 0.237821 0.377283 0.000111227
AC 216 7.18038 7.18038 7.17973
OP 217 0.641818 0.784759 0.619769 0.241656 0.374805 0.000108507
AC 217 6.3564 6.3564 6.35575
OP 218 0.645738 0.784169 0.621895 0.247115 0.372397 0.000106537
AC 218 6.79651 6.79651 6.79582
OP 219 0.642072 0.803875 0.632681 0.250758 0.364422 0.000100239
AC 219 8.3921 8.3921 8.39122
OP 220 0.626058 0.807511 0.628938 0.256296 0.367032 0.000101848
AC 220 8.19167 8.19167 8.1908
OP 221 0.618056 0.803873 0.625788 0.247512 0.369485 0.000103537
AC 221 7.30026 7.30026 7.29946
OP 222 0.64543 0.790219 0.624649 0.243052 0.369503 0.000104848
AC 222 6.96127 6.96127 6.96052
OP 223 0.643275 0.778494 0.610593 0.2393 0.378825 0.000113355
AC 223 6.5794 6.5794 6.57876
OP 224 0.64231 0.786295 0.61609 0.24493 0.373661 0.000109854
AC 224 7.22534 7.22534 7.22465
OP 225 0.635834 0.799973 0.63494 0.25171 0.363497 9.94728E-05
AC 225 8.18261 8.18261 8.18179
OP 226 0.629472 0.783932 0.610234 0.239619 0.378763 0.00011256
AC 226 7.61963 7.61963 7.61899
OP 227 0.643868 0.785666 0.619657 0.245152 0.372518 0.000107768
AC 227 7.07791 7.07791 7.07723
OP 228 0.651862 0.801236 0.629406 0.260153 0.365381 0.000102259
AC 228 9.22396 9.22396 9.22311
OP 229 0.644729 0.792214 0.631097 0.251158 0.364947 0.000101935
AC 229 7.59989 7.59989 7.59914
OP 230 0.647032 0.805064 0.627227 0.260981 0.366766 0.00010289
AC 230 8.73775 8.73775 8.73695
OP 231 0.647091 0.802927 0.62501 0.256131 0.368267 0.000103837
AC 231 9.27717 9.27717 9.27634
OP 232 0.63318 0.808708 0.63024 0.252781 0.367455 0.000100869
AC 232 9.068 9.068 9.0671
OP 233 0.655386 0.787166 0.618779 0.251268 0.374016 0.000107915
AC 233 7.56009 7.56009 7.55942
OP 234 0.637083 0.803505 0.632145 0.254983 0.365254 0.000100851
AC 234 8.25879 8.25879 8.25799
OP 235 0.648736 0.802223 0.618069 0.249147 0.369313 0.00010781
AC 235 8.49215 8.49215 8.49136
OP 236 0.64385 0.797982 0.629157 0.25178 0.366162 0.000102045
AC 236 7.93983 7.93983 7.93901
OP 237 0.631602 0.785649 0.619241 0.238632 0.372098 0.000108123
AC 237 7.33979 7.33979 7.33909
OP 238 0.64999 0.792897 0.624453 0.245593 0.368392 0.000105019
AC 238 7.81617 7.81617 7.81542
OP 239 0.643564 0.791228 0.621895 0.252364 0.370825 0.000106022
AC 239 6.73015 6.73015 6.72943
OP 240 0.644943 0.800979 0.620524 0.249409 0.371394 0.000106546
AC 240 8.24974 8.24974 8.24896
OP 241 0.643294 0.795294 0.621229 0.246129 0.37315 0.000106477
AC 241 7.35544 7.35544 7.35468
OP 242 0.63653 0.800138 0.623229 0.248095 0.367478 0.000105218
AC 242 8.54445 8.54445 8.54365
OP 243 0.639259 0.7875 0.610216 0.242491 0.37778 0.000111954
AC 243 8.16606 8.16606 8.16539
OP 244 0.62323 0.805896 0.617372 0.231265 0.374501 0.000107907
AC 244 7.97391 7.97391 7.97308
OP 245 0.639996 0.780745 0.620595 0.252063 0.373025 0.000107766
AC 245 6.22281 6.22281 6.22217
OP 246 0.641818 0.792933 0.62138 0.253276 0.370582 0.000106324
AC 246 8.1791 8.1791 8.17835
OP 247 0.650364 0.796656 0.62366 0.252581 0.369082 0.000105066
AC 247 7.66863 7.66863 7.66782
OP 248 0.63967 0.79648 0.626764 0.251618 0.368885 0.000103881
AC 248 7.88462 7.88462 7.88387
OP 249 0.638446 0.795814 0.633797 0.246018 0.366272 0.000100272
AC 249 7.6095 7.6095 7.60874
OP 250 0.646246 0.797783 0.623724 0.253806 0.371707 0.000104979
AC 250 8.05429 8.05429 8.05353
OP 251 0.663599 0.794242 0.624844 0.25533 0.36917 0.000104674
AC 251 8.18299 8.18299 8.18222
OP 252 0.638553 0.796478 0.613234 0.240938 0.375647 0.000110431
AC 252 7.75114 7.75114 7.75041
OP 253 0.638065 0.799897 0.626656 0.248441 0.369183 0.000103222
AC 253 7.6268 7.6268 7.62602
OP 254 0.63881 0.802927 0.630363 0.25248 0.367809 0.00010173
AC 254 7.66026 7.66026 7.65947
OP 255 0.642096 0.804958 0.627781 0.255976 0.369598 0.000102428
AC 255 7.6384 7.6384 7.63759
OP 256 0.645764 0.803563 0.628463 0.247985 0.366861 0.00010217
AC 256 8.02115 8.02115 8.0203
OP 257 0.65436 0.792056 0.606383 0.249731 0.377484 0.000113938
AC 257 8.94309 8.94309 8.94245
OP 258 0.631896 0.79499 0.625399 0.246469 0.370691 0.000104451
AC 258 7.40631 7.40631 7.40558
OP 259 0.646635 0.791516 0.611619 0.24794 0.375403 0.000111888
AC 259 8.45049 8.45049 8.44983
OP 260 0.63691 0.783175 0.618322 0.235621 0.372788 0.00010879
AC 260 7.15898 7.15898 7.15829
OP 261 0.654721 0.791861 0.615495 0.242038 0.374698 0.000109089
AC 261 8.97561 8.97561 8.97486
OP 262 0.646818 0.788092 0.623307 0.247978 0.372038 0.000105678
AC 262 7.35982 7.35982 7.35914
OP 263 0.637396 0.804022 0.627479 0.254576 0.366968 0.000103027
AC 263 9.16472 9.16472 9.1639
OP 264 0.64979 0.787583 0.62623 0.248022 0.365978 0.000104238
AC 264 6.97849 6.97849 6.97777
OP 265 0.639395 0.790065 0.629945 0.247922 0.365729 0.000102524
AC 265 7.10999 7.10999 7.10921
OP 266 0.629686 0.792205 0.620853 0.246237 0.37209 0.000106288
AC 266 7.00138 7.00138 7.00063
OP 267 0.652074 0.805602 0.625919 0.25176 0.365158 0.000103291
AC 267 10.1537 10.1537 10.1529
OP 268 0.652048 0.793335 0.615795 0.251904 0.374734 0.000109008
AC 268 9.11273 9.11273 9.11203
OP 269 0.642366 0.79805 0.629378 0.250419 0.367474 0.000102029
AC 269 7.8623 7.8623 7.8615
OP 270 0.64449 0.803026 0.633484 0.250237 0.362915 9.99352E-05
AC 270 9.15296 9.15296 9.15207
OP 271 0.664679 0.781869 0.61075 0.260149 0.376324 0.000112581
AC 271 7.704 7.704 7.70338
OP 272 0.632207 0.79072 0.617358 0.244291 0.373456 0.000108205
AC 272 7.12377 7.12377 7.12306
OP 273 0.623625 0.809023 0.635262 0.249585 0.36346 9.89713E-05
AC 273 6.82091 6.82091 6.82006
OP 274 0.655559 0.799303 0.62343 0.259876 0.369421 0.000104817
AC 274 8.79609 8.79609 8.79531
OP 275 0.65668 0.790417 0.621741 0.253821 0.371397 0.00010621
AC 275 9.08415 9.08415 9.08343
OP 276 0.661517 0.789663 0.625485 0.253392 0.369165 0.000104258
AC 276 8.82766 8.82766 8.82694
OP 277 0.63393 0.801749 0.630629 0.243527 0.367331 0.000101958
AC 277 7.27366 7.27366 7.27287
OP 278 0.634512 0.79326 0.615718 0.242156 0.37452 0.000109228
AC 278 8.21372 8.21372 8.21296
OP 279 0.637274 0.79489 0.622413 0.24521 0.369336 0.00010543
AC 279 7.74124 7.74124 7.74047
OP 280 0.638338 0.797699 0.62346 0.250985 0.36809 0.000104899
AC 280 8.79712 8.79712 8.79634
OP 281 0.655482 0.789871 0.622295 0.251333 0.371409 0.000106015
AC 281 8.05444 8.05444 8.05372
OP 282 0.648726 0.80161 0.622414 0.252634 0.369377 0.000104963
AC 282 8.93929 8.93929 8.93849
OP 283 0.641518 0.786881 0.617025 0.254299 0.374153 0.000109023
AC 283 7.93067 7.93067 7.92999
OP 284 0.644027 0.798537 0.621844 0.255746 0.370063 0.000105925
AC 284 8.94393 8.94393 8.94318
OP 285 0.643573 0.792153 0.624576 0.247779 0.369264 0.000104953
AC 285 8.0054 8.0054 8.00468
OP 286 0.647818 0.800535 0.627203 0.254471 0.366668 0.000103426
AC 286 8.25483 8.25483 8.25398
OP 287 0.629417 0.798055 0.624198 0.249264 0.369581 0.000105012
AC 287 6.54442 6.54442 6.54369
OP 288 0.646179 0.800183 0.627777 0.250242 0.369835 0.000102917
AC 288 7.10063 7.10063 7.09979
OP 289 0.633241 0.801935 0.62743 0.244903 0.367869 0.000102604
AC 289 8.21619 8.21619 8.21536
OP 290 0.650756 0.797286 0.624938 0.254531 0.371178 0.000104711
AC 290 7.93091 7.93091 7.93019
OP 291 0.657554 0.784675 0.614921 0.253136 0.37381 0.000109756
AC 291 8.59968 8.59968 8.59902
OP 292 0.643399 0.79173 0.624416 0.254057 0.370991 0.000104732
AC 292 7.49051 7.49051 7.48977
OP 293 0.646485 0.79178 0.622062 0.246991 0.372309 0.000106279
AC 293 8.40877 8.40877 8.40806
OP 294 0.642556 0.792448 0.622077 0.24772 0.370859 0.000106077
AC 294 7.51913 7.51913 7.51839
OP 295 0.643045 0.808649 0.625412 0.253797 0.371099 0.000103249
AC 295 8.26408 8.26408 8.26316
OP 296 0.641259 0.800558 0.61439 0.253227 0.375037 0.000109156
AC 296 9.62598 9.62598 9.62523
OP 297 0.653257 0.787438 0.614205 0.244998 0.37436 0.000110081
AC 297 8.38978 8.38978 8.3891
OP 298 0.637322 0.807607 0.622686 0.244106 0.371819 0.000105395
AC 298 9.13362 9.13362 9.13278
OP 299 0.641208 0.801913 0.626354 0.250008 0.369407 0.000103549
AC 299 8.76847 8.76847 8.76765
