OP 0 0.632538 0.702074 0.507075 0.11912 0.464276 0.000118493
AC 0 5.84209 5.84209 5.84098
OP 1 0.647088 0.689088 0.505257 0.126812 0.466371 0.000120564
AC 1 5.12348 5.12348 5.12244
OP 2 0.652004 0.706159 0.51302 0.130959 0.462711 0.000114416
AC 2 9.00626 9.00626 9.00508
OP 3 0.654749 0.704041 0.498419 0.125225 0.467254 0.000124928
AC 3 8.1542 8.1542 8.1531
OP 4 0.639515 0.679104 0.50147 0.112987 0.468158 0.000123837
AC 4 1.35176 1.35176 1.35086
OP 5 0.657119 0.706547 0.521562 0.132229 0.457537 0.000107836
AC 5 8.33628 8.33628 8.33487
OP 6 0.651432 0.705361 0.512074 0.127778 0.460413 0.000114167
AC 6 8.62041 8.62041 8.61915
OP 7 0.653566 0.693743 0.506735 0.127122 0.467137 0.000119976
AC 7 6.19634 6.19634 6.19527
OP 8 0.631828 0.700142 0.514326 0.118734 0.462995 0.000113912
AC 8 6.29876 6.29876 6.2976
OP 9 0.651726 0.697592 0.505929 0.133418 0.46537 0.000119059
AC 9 7.53317 7.53317 7.53207
OP 10 0.676382 0.701805 0.504636 0.141718 0.469044 0.00011961
AC 10 10.1101 10.1101 10.1089
OP 11 0.647317 0.694142 0.496233 0.127851 0.470509 0.00012712
AC 11 8.44984 8.44984 8.44885
OP 12 0.654289 0.687763 0.504893 0.127016 0.466279 0.000120968
AC 12 7.23384 7.23384 7.23284
OP 13 0.644667 0.686681 0.50472 0.128854 0.466446 0.000121026
AC 13 5.57243 5.57243 5.57147
OP 14 0.649936 0.702471 0.512265 0.133051 0.464406 0.000114198
AC 14 7.5721 7.5721 7.57083
OP 15 0.641111 0.702357 0.510501 0.128069 0.464108 0.000116137
AC 15 8.53901 8.53901 8.53776
OP 16 0.639767 0.694532 0.500415 0.129984 0.472118 0.00012288
AC 16 5.82449 5.82449 5.82342
OP 17 0.654504 0.703665 0.511965 0.135032 0.46353 0.000114556
AC 17 8.96847 8.96847 8.96713
OP 18 0.653049 0.698908 0.505081 0.128708 0.465925 0.000119982
AC 18 8.27458 8.27458 8.27345
OP 19 0.654695 0.694785 0.503859 0.126132 0.465834 0.00012198
AC 19 6.17204 6.17204 6.17105
OP 20 0.648997 0.692978 0.509627 0.130262 0.464085 0.000117016
AC 20 5.99547 5.99547 5.9944
OP 21 0.657228 0.706811 0.497478 0.136794 0.469231 0.00012517
AC 21 9.33507 9.33507 9.33379
OP 22 0.647978 0.704143 0.509275 0.126249 0.465344 0.000116895
AC 22 8.7646 8.7646 8.76335
OP 23 0.656338 0.694437 0.505846 0.12347 0.46714 0.000119697
AC 23 7.72599 7.72599 7.72488
OP 24 0.648789 0.68401 0.504004 0.130283 0.467187 0.000121851
AC 24 4.92533 4.92533 4.92442
OP 25 0.64942 0.699178 0.502289 0.126991 0.466495 0.000122447
AC 25 6.95005 6.95005 6.94902
OP 26 0.643658 0.692614 0.505067 0.121583 0.465926 0.000120734
AC 26 6.55052 6.55052 6.54948
OP 27 0.654814 0.673741 0.493172 0.12809 0.470855 0.000129893
AC 27 4.87246 4.87246 4.87166
OP 28 0.652121 0.707147 0.508864 0.125397 0.462072 0.000117065
AC 28 7.69487 7.69487 7.69355
OP 29 0.657119 0.703448 0.506692 0.135741 0.462969 0.000118247
AC 29 7.88379 7.88379 7.88258
OP 30 0.650082 0.690722 0.492714 0.126478 0.4718 0.000130242
AC 30 6.52848 6.52848 6.5276
OP 31 0.640542 0.71281 0.515194 0.130244 0.459401 0.000112493
AC 31 9.51074 9.51074 9.50929
OP 32 0.632499 0.713556 0.515469 0.129742 0.461746 0.000112049
AC 32 7.52794 7.52794 7.52658
OP 33 0.64135 0.699912 0.508617 0.12851 0.463874 0.000117719
AC 33 8.41451 8.41451 8.41333
OP 34 0.643228 0.68802 0.50919 0.124219 0.463284 0.000117776
AC 34 4.18987 4.18987 4.18889
OP 35 0.650689 0.693638 0.495954 0.125663 0.469259 0.000126746
AC 35 6.93553 6.93553 6.93449
OP 36 0.654519 0.700748 0.493149 0.1295 0.469786 0.000128345
AC 36 8.76998 8.76998 8.76888
OP 37 0.648691 0.693374 0.501513 0.125865 0.467048 0.000122891
AC 37 7.69871 7.69871 7.69764
OP 38 0.64433 0.706855 0.52427 0.133538 0.458265 0.000105914
AC 38 7.77291 7.77291 7.77155
OP 39 0.643816 0.702912 0.50384 0.130737 0.468134 0.000120446
AC 39 8.50928 8.50928 8.50808
OP 40 0.660544 0.695658 0.502468 0.129989 0.469372 0.000122337
AC 40 8.22987 8.22987 8.22886
OP 41 0.655899 0.717373 0.524398 0.144621 0.457218 0.000105879
AC 41 10.3228 10.3228 10.3212
OP 42 0.653046 0.699342 0.507179 0.133554 0.464474 0.000118626
AC 42 7.33356 7.33356 7.3324
OP 43 0.65167 0.711129 0.505733 0.135449 0.462161 0.000118251
AC 43 8.64156 8.64156 8.64017
OP 44 0.639099 0.699339 0.507131 0.124065 0.462936 0.000118822
AC 44 7.81292 7.81292 7.81176
OP 45 0.63834 0.702558 0.508995 0.12062 0.466501 0.000117436
AC 45 7.11181 7.11181 7.11059
OP 46 0.652419 0.725728 0.516962 0.138519 0.458945 0.000110124
AC 46 10.3157 10.3157 10.3141
OP 47 0.658244 0.700089 0.504808 0.13648 0.467263 0.000120106
AC 47 8.6814 8.6814 8.68031
OP 48 0.658386 0.711694 0.515106 0.133621 0.462546 0.000112281
AC 48 8.23341 8.23341 8.23198
OP 49 0.638467 0.703181 0.515207 0.122207 0.462122 0.000113744
AC 49 6.84896 6.84896 6.84778
OP 50 0.651401 0.701661 0.504245 0.128043 0.466963 0.000120913
AC 50 6.45493 6.45493 6.45372
OP 51 0.633389 0.707999 0.51 0.12171 0.465672 0.000116131
AC 51 7.97952 7.97952 7.97825
OP 52 0.638771 0.688238 0.49332 0.119102 0.469033 0.000128924
AC 52 6.35019 6.35019 6.34922
OP 53 0.647367 0.693496 0.503906 0.129632 0.465681 0.000121043
AC 53 7.06358 7.06358 7.0625
OP 54 0.639808 0.706384 0.510597 0.132839 0.462662 0.000116263
AC 54 9.55206 9.55206 9.55074
OP 55 0.637552 0.701469 0.503404 0.122551 0.467036 0.000120479
AC 55 7.38678 7.38678 7.38564
OP 56 0.657197 0.686391 0.485177 0.127465 0.476332 0.000136353
AC 56 6.74193 6.74193 6.74105
OP 57 0.656493 0.703137 0.511028 0.132416 0.464895 0.000115611
AC 57 8.67601 8.67601 8.67474
OP 58 0.644205 0.693527 0.50368 0.12572 0.466852 0.000121503
AC 58 6.50998 6.50998 6.50895
OP 59 0.639273 0.707264 0.504132 0.121947 0.465924 0.000120034
AC 59 8.47952 8.47952 8.47824
OP 60 0.646531 0.712301 0.513012 0.131801 0.462586 0.000113974
AC 60 8.39941 8.39941 8.39812
OP 61 0.66078 0.686203 0.504126 0.128886 0.466339 0.000121681
AC 61 4.99223 4.99223 4.99131
OP 62 0.647401 0.70603 0.517464 0.131958 0.46054 0.000110721
AC 62 8.57235 8.57235 8.57102
OP 63 0.667984 0.700849 0.500124 0.13414 0.466449 0.000123129
AC 63 9.27142 9.27142 9.27022
OP 64 0.635668 0.69475 0.502905 0.122068 0.465976 0.000122016
AC 64 6.18217 6.18217 6.18108
OP 65 0.647958 0.704522 0.503495 0.133992 0.467242 0.000121207
AC 65 7.16838 7.16838 7.16721
OP 66 0.648922 0.709581 0.509229 0.133929 0.461247 0.000116018
AC 66 8.18731 8.18731 8.18601
OP 67 0.636731 0.705384 0.51338 0.121737 0.462214 0.000113463
AC 67 7.17485 7.17485 7.17359
OP 68 0.638929 0.698853 0.497864 0.119101 0.46729 0.000125269
AC 68 7.13492 7.13492 7.13388
OP 69 0.644164 0.701282 0.503246 0.120796 0.466599 0.000120867
AC 69 6.04722 6.04722 6.04597
OP 70 0.642589 0.699918 0.50092 0.130829 0.467247 0.000122852
AC 70 8.61715 8.61715 8.61611
OP 71 0.653606 0.697987 0.506339 0.131359 0.465218 0.000119128
AC 71 7.30225 7.30225 7.30117
OP 72 0.641777 0.699232 0.504218 0.121673 0.467692 0.000121317
AC 72 5.42087 5.42087 5.41977
OP 73 0.642558 0.703083 0.50773 0.128359 0.464846 0.000117688
AC 73 5.41188 5.41188 5.41064
OP 74 0.657319 0.703169 0.505949 0.132587 0.464898 0.000118744
AC 74 8.61215 8.61215 8.61088
OP 75 0.666402 0.69942 0.496674 0.132353 0.468775 0.000125827
AC 75 9.108 9.108 9.10683
OP 76 0.63689 0.709958 0.505956 0.124882 0.467186 0.000119305
AC 76 7.34128 7.34128 7.34001
OP 77 0.636828 0.696753 0.503951 0.121016 0.466674 0.000120976
AC 77 3.23635 3.23635 3.23522
OP 78 0.636188 0.69773 0.505685 0.125369 0.465946 0.000120268
AC 78 5.27569 5.27569 5.2746
OP 79 0.646346 0.680759 0.493055 0.126546 0.471998 0.000130414
AC 79 4.96601 4.96601 4.96515
OP 80 0.662104 0.70674 0.509134 0.139485 0.464248 0.000116877
AC 80 10.5694 10.5694 10.5681
OP 81 0.636867 0.681607 0.50146 0.11387 0.470079 0.000124465
AC 81 0.35248 0.35248 0.351596
OP 82 0.653918 0.701654 0.506658 0.131708 0.465018 0.000119261
AC 82 8.30724 8.30724 8.30608
OP 83 0.645878 0.680007 0.491363 0.1211 0.471615 0.000131826
AC 83 4.60131 4.60131 4.60039
OP 84 0.646293 0.705301 0.517132 0.125143 0.46235 0.000111617
AC 84 6.49722 6.49722 6.49588
OP 85 0.65187 0.698707 0.506066 0.127482 0.465643 0.000119363
AC 85 7.82397 7.82397 7.8228
OP 86 0.65223 0.694507 0.504884 0.130041 0.463089 0.000120744
AC 86 7.22042 7.22042 7.21934
OP 87 0.637453 0.711606 0.514076 0.131887 0.459409 0.000113103
AC 87 8.60556 8.60556 8.60428
OP 88 0.660344 0.693377 0.512125 0.121131 0.462348 0.000114669
AC 88 3.27051 3.27051 3.26934
OP 89 0.641983 0.6976 0.502739 0.122656 0.468453 0.000121147
AC 89 6.45989 6.45989 6.45876
OP 90 0.648779 0.700604 0.503744 0.126469 0.466146 0.000120623
AC 90 7.69216 7.69216 7.69104
OP 91 0.648001 0.709558 0.512983 0.13262 0.463765 0.000114323
AC 91 7.94328 7.94328 7.94192
OP 92 0.648864 0.705543 0.509934 0.129586 0.462596 0.000115864
AC 92 7.91322 7.91322 7.91192
OP 93 0.663595 0.690261 0.495778 0.128404 0.471103 0.000127239
AC 93 7.8163 7.8163 7.8153
OP 94 0.62857 0.702574 0.506441 0.123706 0.463354 0.000118229
AC 94 6.25176 6.25176 6.2505
OP 95 0.655276 0.695734 0.501301 0.130796 0.466715 0.000122999
AC 95 7.05558 7.05558 7.05452
OP 96 0.650351 0.694628 0.49581 0.12679 0.470065 0.000126486
AC 96 6.58902 6.58902 6.58798
OP 97 0.649507 0.688624 0.51798 0.129862 0.457728 0.000111833
AC 97 6.45995 6.45995 6.4589
OP 98 0.639302 0.691181 0.496253 0.120644 0.47181 0.000127406
AC 98 6.38615 6.38615 6.38518
OP 99 0.658367 0.692815 0.494482 0.134858 0.469039 0.000127643
AC 99 7.39714 7.39714 7.39614
OP 100 0.65024 0.704577 0.513159 0.126177 0.463902 0.000114591
AC 100 7.44424 7.44424 7.44298
OP 101 0.651353 0.708665 0.51071 0.131266 0.463537 0.000115378
AC 101 8.99634 8.99634 8.99497
OP 102 0.635028 0.714077 0.516657 0.128784 0.463221 0.000111791
AC 102 6.93762 6.93762 6.93635
OP 103 0.634829 0.704803 0.514321 0.124447 0.461224 0.000113304
AC 103 7.5038 7.5038 7.50252
OP 104 0.639624 0.694257 0.507064 0.1222 0.466568 0.000119087
AC 104 5.51235 5.51235 5.51129
OP 105 0.635224 0.692499 0.499032 0.12479 0.46889 0.000125142
AC 105 6.56063 6.56063 6.55963
OP 106 0.65251 0.705833 0.505022 0.138182 0.463655 0.000119157
AC 106 10.6665 10.6665 10.6652
OP 107 0.639778 0.70558 0.506539 0.122958 0.464213 0.000118608
AC 107 6.64816 6.64816 6.64694
OP 108 0.638064 0.704162 0.502295 0.121592 0.46469 0.000121704
AC 108 6.32198 6.32198 6.32081
OP 109 0.642152 0.703877 0.508955 0.121626 0.463009 0.000117852
AC 109 6.57718 6.57718 6.57597
OP 110 0.658275 0.685301 0.497125 0.118748 0.470329 0.000126797
AC 110 4.96424 4.96424 4.96332
OP 111 0.633721 0.704524 0.511548 0.120397 0.465476 0.000114993
AC 111 7.8633 7.8633 7.86194
OP 112 0.651442 0.694967 0.503866 0.126946 0.467118 0.000121909
AC 112 5.9485 5.9485 5.94741
OP 113 0.647313 0.71172 0.518557 0.136587 0.461763 0.000110148
AC 113 9.45251 9.45251 9.45111
OP 114 0.648587 0.699355 0.50801 0.128952 0.46264 0.00011789
AC 114 6.81283 6.81283 6.81172
OP 115 0.641734 0.708015 0.5044 0.124836 0.464994 0.000120269
AC 115 8.80762 8.80762 8.8064
OP 116 0.651863 0.703946 0.507753 0.128941 0.464826 0.00011801
AC 116 8.39961 8.39961 8.39837
OP 117 0.633066 0.722141 0.525323 0.12849 0.456326 0.00010485
AC 117 8.0795 8.0795 8.07786
OP 118 0.660394 0.694782 0.504752 0.13314 0.4635 0.000120152
AC 118 7.44124 7.44124 7.44013
OP 119 0.650195 0.685265 0.505801 0.121363 0.466415 0.000120907
AC 119 4.79201 4.79201 4.79102
OP 120 0.646381 0.712475 0.515806 0.131313 0.462455 0.000112061
AC 120 6.4183 6.4183 6.41693
OP 121 0.642899 0.698423 0.499798 0.127565 0.465506 0.000123965
AC 121 6.8079 6.8079 6.80685
OP 122 0.664884 0.7065 0.507791 0.141579 0.467462 0.000117926
AC 122 8.63758 8.63758 8.63631
OP 123 0.654224 0.70013 0.518379 0.140901 0.460859 0.000110572
AC 123 8.04305 8.04305 8.04187
OP 124 0.666678 0.685796 0.498211 0.133937 0.470139 0.000125819
AC 124 6.98789 6.98789 6.98696
OP 125 0.646799 0.715018 0.510981 0.137293 0.462344 0.000114565
AC 125 8.78125 8.78125 8.77986
OP 126 0.651945 0.701824 0.507392 0.130932 0.464847 0.000118299
AC 126 7.57768 7.57768 7.57637
OP 127 0.667846 0.709528 0.515416 0.141774 0.461439 0.000112298
AC 127 8.82096 8.82096 8.81963
OP 128 0.631166 0.702389 0.504313 0.128775 0.469578 0.000120164
AC 128 8.11728 8.11728 8.11609
OP 129 0.669899 0.697627 0.511336 0.138316 0.462939 0.000116413
AC 129 6.81948 6.81948 6.81838
OP 130 0.647194 0.697032 0.506459 0.130242 0.464745 0.000119198
AC 130 7.21241 7.21241 7.21127
OP 131 0.645314 0.700789 0.508927 0.127511 0.462371 0.000117466
AC 131 6.2164 6.2164 6.21529
OP 132 0.644613 0.700158 0.504603 0.124598 0.466051 0.000120155
AC 132 7.50787 7.50787 7.50674
OP 133 0.652876 0.683302 0.495483 0.125174 0.472317 0.000128362
AC 133 6.9359 6.9359 6.93497
OP 134 0.646853 0.698336 0.503024 0.128462 0.465783 0.000121293
AC 134 7.73746 7.73746 7.73627
OP 135 0.652449 0.726006 0.514572 0.138713 0.460673 0.000111522
AC 135 9.75808 9.75808 9.75626
OP 136 0.643476 0.690657 0.495273 0.122041 0.469367 0.000127625
AC 136 5.90554 5.90554 5.90454
OP 137 0.658551 0.696741 0.507069 0.132898 0.464598 0.000118624
AC 137 6.00668 6.00668 6.00559
OP 138 0.64494 0.697018 0.509335 0.123737 0.466297 0.000117443
AC 138 6.17279 6.17279 6.17165
OP 139 0.659783 0.695115 0.497806 0.134792 0.470039 0.000125876
AC 139 7.65879 7.65879 7.65776
OP 140 0.661078 0.714757 0.516536 0.141098 0.461417 0.000111124
AC 140 9.32343 9.32343 9.32201
OP 141 0.646151 0.692064 0.50396 0.130518 0.464004 0.00012114
AC 141 8.74902 8.74902 8.74793
OP 142 0.645842 0.682665 0.486793 0.119514 0.472952 0.000134261
AC 142 4.62514 4.62514 4.62428
OP 143 0.663762 0.717805 0.507972 0.140393 0.462617 0.000116487
AC 143 9.84239 9.84239 9.84083
OP 144 0.659904 0.70048 0.505002 0.135866 0.464252 0.000120057
AC 144 7.38318 7.38318 7.38202
OP 145 0.651221 0.699474 0.509133 0.127628 0.463473 0.000117541
AC 145 7.5881 7.5881 7.58692
OP 146 0.639001 0.692789 0.492061 0.111413 0.470617 0.000129858
AC 146 4.12397 4.12397 4.12296
OP 147 0.652587 0.705341 0.510111 0.130447 0.463899 0.000116331
AC 147 6.11973 6.11973 6.11857
OP 148 0.668212 0.698197 0.505193 0.132202 0.466963 0.000120031
AC 148 8.68041 8.68041 8.67927
OP 149 0.662493 0.691285 0.513288 0.13904 0.462622 0.000115026
AC 149 7.1961 7.1961 7.19506
OP 150 0.64146 0.683987 0.49621 0.114715 0.471651 0.000127311
AC 150 4.67712 4.67712 4.67612
OP 151 0.652571 0.682894 0.496085 0.128236 0.470428 0.000127487
AC 151 5.01884 5.01884 5.01794
OP 152 0.660827 0.699046 0.503201 0.137946 0.465616 0.000120839
AC 152 9.13683 9.13683 9.13569
OP 153 0.659661 0.693215 0.508563 0.13095 0.465244 0.000117914
AC 153 7.99362 7.99362 7.9925
OP 154 0.651297 0.691674 0.500137 0.12494 0.467687 0.000124089
AC 154 6.55053 6.55053 6.54952
OP 155 0.652469 0.691816 0.493972 0.118699 0.470599 0.000128359
AC 155 6.25741 6.25741 6.25642
OP 156 0.644411 0.687932 0.500631 0.120031 0.466524 0.000124287
AC 156 4.31451 4.31451 4.31355
OP 157 0.637378 0.696544 0.502663 0.124495 0.466733 0.000121446
AC 157 7.42862 7.42862 7.42745
OP 158 0.635047 0.704667 0.511222 0.124769 0.464352 0.000115302
AC 158 6.68132 6.68132 6.68007
OP 159 0.643412 0.710171 0.50742 0.131193 0.467404 0.000118194
AC 159 8.87094 8.87094 8.86963
OP 160 0.631814 0.696676 0.50593 0.126053 0.465392 0.000119786
AC 160 6.36972 6.36972 6.3686
OP 161 0.638819 0.718894 0.514259 0.131264 0.460319 0.000112299
AC 161 9.12367 9.12367 9.12219
OP 162 0.638835 0.69385 0.500489 0.13075 0.465691 0.000124127
AC 162 7.43506 7.43506 7.43401
OP 163 0.630735 0.699526 0.501701 0.11945 0.468089 0.000123168
AC 163 6.4729 6.4729 6.47182
OP 164 0.652784 0.696272 0.507778 0.133675 0.464213 0.000118442
AC 164 7.98377 7.98377 7.98258
OP 165 0.658715 0.701712 0.51158 0.130608 0.462272 0.00011532
AC 165 7.80005 7.80005 7.79892
OP 166 0.651852 0.692504 0.506247 0.122992 0.465909 0.000119907
AC 166 5.90725 5.90725 5.90622
OP 167 0.654725 0.706791 0.512887 0.130408 0.463858 0.000113899
AC 167 8.63902 8.63902 8.6377
OP 168 0.646295 0.715371 0.515153 0.13798 0.461875 0.000112175
AC 168 9.53625 9.53625 9.53485
OP 169 0.650162 0.689722 0.511949 0.120175 0.464787 0.000116434
AC 169 5.41487 5.41487 5.41385
OP 170 0.647336 0.701268 0.505955 0.124088 0.464283 0.000118884
AC 170 7.90421 7.90421 7.90302
OP 171 0.65125 0.711169 0.514491 0.13215 0.461833 0.000112566
AC 171 8.80882 8.80882 8.80737
OP 172 0.631834 0.7063 0.516335 0.127199 0.462404 0.00011185
AC 172 6.89852 6.89852 6.89719
OP 173 0.63572 0.689267 0.499821 0.127754 0.467891 0.00012451
AC 173 5.08987 5.08987 5.08888
OP 174 0.650176 0.688223 0.500136 0.12528 0.471252 0.000124655
AC 174 5.47086 5.47086 5.46991
OP 175 0.672831 0.693557 0.507267 0.138656 0.462223 0.00011863
AC 175 7.28651 7.28651 7.28546
OP 176 0.649503 0.709136 0.517345 0.132025 0.459382 0.000110932
AC 176 7.69711 7.69711 7.69573
OP 177 0.646503 0.701691 0.507729 0.137039 0.462738 0.000117882
AC 177 8.13149 8.13149 8.13022
OP 178 0.661301 0.68386 0.497582 0.127732 0.471143 0.000126731
AC 178 6.20691 6.20691 6.20597
OP 179 0.650326 0.703478 0.502868 0.134893 0.46582 0.000120773
AC 179 8.05278 8.05278 8.05156
OP 180 0.653879 0.707618 0.515013 0.135567 0.459739 0.000112564
AC 180 9.40986 9.40986 9.40854
OP 181 0.632506 0.70282 0.498987 0.119289 0.470262 0.000124332
AC 181 7.40841 7.40841 7.4073
OP 182 0.656903 0.694326 0.509901 0.139582 0.464424 0.000117297
AC 182 7.47294 7.47294 7.47187
OP 183 0.644468 0.708444 0.509081 0.127346 0.46493 0.00011678
AC 183 9.42344 9.42344 9.42206
OP 184 0.650115 0.684157 0.495798 0.126545 0.471081 0.000127576
AC 184 6.46152 6.46152 6.4606
OP 185 0.661971 0.710938 0.506716 0.136105 0.463495 0.000118157
AC 185 9.25878 9.25878 9.25732
OP 186 0.649767 0.702734 0.511651 0.129793 0.463597 0.000115583
AC 186 8.50355 8.50355 8.50231
OP 187 0.652781 0.689799 0.502535 0.120862 0.467745 0.000122304
AC 187 5.71416 5.71416 5.71315
OP 188 0.655472 0.694044 0.50829 0.131672 0.465887 0.000118122
AC 188 5.43904 5.43904 5.43802
OP 189 0.633858 0.6938 0.510142 0.122209 0.464895 0.000117164
AC 189 5.25696 5.25696 5.25592
OP 190 0.638976 0.701053 0.500683 0.121155 0.467172 0.000122335
AC 190 7.2288 7.2288 7.2276
OP 191 0.633826 0.7051 0.511747 0.119913 0.464203 0.000115543
AC 191 7.19223 7.19223 7.19099
OP 192 0.648833 0.702057 0.504415 0.131612 0.46588 0.000120477
AC 192 8.16682 8.16682 8.16563
OP 193 0.657306 0.698227 0.503408 0.128706 0.465725 0.000121114
AC 193 6.89843 6.89843 6.89735
OP 194 0.659963 0.700335 0.509568 0.129025 0.461276 0.000116332
AC 194 8.1581 8.1581 8.15683
OP 195 0.653251 0.70148 0.516779 0.127953 0.460257 0.000111409
AC 195 7.01703 7.01703 7.01581
OP 196 0.659641 0.692457 0.495027 0.134064 0.467334 0.000127224
AC 196 8.00808 8.00808 8.00699
OP 197 0.655044 0.700859 0.500969 0.12986 0.464418 0.000122376
AC 197 8.0053 8.0053 8.00414
OP 198 0.650148 0.701988 0.495177 0.126435 0.470798 0.000127363
AC 198 7.878 7.878 7.87685
OP 199 0.656709 0.696111 0.504471 0.136979 0.467417 0.000120307
AC 199 7.97261 7.97261 7.97149
OP 200 0.659742 0.710426 0.502652 0.134444 0.464506 0.000121195
AC 200 9.88301 9.88301 9.88171
OP 201 0.644731 0.685891 0.496046 0.122921 0.473098 0.00012792
AC 201 4.78059 4.78059 4.77967
OP 202 0.64044 0.69102 0.502568 0.12639 0.467146 0.000122883
AC 202 5.84745 5.84745 5.8465
OP 203 0.642935 0.696655 0.497234 0.120775 0.471223 0.000125915
AC 203 7.63091 7.63091 7.62981
OP 204 0.642862 0.716575 0.523693 0.138543 0.458478 0.000106498
AC 204 8.29856 8.29856 8.29708
OP 205 0.649661 0.710292 0.50127 0.133672 0.46721 0.000122689
AC 205 10.0471 10.0471 10.0458
OP 206 0.64667 0.708372 0.513758 0.133383 0.460289 0.000113117
AC 206 7.44765 7.44765 7.44624
OP 207 0.662817 0.696015 0.502493 0.135789 0.466281 0.000122222
AC 207 7.87809 7.87809 7.87701
OP 208 0.636953 0.683773 0.495356 0.120174 0.471154 0.000128609
AC 208 6.01309 6.01309 6.01213
OP 209 0.658952 0.69888 0.507641 0.132658 0.466702 0.000117785
AC 209 7.26848 7.26848 7.26731
OP 210 0.636027 0.701787 0.505872 0.121828 0.467772 0.00011988
AC 210 7.31238 7.31238 7.31124
OP 211 0.648471 0.706205 0.509816 0.127253 0.466351 0.000116311
AC 211 8.03737 8.03737 8.03611
OP 212 0.658958 0.711227 0.503764 0.136994 0.465998 0.000119799
AC 212 9.82721 9.82721 9.82581
OP 213 0.65205 0.696061 0.506117 0.12686 0.466214 0.00011918
AC 213 6.51149 6.51149 6.51043
OP 214 0.653893 0.710404 0.499783 0.128653 0.467948 0.000122972
AC 214 9.0966 9.0966 9.09517
OP 215 0.649574 0.700992 0.507168 0.11823 0.464299 0.000118743
AC 215 5.84046 5.84046 5.83931
OP 216 0.65149 0.695497 0.505432 0.128519 0.463887 0.000119841
AC 216 5.96645 5.96645 5.96531
OP 217 0.642063 0.692085 0.508798 0.114373 0.46615 0.000118653
AC 217 5.82322 5.82322 5.82213
OP 218 0.653951 0.698136 0.510013 0.127068 0.462776 0.000116411
AC 218 7.88397 7.88397 7.88283
OP 219 0.645236 0.703001 0.505542 0.127432 0.464681 0.00011983
AC 219 6.81731 6.81731 6.81615
OP 220 0.65923 0.696531 0.495245 0.124787 0.47137 0.000127421
AC 220 8.11034 8.11034 8.10932
OP 221 0.643624 0.706318 0.50984 0.132433 0.46497 0.000116432
AC 221 7.94287 7.94287 7.94166
OP 222 0.626156 0.685096 0.500938 0.115693 0.469264 0.000124208
AC 222 4.74932 4.74932 4.74832
OP 223 0.637522 0.700482 0.510732 0.121651 0.463869 0.000116014
AC 223 5.7464 5.7464 5.74525
OP 224 0.66761 0.702299 0.507529 0.143664 0.464472 0.000118072
AC 224 8.56009 8.56009 8.55887
OP 225 0.645892 0.701424 0.504759 0.120877 0.464999 0.000120068
AC 225 7.26945 7.26945 7.26825
OP 226 0.650465 0.703402 0.504614 0.126849 0.46403 0.000120356
AC 226 8.35005 8.35005 8.34883
OP 227 0.649595 0.69254 0.509318 0.124727 0.464152 0.000116829
AC 227 6.80839 6.80839 6.80728
OP 228 0.64587 0.693885 0.499704 0.12715 0.46842 0.000124322
AC 228 6.32733 6.32733 6.32629
OP 229 0.648289 0.702006 0.497678 0.130541 0.46628 0.000126155
AC 229 7.64819 7.64819 7.64711
OP 230 0.649313 0.707978 0.522432 0.12614 0.457009 0.000107655
AC 230 8.98782 8.98782 8.98639
OP 231 0.645536 0.702107 0.510142 0.128328 0.462637 0.000116118
AC 231 6.70457 6.70457 6.70336
OP 232 0.644488 0.683698 0.490355 0.123601 0.473119 0.000131627
AC 232 4.22436 4.22436 4.2235
OP 233 0.652198 0.70012 0.511958 0.128022 0.464077 0.000115341
AC 233 6.81891 6.81891 6.81774
OP 234 0.646997 0.706127 0.505891 0.125433 0.465726 0.000118719
AC 234 6.93911 6.93911 6.93785
OP 235 0.655378 0.707298 0.513774 0.137138 0.463412 0.000113414
AC 235 8.17642 8.17642 8.17512
OP 236 0.640196 0.69547 0.509163 0.120163 0.464847 0.000117814
AC 236 5.81115 5.81115 5.81004
OP 237 0.655025 0.698909 0.506358 0.128703 0.464659 0.000119088
AC 237 8.82539 8.82539 8.82424
OP 238 0.654066 0.690335 0.506798 0.128858 0.468259 0.000119747
AC 238 6.86649 6.86649 6.86546
OP 239 0.648904 0.706863 0.510133 0.123635 0.461257 0.000115813
AC 239 7.77573 7.77573 7.7744
OP 240 0.645532 0.706116 0.512805 0.122113 0.461353 0.000114139
AC 240 6.76991 6.76991 6.76867
OP 241 0.642671 0.698727 0.498131 0.124604 0.468832 0.000125306
AC 241 7.52757 7.52757 7.52651
OP 242 0.643511 0.696985 0.505795 0.134232 0.464871 0.000119545
AC 242 7.39836 7.39836 7.39728
OP 243 0.663049 0.691083 0.498371 0.12871 0.46895 0.000125624
AC 243 7.64863 7.64863 7.64763
OP 244 0.654255 0.716662 0.512492 0.131684 0.463362 0.000114037
AC 244 10.0626 10.0626 10.0611
OP 245 0.639568 0.698792 0.501506 0.126071 0.46738 0.00012285
AC 245 6.51907 6.51907 6.51796
OP 246 0.652606 0.701872 0.506036 0.127246 0.466155 0.00011953
AC 246 7.30412 7.30412 7.30295
OP 247 0.651463 0.692716 0.489417 0.126599 0.472291 0.000131804
AC 247 7.71604 7.71604 7.71502
OP 248 0.646996 0.69122 0.505967 0.130598 0.466252 0.000119893
AC 248 7.89556 7.89556 7.89452
OP 249 0.646142 0.692326 0.508985 0.129659 0.464504 0.000117934
AC 249 6.73237 6.73237 6.73135
OP 250 0.654364 0.698426 0.508826 0.132582 0.46365 0.000117789
AC 250 5.47188 5.47188 5.47084
OP 251 0.646457 0.690962 0.501757 0.127867 0.467085 0.000122514
AC 251 5.98867 5.98867 5.98763
OP 252 0.643977 0.696393 0.498651 0.128087 0.469631 0.00012484
AC 252 7.19512 7.19512 7.19415
OP 253 0.660529 0.703019 0.509715 0.135656 0.464186 0.000116545
AC 253 7.57252 7.57252 7.57126
OP 254 0.649045 0.700387 0.504953 0.126348 0.465781 0.000120336
AC 254 6.03429 6.03429 6.0331
OP 255 0.632726 0.703192 0.508984 0.11796 0.465094 0.000116958
AC 255 6.60769 6.60769 6.60647
OP 256 0.647115 0.703876 0.508625 0.125711 0.463892 0.000117225
AC 256 7.6606 7.6606 7.65938
OP 257 0.632035 0.703809 0.515194 0.124819 0.459425 0.000112896
AC 257 7.75147 7.75147 7.7503
OP 258 0.630287 0.721886 0.520235 0.132424 0.460041 0.000107735
AC 258 7.88805 7.88805 7.88638
OP 259 0.644962 0.694831 0.500569 0.126035 0.466811 0.000123757
AC 259 6.15883 6.15883 6.15777
OP 260 0.651052 0.704907 0.511036 0.136367 0.462992 0.000114989
AC 260 7.70038 7.70038 7.69916
OP 261 0.654335 0.685382 0.500386 0.133398 0.46813 0.000124361
AC 261 7.57333 7.57333 7.57238
OP 262 0.642764 0.694308 0.502553 0.129036 0.467162 0.000122531
AC 262 7.76629 7.76629 7.76526
OP 263 0.639341 0.706119 0.510726 0.122963 0.466938 0.000116388
AC 263 7.98221 7.98221 7.98099
OP 264 0.649076 0.701341 0.51635 0.134654 0.458897 0.000112066
AC 264 8.1243 8.1243 8.12302
OP 265 0.65444 0.704263 0.4949 0.129592 0.469276 0.000127285
AC 265 10.0572 10.0572 10.056
OP 266 0.660321 0.697452 0.511709 0.136587 0.464817 0.000115467
AC 266 6.88882 6.88882 6.88775
OP 267 0.651985 0.697018 0.502945 0.135513 0.46678 0.000121486
AC 267 8.10175 8.10175 8.1007
OP 268 0.660098 0.699839 0.51115 0.133938 0.461921 0.00011604
AC 268 5.91772 5.91772 5.91654
OP 269 0.644368 0.692787 0.499458 0.123355 0.4696 0.000124489
AC 269 7.75552 7.75552 7.75447
OP 270 0.639951 0.691458 0.503104 0.124243 0.470298 0.000122228
AC 270 4.39103 4.39103 4.39005
OP 271 0.62886 0.693748 0.504149 0.12062 0.467358 0.000120928
AC 271 5.4263 5.4263 5.42523
OP 272 0.649475 0.683451 0.506778 0.127984 0.467798 0.000120586
AC 272 4.72464 4.72464 4.72375
OP 273 0.643989 0.693068 0.498053 0.12359 0.469942 0.000126293
AC 273 6.79942 6.79942 6.79847
OP 274 0.65624 0.716186 0.515594 0.13401 0.45955 0.000111329
AC 274 9.32043 9.32043 9.31887
OP 275 0.650074 0.689026 0.489071 0.127192 0.471602 0.000132653
AC 275 6.68116 6.68116 6.68025
OP 276 0.652953 0.686841 0.499401 0.124763 0.469699 0.000124832
AC 276 4.24285 4.24285 4.24188
OP 277 0.651346 0.694595 0.503237 0.133924 0.468009 0.000121475
AC 277 7.61797 7.61797 7.61685
OP 278 0.648944 0.703875 0.51238 0.132217 0.464024 0.000114315
AC 278 7.2946 7.2946 7.29331
OP 279 0.644447 0.684245 0.493983 0.121677 0.471838 0.000129646
AC 279 5.8963 5.8963 5.89542
OP 280 0.655962 0.710125 0.504356 0.138823 0.465186 0.000119592
AC 280 9.48152 9.48152 9.48027
OP 281 0.639879 0.717454 0.514663 0.131486 0.458974 0.000111699
AC 281 8.93424 8.93424 8.93265
OP 282 0.661552 0.701561 0.505876 0.135587 0.46723 0.000119165
AC 282 8.42423 8.42423 8.42305
OP 283 0.646617 0.708308 0.513017 0.130864 0.460219 0.000113629
AC 283 7.41182 7.41182 7.41046
OP 284 0.658049 0.693725 0.496685 0.126441 0.468067 0.000126334
AC 284 6.86986 6.86986 6.86884
OP 285 0.645522 0.701532 0.506768 0.125755 0.464039 0.00011935
AC 285 6.96993 6.96993 6.96873
OP 286 0.663995 0.693778 0.504689 0.130881 0.466257 0.000120423
AC 286 6.17179 6.17179 6.17077
OP 287 0.644047 0.697658 0.509809 0.131963 0.463642 0.000116225
AC 287 8.95653 8.95653 8.95533
OP 288 0.661267 0.69931 0.506145 0.144442 0.465948 0.000119092
AC 288 8.53897 8.53897 8.53782
OP 289 0.653319 0.690083 0.502184 0.126535 0.467447 0.000122847
AC 289 5.60829 5.60829 5.60734
OP 290 0.641479 0.690015 0.500416 0.121254 0.468568 0.000124457
AC 290 5.63914 5.63914 5.6382
OP 291 0.643402 0.687889 0.495362 0.116231 0.471965 0.000128268
AC 291 3.909 3.909 3.90802
OP 292 0.652588 0.702517 0.511825 0.133625 0.460543 0.000115043
AC 292 7.79449 7.79449 7.7932
OP 293 0.648922 0.68086 0.49923 0.122893 0.469383 0.000125155
AC 293 3.07621 3.07621 3.07533
OP 294 0.654413 0.69946 0.511734 0.129422 0.464129 0.000115519
AC 294 6.92558 6.92558 6.92446
OP 295 0.639532 0.71273 0.511786 0.131679 0.464868 0.00011427
AC 295 8.86609 8.86609 8.86464
OP 296 0.653122 0.709239 0.497158 0.128001 0.467815 0.000125221
AC 296 9.00899 9.00899 9.00778
OP 297 0.647276 0.692372 0.49963 0.122864 0.468039 0.000124909
AC 297 6.97299 6.97299 6.97202
OP 298 0.647262 0.696836 0.507601 0.11909 0.464024 0.000118548
AC 298 5.4422 5.4422 5.4411
OP 299 0.641098 0.709055 0.516167 0.134585 0.460421 0.000112152
AC 299 8.76794 8.76794 8.76667
