OP 0 0.512543 0.545316 0.365363 0.158335 0.345795 9.91041E-05
AC 0 3.12643 3.12643 3.12598
OP 1 0.51677 0.53611 0.360501 0.164304 0.345691 0.00010155
AC 1 3.41407 3.41407 3.41367
OP 2 0.530918 0.544183 0.367576 0.159873 0.341515 9.78404E-05
AC 2 4.7732 4.7732 4.77272
OP 3 0.521699 0.528633 0.361977 0.154886 0.346173 0.000101536
AC 3 -0.633526 -0.633526 -0.633904
OP 4 0.512121 0.543896 0.357002 0.1477 0.348464 0.000102373
AC 4 3.05984 3.05984 3.05938
OP 5 0.522372 0.541969 0.368032 0.154005 0.339824 9.79192E-05
AC 5 1.75953 1.75953 1.75906
OP 6 0.530771 0.537494 0.368096 0.164599 0.341377 9.78377E-05
AC 6 4.45635 4.45635 4.45592
OP 7 0.522567 0.544844 0.373056 0.159687 0.340629 9.53037E-05
AC 7 2.66792 2.66792 2.66745
OP 8 0.520001 0.53629 0.364797 0.154491 0.343729 0.000100259
AC 8 1.18527 1.18527 1.18485
OP 9 0.50918 0.55078 0.355322 0.153507 0.348215 0.00010364
AC 9 4.38397 4.38397 4.38351
OP 10 0.527953 0.536809 0.354677 0.156037 0.347658 0.000104193
AC 10 4.4006 4.4006 4.4002
OP 11 0.516021 0.547032 0.366885 0.158548 0.343344 9.84686E-05
AC 11 3.96716 3.96716 3.96669
OP 12 0.507452 0.532963 0.359521 0.150378 0.348306 0.000102221
AC 12 0.415564 0.415564 0.415151
OP 13 0.515295 0.539956 0.363157 0.159066 0.345374 9.98191E-05
AC 13 2.73798 2.73798 2.73756
OP 14 0.514255 0.544037 0.355477 0.156107 0.350231 0.000103451
AC 14 4.80967 4.80967 4.80923
OP 15 0.508868 0.545608 0.368986 0.15468 0.343744 9.72715E-05
AC 15 2.32697 2.32697 2.32648
OP 16 0.515387 0.546892 0.37033 0.156191 0.342732 9.69142E-05
AC 16 3.81285 3.81285 3.81236
OP 17 0.524255 0.554235 0.366602 0.158428 0.343266 9.80202E-05
AC 17 5.61607 5.61607 5.61556
OP 18 0.510412 0.550773 0.361298 0.155839 0.34458 0.000100348
AC 18 4.63094 4.63094 4.63046
OP 19 0.511884 0.54404 0.355614 0.158626 0.34779 0.000103338
AC 19 4.4435 4.4435 4.44306
OP 20 0.545288 0.527524 0.348644 0.161945 0.352424 0.000107769
AC 20 4.60685 4.60685 4.60649
OP 21 0.532698 0.532568 0.361243 0.163056 0.346473 0.000101522
AC 21 3.40015 3.40015 3.39974
OP 22 0.514818 0.550864 0.354303 0.156292 0.34805 0.000103882
AC 22 5.78849 5.78849 5.78802
OP 23 0.51101 0.540712 0.362012 0.150892 0.347687 0.000100523
AC 23 0.98322 0.98322 0.982795
OP 24 0.508141 0.547711 0.369408 0.150742 0.342961 9.72114E-05
AC 24 2.06734 2.06734 2.06685
OP 25 0.507948 0.534053 0.369374 0.15589 0.34129 9.75141E-05
AC 25 1.69481 1.69481 1.69436
OP 26 0.534834 0.544298 0.368978 0.165431 0.339438 9.7287E-05
AC 26 5.62727 5.62727 5.62682
OP 27 0.521167 0.537622 0.365608 0.156356 0.344806 9.93906E-05
AC 27 2.55896 2.55896 2.55853
OP 28 0.516532 0.552604 0.362443 0.160488 0.343494 9.9715E-05
AC 28 5.32716 5.32716 5.32667
OP 29 0.521179 0.533173 0.352931 0.158546 0.350749 0.000105165
AC 29 3.10061 3.10061 3.10021
OP 30 0.516363 0.545941 0.367868 0.158542 0.341785 9.74708E-05
AC 30 3.7866 3.7866 3.78613
OP 31 0.535115 0.527368 0.348572 0.162661 0.35186 0.000107925
AC 31 5.28593 5.28593 5.28556
OP 32 0.521932 0.545694 0.375873 0.158268 0.338228 9.38754E-05
AC 32 3.22058 3.22058 3.22004
OP 33 0.539528 0.535058 0.36889 0.161645 0.340865 9.77686E-05
AC 33 4.54808 4.54808 4.54765
OP 34 0.522185 0.542049 0.362885 0.15713 0.344266 0.000100436
AC 34 4.28508 4.28508 4.28462
OP 35 0.527879 0.522129 0.348148 0.158434 0.350967 0.000108021
AC 35 2.74606 2.74606 2.74572
OP 36 0.519321 0.546799 0.365573 0.162988 0.343743 9.86332E-05
AC 36 5.47696 5.47696 5.47649
OP 37 0.516911 0.547915 0.364324 0.161401 0.343796 9.89822E-05
AC 37 5.85004 5.85004 5.84955
OP 38 0.529763 0.539896 0.368035 0.157987 0.343131 9.79243E-05
AC 38 3.39519 3.39519 3.39473
OP 39 0.529369 0.536856 0.361186 0.164935 0.344356 0.000101107
AC 39 4.62757 4.62757 4.62716
OP 40 0.508388 0.532046 0.355833 0.152267 0.34884 0.000104156
AC 40 2.40073 2.40073 2.40033
OP 41 0.529069 0.548778 0.357897 0.164331 0.34649 0.000102209
AC 41 6.30483 6.30483 6.30438
OP 42 0.521255 0.542415 0.361401 0.164547 0.344382 0.000101178
AC 42 5.68739 5.68739 5.68696
OP 43 0.519756 0.548066 0.368286 0.168811 0.345759 9.75145E-05
AC 43 6.12061 6.12061 6.12013
OP 44 0.519004 0.53856 0.364167 0.158218 0.343727 9.99184E-05
AC 44 3.87626 3.87626 3.87582
OP 45 0.526519 0.541339 0.362268 0.163748 0.344537 0.00010071
AC 45 4.07119 4.07119 4.07075
OP 46 0.50976 0.544063 0.35608 0.153864 0.349377 0.000103556
AC 46 3.61338 3.61338 3.61295
OP 47 0.52867 0.537227 0.359689 0.162775 0.346077 0.000102138
AC 47 4.19923 4.19923 4.19881
OP 48 0.507009 0.544894 0.365152 0.145801 0.345453 9.89041E-05
AC 48 -2.33609 -2.33609 -2.33656
OP 49 0.539516 0.538843 0.350453 0.159807 0.350347 0.000106224
AC 49 5.51976 5.51976 5.51937
OP 50 0.538988 0.533428 0.362223 0.166601 0.347048 0.000100763
AC 50 4.82266 4.82266 4.82227
OP 51 0.530503 0.534625 0.360499 0.164518 0.348615 0.000101795
AC 51 5.16178 5.16178 5.16136
OP 52 0.517517 0.54691 0.370425 0.162032 0.33964 9.64551E-05
AC 52 5.40349 5.40349 5.40298
OP 53 0.520623 0.537086 0.371724 0.163519 0.341607 9.64082E-05
AC 53 2.82554 2.82554 2.82509
OP 54 0.517031 0.52788 0.358578 0.159434 0.347316 0.000102671
AC 54 1.88095 1.88095 1.88056
OP 55 0.511654 0.547307 0.375047 0.156669 0.336694 9.37302E-05
AC 55 3.8136 3.8136 3.81306
OP 56 0.511506 0.54119 0.365308 0.155291 0.343032 9.90719E-05
AC 56 2.85852 2.85852 2.85809
OP 57 0.520811 0.544629 0.370568 0.157953 0.340716 9.62621E-05
AC 57 2.87928 2.87928 2.8788
OP 58 0.521776 0.539913 0.362645 0.159787 0.342958 0.000100276
AC 58 4.70558 4.70558 4.70513
OP 59 0.513372 0.54188 0.371608 0.159356 0.340221 9.57888E-05
AC 59 2.59817 2.59817 2.59771
OP 60 0.512509 0.553734 0.365043 0.155678 0.343356 9.81403E-05
AC 60 5.02591 5.02591 5.02537
OP 61 0.521225 0.537065 0.356486 0.157447 0.349704 0.000103731
AC 61 4.14398 4.14398 4.14357
OP 62 0.51576 0.539329 0.358785 0.156472 0.346952 0.000102365
AC 62 3.48477 3.48477 3.48435
OP 63 0.50546 0.544009 0.366402 0.154654 0.342327 9.84692E-05
AC 63 4.18569 4.18569 4.18521
OP 64 0.523596 0.548552 0.369813 0.160791 0.342665 9.65942E-05
AC 64 4.76963 4.76963 4.76912
OP 65 0.504659 0.539079 0.364939 0.147286 0.343493 9.92428E-05
AC 65 1.31813 1.31813 1.31768
OP 66 0.510566 0.543831 0.367493 0.153353 0.34133 9.81674E-05
AC 66 1.58185 1.58185 1.58136
OP 67 0.532482 0.528372 0.352959 0.165002 0.352281 0.00010524
AC 67 4.64195 4.64195 4.64157
OP 68 0.533907 0.530439 0.355405 0.16322 0.34921 0.000104301
AC 68 4.53122 4.53122 4.53085
OP 69 0.522695 0.536947 0.366141 0.159748 0.34413 9.86304E-05
AC 69 2.90504 2.90504 2.90461
OP 70 0.516702 0.543922 0.365387 0.154978 0.341937 9.9227E-05
AC 70 2.59136 2.59136 2.59092
OP 71 0.519552 0.542783 0.356028 0.156561 0.348314 0.000103281
AC 71 5.33213 5.33213 5.33168
OP 72 0.529662 0.540931 0.368072 0.157239 0.339197 9.73289E-05
AC 72 3.38019 3.38019 3.37972
OP 73 0.522331 0.537466 0.363818 0.159705 0.344306 0.000100043
AC 73 2.50355 2.50355 2.50313
OP 74 0.502672 0.542447 0.360454 0.151389 0.347984 0.000101401
AC 74 2.1886 2.1886 2.18815
OP 75 0.504929 0.543969 0.359227 0.154008 0.348177 0.000101818
AC 75 2.82671 2.82671 2.82625
OP 76 0.515577 0.530279 0.354904 0.155862 0.35224 0.000104829
AC 76 2.27436 2.27436 2.27398
OP 77 0.517001 0.535823 0.370333 0.158464 0.340525 9.68577E-05
AC 77 1.94393 1.94393 1.94349
OP 78 0.504582 0.54486 0.360109 0.157633 0.346869 0.000101589
AC 78 3.48443 3.48443 3.48399
OP 79 0.511253 0.544987 0.365151 0.158465 0.345343 9.94012E-05
AC 79 4.64292 4.64292 4.64246
OP 80 0.538093 0.529674 0.359939 0.158858 0.344687 0.00010233
AC 80 3.28366 3.28366 3.28324
OP 81 0.507869 0.534803 0.36189 0.15589 0.345983 0.000101121
AC 81 3.33443 3.33443 3.334
OP 82 0.513371 0.541425 0.364222 0.154915 0.344746 9.97708E-05
AC 82 3.08094 3.08094 3.08048
OP 83 0.520715 0.548361 0.370242 0.163526 0.340229 9.62387E-05
AC 83 4.48115 4.48115 4.48066
OP 84 0.533472 0.54082 0.364578 0.164755 0.343975 9.91707E-05
AC 84 5.8199 5.8199 5.81945
OP 85 0.517956 0.534986 0.355685 0.155304 0.351158 0.000103961
AC 85 3.29448 3.29448 3.29407
OP 86 0.517035 0.533212 0.360556 0.148306 0.345409 0.000101611
AC 86 0.0912321 0.0912321 0.0908025
OP 87 0.536509 0.536138 0.359596 0.165477 0.344474 0.000101951
AC 87 5.33167 5.33167 5.33126
OP 88 0.529018 0.523931 0.352642 0.156922 0.348803 0.000106343
AC 88 3.36251 3.36251 3.36214
OP 89 0.513489 0.538914 0.362608 0.157574 0.345443 0.000100709
AC 89 3.2626 3.2626 3.26217
OP 90 0.534081 0.537215 0.350375 0.160699 0.346105 0.000106002
AC 90 5.18393 5.18393 5.18354
OP 91 0.527267 0.539396 0.361962 0.16193 0.344326 0.000100486
AC 91 3.78754 3.78754 3.78711
OP 92 0.520649 0.533974 0.361849 0.157979 0.344163 0.000101065
AC 92 3.25732 3.25732 3.25689
OP 93 0.531774 0.537262 0.364522 0.161083 0.345021 9.96915E-05
AC 93 2.93714 2.93714 2.93673
OP 94 0.535297 0.553722 0.365765 0.163774 0.341842 9.87847E-05
AC 94 6.07711 6.07711 6.07661
OP 95 0.509323 0.530561 0.36743 0.155415 0.345051 9.84821E-05
AC 95 -0.11739 -0.11739 -0.117818
OP 96 0.505756 0.534721 0.357793 0.162058 0.348769 0.000102701
AC 96 3.9808 3.9808 3.98041
OP 97 0.519015 0.53622 0.366089 0.161047 0.341139 9.83737E-05
AC 97 3.05497 3.05497 3.05452
OP 98 0.533937 0.543227 0.361199 0.16007 0.343521 0.000100793
AC 98 4.25543 4.25543 4.25497
OP 99 0.527089 0.542741 0.36101 0.160152 0.348112 0.000101316
AC 99 5.22459 5.22459 5.22415
OP 100 0.519384 0.535521 0.356617 0.154696 0.348133 0.000103418
AC 100 1.77312 1.77312 1.77272
OP 101 0.525468 0.537355 0.364115 0.159912 0.343121 9.99796E-05
AC 101 3.60871 3.60871 3.60828
OP 102 0.50603 0.54511 0.364805 0.149639 0.343861 9.92213E-05
AC 102 3.09309 3.09309 3.09262
OP 103 0.511238 0.532668 0.359219 0.145068 0.348066 0.000102636
AC 103 -2.81699 -2.81699 -2.81741
OP 104 0.506694 0.53816 0.361974 0.155368 0.345934 0.000100865
AC 104 2.46179 2.46179 2.46135
OP 105 0.516346 0.547823 0.374296 0.167 0.338151 9.44816E-05
AC 105 5.46011 5.46011 5.45962
OP 106 0.519222 0.534277 0.362852 0.160878 0.345399 0.000100299
AC 106 2.5212 2.5212 2.52079
OP 107 0.52573 0.536296 0.359177 0.160244 0.347096 0.000102207
AC 107 4.50014 4.50014 4.49974
OP 108 0.518656 0.53538 0.36527 0.159699 0.3433 9.91285E-05
AC 108 3.41171 3.41171 3.41127
OP 109 0.517174 0.540312 0.368074 0.162433 0.345155 9.79377E-05
AC 109 4.24214 4.24214 4.2417
OP 110 0.532084 0.536514 0.357262 0.167602 0.347602 0.000103072
AC 110 5.59295 5.59295 5.59258
OP 111 0.52672 0.545921 0.358983 0.156508 0.346659 0.000102117
AC 111 5.41218 5.41218 5.41172
OP 112 0.524727 0.536667 0.353978 0.162456 0.348987 0.000104796
AC 112 4.79239 4.79239 4.79201
OP 113 0.515685 0.541818 0.359605 0.158259 0.3452 0.00010174
AC 113 4.22483 4.22483 4.22439
OP 114 0.525209 0.537978 0.358035 0.163791 0.346964 0.000103055
AC 114 4.6739 4.6739 4.67347
OP 115 0.502257 0.535857 0.356864 0.148403 0.34823 0.000103045
AC 115 -0.0229953 -0.0229953 -0.0234018
OP 116 0.508613 0.533479 0.362034 0.153657 0.345968 0.000101044
AC 116 0.586499 0.586499 0.586085
OP 117 0.519072 0.546522 0.359503 0.157094 0.347097 0.000101406
AC 117 5.10292 5.10292 5.10247
OP 118 0.524848 0.533018 0.361233 0.15904 0.346659 0.000100897
AC 118 4.19863 4.19863 4.19821
OP 119 0.514821 0.544452 0.361947 0.144397 0.346179 0.000100436
AC 119 1.98558 1.98558 1.9851
OP 120 0.508905 0.543052 0.355904 0.157292 0.350138 0.000103904
AC 120 5.54862 5.54862 5.54819
OP 121 0.513466 0.533979 0.355403 0.150607 0.349261 0.000104053
AC 121 2.10338 2.10338 2.10296
OP 122 0.52703 0.53548 0.364259 0.161687 0.341148 9.95924E-05
AC 122 3.64683 3.64683 3.64639
OP 123 0.512479 0.541107 0.365835 0.147637 0.342013 9.89871E-05
AC 123 0.788841 0.788841 0.788388
OP 124 0.512953 0.537447 0.355894 0.153906 0.350518 0.000104014
AC 124 2.96917 2.96917 2.96877
OP 125 0.518618 0.54222 0.356573 0.155529 0.348438 0.000103413
AC 125 5.45557 5.45557 5.45513
OP 126 0.53473 0.545239 0.359247 0.162534 0.346766 0.000101876
AC 126 5.81608 5.81608 5.81563
OP 127 0.524638 0.535229 0.362908 0.156218 0.345514 0.000101044
AC 127 2.85195 2.85195 2.85152
OP 128 0.530354 0.532171 0.358254 0.161037 0.345787 0.000102875
AC 128 3.32814 3.32814 3.32775
OP 129 0.535907 0.546026 0.358683 0.163806 0.343687 0.000101637
AC 129 6.41809 6.41809 6.41764
OP 130 0.532585 0.539944 0.362248 0.159893 0.34209 0.000100421
AC 130 4.50261 4.50261 4.50216
OP 131 0.507299 0.544017 0.35737 0.155082 0.348925 0.000102803
AC 131 3.69733 3.69733 3.69689
OP 132 0.524149 0.533748 0.353324 0.159659 0.351178 0.000105479
AC 132 4.91133 4.91133 4.91093
OP 133 0.528931 0.54974 0.368953 0.167284 0.34056 9.7114E-05
AC 133 6.21734 6.21734 6.21686
OP 134 0.52904 0.534286 0.366752 0.162042 0.340625 9.84002E-05
AC 134 3.71627 3.71627 3.71581
OP 135 0.518311 0.541653 0.363344 0.157397 0.345119 0.000100101
AC 135 2.9852 2.9852 2.98475
OP 136 0.536378 0.532692 0.364527 0.160374 0.342645 9.95633E-05
AC 136 2.59095 2.59095 2.59053
OP 137 0.52271 0.531397 0.348902 0.155141 0.350921 0.000107654
AC 137 3.34419 3.34419 3.34383
OP 138 0.520213 0.530183 0.361134 0.154718 0.34437 0.000101141
AC 138 2.2277 2.2277 2.2273
OP 139 0.539218 0.525558 0.362451 0.163895 0.345892 0.000100897
AC 139 3.21797 3.21797 3.21758
OP 140 0.507116 0.54595 0.367319 0.151768 0.34422 9.78564E-05
AC 140 3.14979 3.14979 3.1493
OP 141 0.521635 0.540579 0.360524 0.158416 0.346935 0.000101647
AC 141 3.47672 3.47672 3.47631
OP 142 0.517845 0.553325 0.368656 0.164775 0.341676 9.69328E-05
AC 142 5.7194 5.7194 5.71889
OP 143 0.52861 0.531989 0.3609 0.158996 0.348939 0.000101588
AC 143 2.73496 2.73496 2.73454
OP 144 0.518853 0.549695 0.366094 0.1521 0.34055 9.79053E-05
AC 144 4.74686 4.74686 4.74634
OP 145 0.520182 0.531142 0.356985 0.155073 0.34887 0.000103544
AC 145 1.42733 1.42733 1.42692
OP 146 0.512851 0.534612 0.35967 0.155339 0.348025 0.000102159
AC 146 3.03308 3.03308 3.03267
OP 147 0.520373 0.547654 0.36343 0.162711 0.343916 0.00010004
AC 147 4.92954 4.92954 4.92908
OP 148 0.49566 0.545457 0.364459 0.14656 0.3434 9.92098E-05
AC 148 -0.806051 -0.806051 -0.806493
OP 149 0.50828 0.536864 0.361134 0.155922 0.345614 0.000101247
AC 149 1.8942 1.8942 1.8938
OP 150 0.495998 0.550217 0.374691 0.156793 0.339326 9.40949E-05
AC 150 2.92843 2.92843 2.92793
OP 151 0.523953 0.53493 0.358794 0.157394 0.350684 0.000102888
AC 151 2.54091 2.54091 2.54051
OP 152 0.517978 0.535452 0.360605 0.157851 0.346683 0.000101667
AC 152 2.61723 2.61723 2.61683
OP 153 0.526623 0.548239 0.367092 0.158752 0.339961 9.74259E-05
AC 153 5.20088 5.20088 5.20038
OP 154 0.520969 0.534767 0.364516 0.164974 0.345959 9.97314E-05
AC 154 3.07904 3.07904 3.07865
OP 155 0.520736 0.536377 0.366377 0.160299 0.342237 9.85683E-05
AC 155 2.65463 2.65463 2.65419
OP 156 0.514915 0.552637 0.368914 0.159663 0.342323 9.70385E-05
AC 156 5.18965 5.18965 5.18913
OP 157 0.528659 0.537826 0.364862 0.164027 0.342336 9.93629E-05
AC 157 4.86819 4.86819 4.86775
OP 158 0.510326 0.543962 0.368869 0.152732 0.343784 9.77018E-05
AC 158 3.00065 3.00065 3.00019
OP 159 0.533507 0.533263 0.360724 0.16113 0.345394 0.000101644
AC 159 2.98781 2.98781 2.98739
OP 160 0.516954 0.541745 0.362968 0.158809 0.346761 9.978E-05
AC 160 4.4253 4.4253 4.42485
OP 161 0.527292 0.530165 0.352115 0.146619 0.349863 0.000106201
AC 161 -0.803238 -0.803238 -0.803627
OP 162 0.51961 0.534726 0.364557 0.156186 0.344266 9.98512E-05
AC 162 1.7208 1.7208 1.72038
OP 163 0.517808 0.539676 0.361391 0.160233 0.345364 0.0001008
AC 163 4.50598 4.50598 4.50553
OP 164 0.516672 0.532709 0.36813 0.155703 0.342988 9.83104E-05
AC 164 -0.105172 -0.105172 -0.105598
OP 165 0.518952 0.547366 0.372206 0.160503 0.338838 9.5676E-05
AC 165 4.14998 4.14998 4.14949
OP 166 0.497856 0.533904 0.350051 0.14996 0.35132 0.000106963
AC 166 2.22246 2.22246 2.22207
OP 167 0.498071 0.548973 0.363306 0.14654 0.346313 0.000100156
AC 167 3.06721 3.06721 3.06672
OP 168 0.522002 0.529684 0.357816 0.158034 0.350637 0.000102512
AC 168 2.5906 2.5906 2.59018
OP 169 0.529985 0.541142 0.368919 0.163838 0.341665 9.71831E-05
AC 169 4.69843 4.69843 4.69797
OP 170 0.52865 0.529347 0.353038 0.150435 0.351043 0.000105278
AC 170 2.06086 2.06086 2.06047
OP 171 0.516668 0.543715 0.352895 0.154359 0.348774 0.000104966
AC 171 4.57705 4.57705 4.5766
OP 172 0.536577 0.534172 0.358962 0.158391 0.346752 0.000102659
AC 172 3.73389 3.73389 3.73349
OP 173 0.51108 0.540921 0.362843 0.159964 0.345641 0.000100294
AC 173 2.78557 2.78557 2.78515
OP 174 0.513395 0.529876 0.352813 0.151713 0.349259 0.000106078
AC 174 0.913232 0.913232 0.912871
OP 175 0.505317 0.540324 0.360451 0.150445 0.345212 0.000101747
AC 175 2.12367 2.12367 2.12325
OP 176 0.533849 0.541993 0.357951 0.163151 0.346344 0.000102241
AC 176 5.96346 5.96346 5.96304
OP 177 0.516405 0.555329 0.358619 0.161035 0.346125 0.000101701
AC 177 6.07607 6.07607 6.07558
OP 178 0.516458 0.54195 0.363893 0.163032 0.343441 9.93449E-05
AC 178 4.43941 4.43941 4.43898
OP 179 0.503605 0.540673 0.361371 0.149592 0.345798 0.000100751
AC 179 2.46224 2.46224 2.46179
OP 180 0.51191 0.537259 0.357583 0.152446 0.348357 0.000103091
AC 180 2.73644 2.73644 2.73604
OP 181 0.51983 0.532063 0.362272 0.156297 0.344758 0.00010123
AC 181 1.68635 1.68635 1.68593
OP 182 0.516724 0.543682 0.363904 0.164152 0.341986 9.92177E-05
AC 182 5.30389 5.30389 5.30341
OP 183 0.534549 0.526285 0.355395 0.161248 0.348014 0.000104001
AC 183 3.35854 3.35854 3.35817
OP 184 0.532443 0.540619 0.360607 0.163743 0.344574 0.000101721
AC 184 4.79581 4.79581 4.7954
OP 185 0.529546 0.543532 0.354944 0.161656 0.34717 0.000103622
AC 185 6.6545 6.6545 6.65405
OP 186 0.520883 0.537798 0.35033 0.156856 0.347412 0.000106682
AC 186 4.30909 4.30909 4.30872
OP 187 0.512773 0.520325 0.343239 0.151983 0.356472 0.000111595
AC 187 -1.1175 -1.1175 -1.11781
OP 188 0.524095 0.5404 0.347759 0.156124 0.350745 0.00010745
AC 188 4.48064 4.48064 4.48025
OP 189 0.523559 0.543783 0.371572 0.15887 0.338276 9.60306E-05
AC 189 3.18959 3.18959 3.18911
OP 190 0.53757 0.541388 0.363904 0.161606 0.346998 9.95287E-05
AC 190 4.03382 4.03382 4.03338
OP 191 0.515613 0.536768 0.354706 0.154902 0.349961 0.000104751
AC 191 2.27931 2.27931 2.27891
OP 192 0.518237 0.541794 0.362696 0.151801 0.345389 0.000100469
AC 192 3.12963 3.12963 3.12916
OP 193 0.512863 0.54204 0.351552 0.158912 0.350343 0.000105706
AC 193 4.60933 4.60933 4.60892
OP 194 0.521254 0.538993 0.368006 0.149114 0.343218 9.84193E-05
AC 194 0.724942 0.724942 0.724482
OP 195 0.513011 0.538692 0.368421 0.152845 0.344117 9.79967E-05
AC 195 1.00607 1.00607 1.00563
OP 196 0.531423 0.541061 0.373818 0.169662 0.338321 9.50322E-05
AC 196 4.82713 4.82713 4.82667
OP 197 0.511437 0.54432 0.361167 0.154064 0.344405 0.000100409
AC 197 3.50864 3.50864 3.50819
OP 198 0.522705 0.52807 0.358586 0.155442 0.345712 0.000102904
AC 198 0.79316 0.79316 0.792778
OP 199 0.519069 0.542427 0.3661 0.154754 0.341115 9.85375E-05
AC 199 2.51301 2.51301 2.51256
OP 200 0.540064 0.538617 0.36009 0.168466 0.343005 0.000101958
AC 200 5.96084 5.96084 5.96042
OP 201 0.522453 0.538801 0.360157 0.156176 0.343609 0.000101427
AC 201 3.30464 3.30464 3.30422
OP 202 0.52361 0.539774 0.368912 0.159962 0.341105 9.78965E-05
AC 202 4.35716 4.35716 4.35671
OP 203 0.533705 0.53342 0.35458 0.161767 0.350114 0.000104338
AC 203 4.20801 4.20801 4.20761
OP 204 0.532623 0.542134 0.361669 0.164425 0.346054 0.000101039
AC 204 5.53657 5.53657 5.53614
OP 205 0.514686 0.539609 0.367949 0.158165 0.339893 9.79523E-05
AC 205 3.30308 3.30308 3.3026
OP 206 0.498417 0.545946 0.368054 0.146085 0.345683 9.77587E-05
AC 206 0.0459193 0.0459193 0.0454413
OP 207 0.521439 0.535183 0.352151 0.162629 0.349474 0.000105691
AC 207 4.55589 4.55589 4.55551
OP 208 0.525024 0.543272 0.358472 0.162284 0.346668 0.000102338
AC 208 4.52285 4.52285 4.52245
OP 209 0.518955 0.53576 0.358668 0.159285 0.346091 0.000102417
AC 209 4.547 4.547 4.54659
OP 210 0.516859 0.550424 0.370796 0.160113 0.340391 9.65542E-05
AC 210 4.48651 4.48651 4.48604
OP 211 0.51418 0.537796 0.359313 0.144544 0.349502 0.000102949
AC 211 0.056348 0.056348 0.055927
OP 212 0.530341 0.54823 0.362412 0.161471 0.345647 0.000100065
AC 212 5.62064 5.62064 5.62014
OP 213 0.529791 0.549002 0.36301 0.155285 0.34275 9.99578E-05
AC 213 3.96133 3.96133 3.96088
OP 214 0.526265 0.548292 0.364865 0.16134 0.341434 9.90536E-05
AC 214 4.96421 4.96421 4.96374
OP 215 0.524025 0.536152 0.355345 0.155428 0.347255 0.000104209
AC 215 2.87777 2.87777 2.87737
OP 216 0.51901 0.5307 0.361224 0.159481 0.343147 0.000101611
AC 216 2.4399 2.4399 2.4395
OP 217 0.522016 0.543935 0.357224 0.159992 0.347659 0.00010292
AC 217 5.31635 5.31635 5.31593
OP 218 0.514153 0.545655 0.36343 0.153395 0.341663 9.95685E-05
AC 218 3.33827 3.33827 3.33779
OP 219 0.52731 0.53485 0.352169 0.161973 0.350314 0.000106154
AC 219 3.85276 3.85276 3.8524
OP 220 0.517535 0.539764 0.359474 0.150665 0.346609 0.000102263
AC 220 2.34885 2.34885 2.34844
OP 221 0.507497 0.54408 0.356743 0.149978 0.348344 0.000102831
AC 221 3.70699 3.70699 3.70654
OP 222 0.527282 0.548386 0.371837 0.167355 0.337787 9.61863E-05
AC 222 5.48313 5.48313 5.48264
OP 223 0.521012 0.5298 0.360937 0.153853 0.347833 0.000101897
AC 223 0.0315163 0.0315163 0.0311276
OP 224 0.526995 0.532647 0.363129 0.168237 0.346277 0.00010027
AC 224 5.00324 5.00324 5.00282
OP 225 0.524357 0.552259 0.372939 0.16624 0.336771 9.53231E-05
AC 225 5.50729 5.50729 5.50678
OP 226 0.520789 0.539962 0.35882 0.159649 0.345574 0.000101738
AC 226 4.53275 4.53275 4.53228
OP 227 0.518842 0.530595 0.36135 0.157165 0.345688 0.000100875
AC 227 2.68649 2.68649 2.68607
OP 228 0.519519 0.534865 0.35819 0.153731 0.34671 0.000102875
AC 228 3.00798 3.00798 3.00756
OP 229 0.523127 0.552482 0.366105 0.161514 0.340052 9.81638E-05
AC 229 6.20397 6.20397 6.20347
OP 230 0.517744 0.541105 0.362101 0.158979 0.34482 0.000100582
AC 230 4.33616 4.33616 4.33573
OP 231 0.532357 0.546616 0.365345 0.163889 0.340489 9.82122E-05
AC 231 5.8344 5.8344 5.83392
OP 232 0.530697 0.527368 0.366764 0.160491 0.342021 9.91732E-05
AC 232 1.36538 1.36538 1.36498
OP 233 0.526726 0.544386 0.362614 0.159603 0.342507 0.000100623
AC 233 3.853 3.853 3.85258
OP 234 0.515745 0.548089 0.362437 0.160215 0.344877 9.97645E-05
AC 234 5.39131 5.39131 5.39083
OP 235 0.523847 0.537691 0.355868 0.161816 0.347324 0.000103837
AC 235 5.06684 5.06684 5.06643
OP 236 0.505514 0.544763 0.367796 0.155665 0.341359 9.75201E-05
AC 236 3.55904 3.55904 3.55855
OP 237 0.512938 0.528431 0.362753 0.151672 0.347778 0.000100728
AC 237 -1.66104 -1.66104 -1.66145
OP 238 0.525342 0.539932 0.359644 0.158353 0.344676 0.000101708
AC 238 4.85296 4.85296 4.85251
OP 239 0.525206 0.533113 0.360904 0.157419 0.345851 0.000101502
AC 239 2.53282 2.53282 2.5324
OP 240 0.529812 0.531697 0.35592 0.15901 0.348359 0.000103963
AC 240 1.69575 1.69575 1.69538
OP 241 0.515463 0.54109 0.363648 0.155691 0.347168 0.000100123
AC 241 2.04717 2.04717 2.04673
OP 242 0.521328 0.533073 0.363663 0.160194 0.341955 9.99722E-05
AC 242 4.03342 4.03342 4.03298
OP 243 0.507211 0.5519 0.372918 0.160735 0.335746 9.49644E-05
AC 243 2.71851 2.71851 2.71801
OP 244 0.52059 0.536977 0.364627 0.158174 0.345035 9.96689E-05
AC 244 3.15906 3.15906 3.15864
OP 245 0.506902 0.543751 0.363917 0.150299 0.341976 9.932E-05
AC 245 1.75692 1.75692 1.75646
OP 246 0.512548 0.54509 0.36698 0.150844 0.34379 9.83275E-05
AC 246 2.36872 2.36872 2.36823
OP 247 0.522364 0.540718 0.36364 0.152876 0.346296 0.000100089
AC 247 4.03059 4.03059 4.03015
OP 248 0.517785 0.540975 0.353879 0.155774 0.349459 0.000104339
AC 248 3.87663 3.87663 3.87619
OP 249 0.520451 0.539537 0.355955 0.158576 0.348345 0.00010353
AC 249 4.20898 4.20898 4.20856
OP 250 0.526133 0.534799 0.349344 0.153501 0.35312 0.000106944
AC 250 4.1486 4.1486 4.1482
OP 251 0.520042 0.532899 0.358713 0.155348 0.346185 0.000102434
AC 251 2.76157 2.76157 2.76117
OP 252 0.51814 0.537 0.368233 0.156685 0.342903 9.83136E-05
AC 252 1.82914 1.82914 1.82872
OP 253 0.520993 0.54132 0.354591 0.150684 0.346078 0.000104003
AC 253 2.29075 2.29075 2.29032
OP 254 0.524425 0.546069 0.360521 0.163545 0.34782 0.000101431
AC 254 5.67057 5.67057 5.67015
OP 255 0.525172 0.536498 0.36532 0.154618 0.343947 9.93333E-05
AC 255 1.56396 1.56396 1.56351
OP 256 0.512143 0.542038 0.360819 0.155748 0.347144 0.000101364
AC 256 2.0811 2.0811 2.08068
OP 257 0.518141 0.540865 0.360965 0.162066 0.344506 0.000101362
AC 257 4.97063 4.97063 4.9702
OP 258 0.511796 0.538605 0.357034 0.161703 0.348914 0.000102955
AC 258 4.1267 4.1267 4.1263
OP 259 0.504408 0.543891 0.368551 0.15736 0.342215 9.75095E-05
AC 259 3.44671 3.44671 3.44623
OP 260 0.518177 0.546123 0.373728 0.159566 0.338887 9.51197E-05
AC 260 2.87717 2.87717 2.87669
OP 261 0.528982 0.5397 0.358639 0.159312 0.348336 0.000102037
AC 261 4.25374 4.25374 4.2533
OP 262 0.512373 0.523776 0.356553 0.148643 0.353681 0.000103957
AC 262 -0.686077 -0.686077 -0.686456
OP 263 0.515012 0.542921 0.364513 0.156659 0.342287 9.95416E-05
AC 263 3.20573 3.20573 3.20529
OP 264 0.520031 0.533483 0.361733 0.157545 0.345805 0.00010143
AC 264 2.20524 2.20524 2.20482
OP 265 0.517922 0.539817 0.361751 0.162188 0.345305 0.00010046
AC 265 3.99242 3.99242 3.99199
OP 266 0.521305 0.5324 0.35436 0.156352 0.351197 0.000104748
AC 266 3.41449 3.41449 3.41409
OP 267 0.513204 0.539914 0.360686 0.153992 0.344288 0.000101488
AC 267 2.39859 2.39859 2.39817
OP 268 0.513128 0.539924 0.360694 0.158499 0.346267 0.000101474
AC 268 4.35594 4.35594 4.35551
OP 269 0.515777 0.546759 0.365416 0.151259 0.342218 9.84504E-05
AC 269 1.9011 1.9011 1.90063
OP 270 0.533795 0.547477 0.368883 0.169972 0.339331 9.71566E-05
AC 270 6.1406 6.1406 6.14014
OP 271 0.509715 0.54219 0.370662 0.151411 0.33971 9.64959E-05
AC 271 2.55796 2.55796 2.55746
OP 272 0.519403 0.541697 0.353753 0.155304 0.348721 0.000104569
AC 272 4.15384 4.15384 4.15342
OP 273 0.519786 0.537225 0.365472 0.155708 0.345828 9.92934E-05
AC 273 2.37985 2.37985 2.37941
OP 274 0.50721 0.543151 0.365716 0.146327 0.345302 9.86294E-05
AC 274 -0.02773 -0.02773 -0.0282164
OP 275 0.513447 0.521758 0.364783 0.148587 0.345892 0.000100568
AC 275 -5.88148 -5.88148 -5.88185
OP 276 0.516067 0.5382 0.351596 0.157435 0.34816 0.000105692
AC 276 4.36446 4.36446 4.36405
OP 277 0.511336 0.531429 0.364951 0.149593 0.34499 0.000100075
AC 277 0.356881 0.356881 0.356467
OP 278 0.523259 0.54621 0.368621 0.166121 0.340863 9.73269E-05
AC 278 5.82169 5.82169 5.82121
OP 279 0.516133 0.53778 0.366216 0.153263 0.344241 9.91853E-05
AC 279 2.54553 2.54553 2.54506
OP 280 0.517577 0.550055 0.360915 0.162393 0.343276 0.000100671
AC 280 5.98216 5.98216 5.98169
OP 281 0.524009 0.531639 0.364883 0.156925 0.342278 9.99142E-05
AC 281 1.8923 1.8923 1.89188
OP 282 0.540193 0.549187 0.367139 0.173236 0.34086 9.78449E-05
AC 282 7.04266 7.04266 7.04216
OP 283 0.52839 0.544497 0.364782 0.158211 0.343526 9.89479E-05
AC 283 3.71144 3.71144 3.71098
OP 284 0.514805 0.536446 0.367495 0.151693 0.34223 9.83562E-05
AC 284 1.45602 1.45602 1.45555
OP 285 0.527315 0.537549 0.354832 0.161819 0.347858 0.0001044
AC 285 5.12216 5.12216 5.12177
OP 286 0.494369 0.536256 0.371802 0.142796 0.338592 9.59243E-05
AC 286 -3.75632 -3.75632 -3.75682
OP 287 0.50849 0.538571 0.361543 0.156131 0.34716 0.000100717
AC 287 4.02239 4.02239 4.02196
OP 288 0.508392 0.543329 0.366834 0.150064 0.343464 9.79788E-05
AC 288 1.85221 1.85221 1.85173
OP 289 0.516988 0.535163 0.352055 0.150692 0.351609 0.00010554
AC 289 4.03582 4.03582 4.03542
OP 290 0.517014 0.52792 0.350585 0.154865 0.350422 0.000107103
AC 290 1.85106 1.85106 1.85069
OP 291 0.517152 0.546737 0.366356 0.15364 0.341182 9.83626E-05
AC 291 3.42216 3.42216 3.42169
OP 292 0.513673 0.53633 0.363501 0.149263 0.345259 0.0001002
AC 292 0.917156 0.917156 0.916714
OP 293 0.517588 0.542106 0.36381 0.162609 0.343922 9.95033E-05
AC 293 3.54136 3.54136 3.54093
OP 294 0.518541 0.542832 0.366914 0.163915 0.342603 9.84585E-05
AC 294 4.9812 4.9812 4.98073
OP 295 0.519673 0.548537 0.370728 0.166129 0.340717 9.64336E-05
AC 295 5.19521 5.19521 5.19473
OP 296 0.511569 0.537871 0.365201 0.155365 0.345013 9.91322E-05
AC 296 0.821423 0.821423 0.820968
OP 297 0.51256 0.537344 0.36878 0.162031 0.341792 9.78792E-05
AC 297 2.15513 2.15513 2.15471
OP 298 0.528599 0.535706 0.36017 0.164814 0.346052 0.000101679
AC 298 5.02884 5.02884 5.02843
OP 299 0.498638 0.541376 0.363733 0.145874 0.344435 9.96961E-05
AC 299 -0.951874 -0.951874 -0.952325
