OP 0 0.650556 0.813829 0.653501 0.323333 0.296443 0.000104678
AC 0 8.87183 8.87183 8.87118
OP 1 0.655123 0.804737 0.644583 0.322105 0.300673 0.000109857
AC 1 8.57581 8.57581 8.57527
OP 2 0.655647 0.806612 0.641087 0.329758 0.304001 0.00011123
AC 2 8.27691 8.27691 8.2764
OP 3 0.644334 0.810002 0.650516 0.31633 0.298396 0.000106739
AC 3 8.42364 8.42364 8.42307
OP 4 0.641233 0.809204 0.66019 0.317119 0.294066 0.000102295
AC 4 6.71886 6.71886 6.71825
OP 5 0.63162 0.815851 0.649292 0.312366 0.300464 0.000106869
AC 5 8.69951 8.69951 8.69887
OP 6 0.636774 0.813027 0.646187 0.315484 0.300504 0.000108544
AC 6 8.72816 8.72816 8.72756
OP 7 0.647211 0.809439 0.651144 0.323664 0.296446 0.000106056
AC 7 8.31724 8.31724 8.31665
OP 8 0.630342 0.824627 0.663085 0.319301 0.289875 0.000100215
AC 8 8.33883 8.33883 8.33812
OP 9 0.635801 0.819536 0.651273 0.312899 0.298494 0.000105813
AC 9 9.17079 9.17079 9.17015
OP 10 0.624001 0.817268 0.656032 0.317363 0.293173 0.000103403
AC 10 8.00112 8.00112 8.00048
OP 11 0.662575 0.821986 0.654816 0.336965 0.29822 0.000104127
AC 11 8.83309 8.83309 8.83244
OP 12 0.64899 0.817435 0.656301 0.32687 0.294732 0.000103505
AC 12 8.20323 8.20323 8.2026
OP 13 0.634813 0.805959 0.654645 0.313173 0.294904 0.000104802
AC 13 6.90876 6.90876 6.9082
OP 14 0.653165 0.808088 0.646826 0.323991 0.300698 0.000108517
AC 14 8.59028 8.59028 8.58971
OP 15 0.613699 0.800454 0.651844 0.297317 0.300981 0.000107063
AC 15 7.48559 7.48559 7.48505
OP 16 0.644443 0.805322 0.65318 0.317161 0.296855 0.00010587
AC 16 7.64258 7.64258 7.642
OP 17 0.628365 0.81543 0.661442 0.317064 0.295342 0.000101084
AC 17 7.63748 7.63748 7.63686
OP 18 0.639817 0.808594 0.647377 0.320059 0.302476 0.000108553
AC 18 7.68513 7.68513 7.68455
OP 19 0.652789 0.820752 0.654827 0.330575 0.296041 0.000104161
AC 19 8.20083 8.20083 8.20022
OP 20 0.642547 0.81594 0.660794 0.317399 0.294438 0.000101584
AC 20 7.93522 7.93522 7.9346
OP 21 0.656437 0.808325 0.648382 0.317898 0.300165 0.000107897
AC 21 8.13245 8.13245 8.13187
OP 22 0.65339 0.803152 0.64617 0.326445 0.299465 0.000108864
AC 22 7.38693 7.38693 7.38638
OP 23 0.642915 0.817035 0.657283 0.329935 0.29502 0.000103116
AC 23 8.12197 8.12197 8.12133
OP 24 0.639797 0.812848 0.656286 0.321095 0.29691 0.000103823
AC 24 8.18234 8.18234 8.18173
OP 25 0.64407 0.812966 0.655447 0.322613 0.295722 0.000103825
AC 25 7.54564 7.54564 7.54506
OP 26 0.643719 0.810079 0.646531 0.320743 0.29949 0.000108523
AC 26 7.72709 7.72709 7.72652
OP 27 0.629031 0.803678 0.649999 0.30652 0.299358 0.000107241
AC 27 6.97084 6.97084 6.97028
OP 28 0.647898 0.809278 0.648139 0.322493 0.297546 0.000107769
AC 28 8.50875 8.50875 8.50817
OP 29 0.639431 0.808291 0.651421 0.324513 0.298094 0.000106058
AC 29 8.21733 8.21733 8.21672
OP 30 0.643127 0.805638 0.655186 0.322035 0.297557 0.00010487
AC 30 7.49439 7.49439 7.49384
OP 31 0.66137 0.820068 0.654842 0.324259 0.296919 0.000103929
AC 31 9.10046 9.10046 9.09977
OP 32 0.647286 0.815888 0.660366 0.326559 0.292434 0.000102014
AC 32 8.21051 8.21051 8.20991
OP 33 0.637146 0.793972 0.640693 0.312115 0.307391 0.000113141
AC 33 7.31293 7.31293 7.31247
OP 34 0.64205 0.827399 0.666759 0.324144 0.288079 9.79037E-05
AC 34 7.68063 7.68063 7.6799
OP 35 0.659682 0.810718 0.651827 0.331779 0.299765 0.000106316
AC 35 8.65184 8.65184 8.65128
OP 36 0.642571 0.809391 0.646132 0.32072 0.299668 0.000108874
AC 36 9.00938 9.00938 9.00882
OP 37 0.65396 0.804786 0.649655 0.320622 0.296147 0.000107153
AC 37 7.75229 7.75229 7.75172
OP 38 0.627446 0.820529 0.663228 0.322092 0.291859 0.000100297
AC 38 7.61917 7.61917 7.61852
OP 39 0.647661 0.815166 0.655495 0.328189 0.296532 0.000103547
AC 39 8.02542 8.02542 8.0248
OP 40 0.626258 0.798511 0.639556 0.307949 0.305543 0.00011311
AC 40 7.87747 7.87747 7.87699
OP 41 0.636362 0.817182 0.655384 0.32056 0.293381 0.000103856
AC 41 8.40197 8.40197 8.40135
OP 42 0.63896 0.818268 0.654439 0.322919 0.295436 0.000103877
AC 42 8.16895 8.16895 8.16828
OP 43 0.637008 0.814762 0.654571 0.314095 0.296853 0.000104493
AC 43 8.02117 8.02117 8.02055
OP 44 0.629408 0.811636 0.65352 0.321361 0.297311 0.000105055
AC 44 8.09084 8.09084 8.09024
OP 45 0.642058 0.805675 0.651453 0.318724 0.298038 0.000106459
AC 45 7.21985 7.21985 7.2193
OP 46 0.633843 0.815204 0.64991 0.325208 0.297947 0.000106505
AC 46 8.35394 8.35394 8.35333
OP 47 0.637523 0.821002 0.652908 0.322772 0.298522 0.000105329
AC 47 8.92448 8.92448 8.92386
OP 48 0.649153 0.814031 0.649361 0.321895 0.300037 0.000107204
AC 48 8.574 8.574 8.57339
OP 49 0.635954 0.805585 0.650144 0.322721 0.300047 0.000107231
AC 49 7.91804 7.91804 7.91749
OP 50 0.637652 0.820576 0.661327 0.325201 0.294521 0.000100427
AC 50 7.87916 7.87916 7.87845
OP 51 0.650887 0.80863 0.655727 0.32436 0.293972 0.000103509
AC 51 7.34661 7.34661 7.346
OP 52 0.648387 0.811341 0.655537 0.32848 0.293878 0.000104115
AC 52 8.20487 8.20487 8.20426
OP 53 0.649965 0.817076 0.654954 0.324111 0.294937 0.000104208
AC 53 8.6836 8.6836 8.68298
OP 54 0.639459 0.808944 0.65502 0.312302 0.298619 0.000104794
AC 54 6.71367 6.71367 6.71309
OP 55 0.646863 0.799609 0.637648 0.326951 0.302586 0.000113787
AC 55 7.99366 7.99366 7.99315
OP 56 0.642881 0.825259 0.665134 0.325306 0.29007 9.89245E-05
AC 56 8.1724 8.1724 8.17171
OP 57 0.640776 0.806053 0.650168 0.316929 0.297969 0.00010738
AC 57 7.4588 7.4588 7.45825
OP 58 0.645741 0.815822 0.650003 0.325352 0.299228 0.000106255
AC 58 8.73718 8.73718 8.73658
OP 59 0.645278 0.81968 0.656325 0.328953 0.295569 0.000103128
AC 59 8.63549 8.63549 8.63484
OP 60 0.649404 0.808627 0.645565 0.319986 0.300196 0.000109493
AC 60 7.95102 7.95102 7.95044
OP 61 0.649358 0.808158 0.655106 0.321211 0.295942 0.000104386
AC 61 7.92 7.92 7.91941
OP 62 0.645884 0.823149 0.653269 0.328238 0.296964 0.000104368
AC 62 8.8604 8.8604 8.85975
OP 63 0.647949 0.814773 0.648272 0.319983 0.300048 0.000107051
AC 63 9.10553 9.10553 9.10491
OP 64 0.633879 0.809206 0.649762 0.318457 0.300061 0.00010701
AC 64 7.68329 7.68329 7.68272
OP 65 0.643625 0.811286 0.646781 0.324324 0.30087 0.000108683
AC 65 7.65315 7.65315 7.65259
OP 66 0.650866 0.803485 0.636922 0.320379 0.304864 0.000113737
AC 66 8.04315 8.04315 8.04264
OP 67 0.640286 0.813894 0.656609 0.315906 0.295543 0.000103668
AC 67 7.24998 7.24998 7.24942
OP 68 0.639039 0.804777 0.641204 0.311687 0.30246 0.000111731
AC 68 6.96771 6.96771 6.96718
OP 69 0.633195 0.808294 0.648934 0.316966 0.299212 0.000107157
AC 69 7.54544 7.54544 7.54489
OP 70 0.648748 0.81126 0.655913 0.320589 0.29495 0.000104018
AC 70 7.75927 7.75927 7.75866
OP 71 0.660137 0.819408 0.652825 0.333839 0.294485 0.000104961
AC 71 8.84429 8.84429 8.84366
OP 72 0.641639 0.817769 0.653382 0.326238 0.29678 0.000104683
AC 72 8.91124 8.91124 8.91061
OP 73 0.647427 0.809863 0.661305 0.319138 0.291092 0.000101291
AC 73 7.73907 7.73907 7.73845
OP 74 0.641989 0.800279 0.648047 0.316896 0.299212 0.000108425
AC 74 8.11704 8.11704 8.11649
OP 75 0.636817 0.810827 0.654639 0.316411 0.29548 0.000104827
AC 75 7.34943 7.34943 7.34884
OP 76 0.630429 0.783414 0.639355 0.307546 0.308768 0.000113572
AC 76 6.31812 6.31812 6.31765
OP 77 0.651592 0.819768 0.661703 0.328631 0.293054 0.000100662
AC 77 8.31533 8.31533 8.31465
OP 78 0.639336 0.803874 0.653224 0.315128 0.299303 0.000105895
AC 78 7.29725 7.29725 7.29669
OP 79 0.639319 0.808244 0.651741 0.313935 0.295744 0.00010664
AC 79 7.76735 7.76735 7.76678
OP 80 0.653659 0.800878 0.651423 0.324881 0.297821 0.000106877
AC 80 7.21632 7.21632 7.21579
OP 81 0.648356 0.795066 0.641525 0.315146 0.302576 0.000112004
AC 81 7.48623 7.48623 7.48575
OP 82 0.652604 0.808128 0.654048 0.322677 0.296865 0.000105085
AC 82 8.24465 8.24465 8.24406
OP 83 0.638895 0.822877 0.670279 0.321499 0.286703 9.63789E-05
AC 83 7.6728 7.6728 7.67208
OP 84 0.665708 0.810992 0.648174 0.327564 0.298542 0.00010734
AC 84 8.89297 8.89297 8.89237
OP 85 0.640328 0.817903 0.658214 0.332998 0.292672 0.00010243
AC 85 8.20366 8.20366 8.20304
OP 86 0.649221 0.80472 0.645052 0.322388 0.302169 0.000109816
AC 86 8.1952 8.1952 8.19469
OP 87 0.639491 0.798612 0.650607 0.317478 0.299043 0.000107785
AC 87 5.15248 5.15248 5.15196
OP 88 0.649444 0.811484 0.647849 0.321886 0.298433 0.00010762
AC 88 8.59626 8.59626 8.59566
OP 89 0.631925 0.796392 0.651367 0.314821 0.299459 0.000107624
AC 89 5.96315 5.96315 5.96265
OP 90 0.630891 0.800517 0.641941 0.312795 0.30361 0.000111784
AC 90 7.80004 7.80004 7.79953
OP 91 0.618251 0.821073 0.653855 0.313786 0.295008 0.000104796
AC 91 7.86924 7.86924 7.86862
OP 92 0.642273 0.82144 0.659838 0.324068 0.293815 0.000101581
AC 92 8.22161 8.22161 8.22096
OP 93 0.639556 0.807512 0.649027 0.317363 0.300126 0.000107555
AC 93 8.14427 8.14427 8.1437
OP 94 0.65744 0.802746 0.651642 0.325959 0.295582 0.000106138
AC 94 8.11836 8.11836 8.11781
OP 95 0.634647 0.821159 0.67188 0.330367 0.286588 9.58323E-05
AC 95 6.88059 6.88059 6.87987
OP 96 0.643439 0.804107 0.650105 0.320446 0.299446 0.000107011
AC 96 7.3042 7.3042 7.30363
OP 97 0.639173 0.795567 0.641161 0.319061 0.304818 0.000112405
AC 97 8.10652 8.10652 8.10603
OP 98 0.647364 0.809383 0.657682 0.323675 0.295585 0.000103015
AC 98 8.01525 8.01525 8.01464
OP 99 0.615989 0.801111 0.648043 0.313518 0.300189 0.000108619
AC 99 7.38261 7.38261 7.38207
OP 100 0.640465 0.809707 0.66012 0.318105 0.293913 0.000102784
AC 100 6.81339 6.81339 6.8128
OP 101 0.64743 0.810475 0.650816 0.318105 0.297387 0.00010601
AC 101 8.4394 8.4394 8.4388
OP 102 0.64322 0.810899 0.653422 0.326553 0.296744 0.000104975
AC 102 7.57316 7.57316 7.57257
OP 103 0.63964 0.815165 0.655651 0.316671 0.295194 0.000103918
AC 103 8.04941 8.04941 8.04881
OP 104 0.653025 0.80435 0.650503 0.32599 0.298939 0.000106791
AC 104 7.33715 7.33715 7.33662
OP 105 0.635429 0.812925 0.65329 0.321203 0.296733 0.000105372
AC 105 7.55094 7.55094 7.55037
OP 106 0.635664 0.813869 0.653122 0.32332 0.295386 0.000105087
AC 106 8.28401 8.28401 8.28341
OP 107 0.629046 0.824637 0.670853 0.322023 0.288583 9.59573E-05
AC 107 7.32332 7.32332 7.32257
OP 108 0.645313 0.805325 0.637199 0.318784 0.306372 0.000113977
AC 108 8.49868 8.49868 8.49818
OP 109 0.643424 0.812684 0.657872 0.32913 0.295244 0.000102475
AC 109 8.09157 8.09157 8.09096
OP 110 0.644495 0.807822 0.655904 0.320166 0.29911 0.000103727
AC 110 7.61917 7.61917 7.61858
OP 111 0.626267 0.813452 0.651608 0.306562 0.299983 0.000105952
AC 111 7.51474 7.51474 7.51412
OP 112 0.638367 0.804329 0.645748 0.31563 0.303958 0.000109615
AC 112 7.82997 7.82997 7.82944
OP 113 0.624703 0.802886 0.648427 0.310006 0.301978 0.000108229
AC 113 7.00629 7.00629 7.00574
OP 114 0.624742 0.80326 0.649892 0.314893 0.299163 0.00010738
AC 114 6.79141 6.79141 6.79083
OP 115 0.659275 0.809249 0.65377 0.325849 0.297415 0.000105007
AC 115 7.53935 7.53935 7.53874
OP 116 0.628093 0.819794 0.647656 0.318608 0.299698 0.000107514
AC 116 8.45843 8.45843 8.45782
OP 117 0.643344 0.814179 0.650258 0.321768 0.298966 0.000106632
AC 117 8.59454 8.59454 8.59391
OP 118 0.632425 0.835856 0.662912 0.327508 0.291874 9.93851E-05
AC 118 9.00916 9.00916 9.00841
OP 119 0.633372 0.807198 0.649198 0.316576 0.299726 0.000107255
AC 119 7.8427 7.8427 7.84211
OP 120 0.633508 0.796787 0.631509 0.311601 0.309529 0.000117283
AC 120 7.58682 7.58682 7.58635
OP 121 0.630394 0.804908 0.646924 0.314539 0.301135 0.000109129
AC 121 8.08449 8.08449 8.08396
OP 122 0.633312 0.82038 0.657377 0.322313 0.295675 0.000102416
AC 122 8.21452 8.21452 8.21387
OP 123 0.641424 0.794169 0.646652 0.318746 0.300529 0.000109949
AC 123 7.05656 7.05656 7.05607
OP 124 0.6276 0.802243 0.6467 0.31659 0.301288 0.000109028
AC 124 7.36036 7.36036 7.35982
OP 125 0.642247 0.80831 0.643326 0.315707 0.303015 0.000110515
AC 125 8.27048 8.27048 8.26994
OP 126 0.643256 0.798286 0.64298 0.315638 0.304052 0.00011085
AC 126 8.09455 8.09455 8.09403
OP 127 0.651057 0.817804 0.658774 0.329011 0.291906 0.000102001
AC 127 8.5598 8.5598 8.55918
OP 128 0.64802 0.802054 0.654399 0.324263 0.297253 0.000105539
AC 128 7.15539 7.15539 7.15482
OP 129 0.651996 0.809489 0.65212 0.326035 0.297669 0.000105975
AC 129 7.81864 7.81864 7.81806
OP 130 0.637929 0.816215 0.650225 0.32078 0.300572 0.000106296
AC 130 9.08282 9.08282 9.08221
OP 131 0.638315 0.806011 0.646524 0.323721 0.300578 0.000108877
AC 131 7.49088 7.49088 7.49032
OP 132 0.636236 0.821471 0.649064 0.318543 0.299305 0.000107096
AC 132 8.97176 8.97176 8.97112
OP 133 0.646538 0.810604 0.657207 0.318978 0.295438 0.00010313
AC 133 7.33248 7.33248 7.33183
OP 134 0.635851 0.827508 0.663806 0.325402 0.29187 9.87572E-05
AC 134 8.2606 8.2606 8.25983
OP 135 0.657173 0.810888 0.657104 0.330922 0.295633 0.000103731
AC 135 8.54091 8.54091 8.54035
OP 136 0.642182 0.810487 0.657759 0.323001 0.295858 0.000103613
AC 136 7.83251 7.83251 7.8319
OP 137 0.627167 0.816374 0.65157 0.312614 0.297419 0.000105452
AC 137 7.55508 7.55508 7.55447
OP 138 0.640134 0.807268 0.649568 0.313836 0.299668 0.000107643
AC 138 7.67098 7.67098 7.67041
OP 139 0.635318 0.81378 0.651162 0.316444 0.298014 0.000106045
AC 139 7.70938 7.70938 7.70873
OP 140 0.636768 0.803445 0.645998 0.320188 0.301055 0.000109978
AC 140 7.45953 7.45953 7.45898
OP 141 0.6278 0.809439 0.653027 0.317306 0.29645 0.000105439
AC 141 7.46244 7.46244 7.46184
OP 142 0.655009 0.80631 0.645982 0.323531 0.300603 0.000109222
AC 142 9.04113 9.04113 9.04057
OP 143 0.631925 0.813882 0.653724 0.320281 0.297043 0.000105174
AC 143 8.19074 8.19074 8.19013
OP 144 0.652089 0.810193 0.646344 0.326923 0.301016 0.000109453
AC 144 7.76013 7.76013 7.75959
OP 145 0.643899 0.811051 0.645565 0.314394 0.30094 0.000108932
AC 145 9.41265 9.41265 9.41206
OP 146 0.646237 0.81722 0.65093 0.322802 0.298572 0.000106258
AC 146 8.7239 8.7239 8.72328
OP 147 0.64944 0.804806 0.640865 0.315221 0.303084 0.000111904
AC 147 7.86721 7.86721 7.86668
OP 148 0.627223 0.810921 0.650644 0.315338 0.300852 0.000107016
AC 148 7.67803 7.67803 7.67743
OP 149 0.643401 0.812566 0.647199 0.315167 0.2981 0.000107921
AC 149 8.25878 8.25878 8.25819
OP 150 0.648562 0.816319 0.652199 0.330962 0.299045 0.000105654
AC 150 8.73011 8.73011 8.7295
OP 151 0.641758 0.820739 0.652643 0.324486 0.296427 0.000105848
AC 151 8.92575 8.92575 8.92512
OP 152 0.640595 0.805173 0.64738 0.31999 0.300806 0.000108675
AC 152 7.43147 7.43147 7.43094
OP 153 0.641854 0.821102 0.651261 0.323566 0.29629 0.000105728
AC 153 8.42413 8.42413 8.42349
OP 154 0.643091 0.813962 0.649132 0.323961 0.298553 0.000107058
AC 154 8.13764 8.13764 8.13705
OP 155 0.641667 0.812177 0.65919 0.32525 0.292485 0.000102634
AC 155 8.00556 8.00556 8.00496
OP 156 0.637395 0.804093 0.648393 0.314323 0.298536 0.000107839
AC 156 8.43999 8.43999 8.43945
OP 157 0.632623 0.804371 0.657012 0.314174 0.295333 0.000103924
AC 157 6.79289 6.79289 6.79233
OP 158 0.643891 0.811317 0.657052 0.325527 0.295957 0.000103441
AC 158 7.50304 7.50304 7.50243
OP 159 0.642831 0.80905 0.653047 0.319385 0.296539 0.00010506
AC 159 8.28712 8.28712 8.28654
OP 160 0.647455 0.809312 0.645637 0.327083 0.301702 0.000109044
AC 160 8.60136 8.60136 8.6008
OP 161 0.658325 0.810903 0.657994 0.318386 0.29302 0.000102623
AC 161 6.60962 6.60962 6.609
OP 162 0.647727 0.810995 0.651459 0.317518 0.297967 0.000106261
AC 162 8.59574 8.59574 8.59514
OP 163 0.631571 0.810939 0.663265 0.318223 0.293048 0.000100954
AC 163 6.46544 6.46544 6.46482
OP 164 0.642683 0.809459 0.648483 0.326775 0.300778 0.000107288
AC 164 8.3088 8.3088 8.30821
OP 165 0.643596 0.805399 0.650507 0.317452 0.299585 0.000107367
AC 165 7.6917 7.6917 7.69114
OP 166 0.648519 0.818579 0.655576 0.328246 0.293722 0.00010353
AC 166 8.87744 8.87744 8.87681
OP 167 0.647545 0.817742 0.659706 0.324626 0.292307 0.000101367
AC 167 8.21832 8.21832 8.21767
OP 168 0.65583 0.820997 0.661647 0.334971 0.290995 0.000100793
AC 168 8.88905 8.88905 8.88836
OP 169 0.638847 0.826454 0.658275 0.32425 0.292607 0.000102323
AC 169 8.16275 8.16275 8.16206
OP 170 0.633557 0.808887 0.642388 0.320487 0.30177 0.000111109
AC 170 7.82768 7.82768 7.82714
OP 171 0.65353 0.809418 0.651937 0.327028 0.298032 0.000106339
AC 171 8.28578 8.28578 8.28519
OP 172 0.650777 0.826362 0.659239 0.331918 0.295188 0.000101907
AC 172 8.96377 8.96377 8.96309
OP 173 0.630553 0.827918 0.659449 0.324437 0.29327 0.000101294
AC 173 8.53904 8.53904 8.53834
OP 174 0.641556 0.806548 0.648486 0.32504 0.300387 0.000108172
AC 174 7.64162 7.64162 7.64107
OP 175 0.634482 0.810336 0.646207 0.317744 0.300965 0.000108718
AC 175 8.50661 8.50661 8.50605
OP 176 0.640051 0.820969 0.658249 0.321413 0.296683 0.000102453
AC 176 8.48325 8.48325 8.48256
OP 177 0.650355 0.811437 0.657053 0.324925 0.298222 0.000103536
AC 177 8.44504 8.44504 8.44442
OP 178 0.636092 0.813259 0.650166 0.321233 0.297669 0.000106442
AC 178 8.04854 8.04854 8.04795
OP 179 0.647848 0.806105 0.650706 0.325313 0.29953 0.000106728
AC 179 7.53266 7.53266 7.5321
OP 180 0.650084 0.808028 0.656558 0.325459 0.295423 0.000103609
AC 180 8.01579 8.01579 8.0152
OP 181 0.650056 0.818816 0.657781 0.325984 0.292182 0.000101996
AC 181 8.50878 8.50878 8.50809
OP 182 0.656444 0.810893 0.650616 0.328645 0.299551 0.000106482
AC 182 8.96215 8.96215 8.96156
OP 183 0.64054 0.818203 0.656263 0.323777 0.296074 0.000103512
AC 183 7.36641 7.36641 7.36579
OP 184 0.649455 0.811845 0.649426 0.323676 0.29839 0.000106771
AC 184 8.98849 8.98849 8.9879
OP 185 0.639386 0.811747 0.652045 0.32081 0.2971 0.000105701
AC 185 7.52372 7.52372 7.52311
OP 186 0.651326 0.801299 0.651871 0.32956 0.299993 0.000106584
AC 186 7.19501 7.19501 7.19446
OP 187 0.643022 0.810869 0.652853 0.326143 0.296018 0.000105574
AC 187 7.51179 7.51179 7.51122
OP 188 0.639638 0.808894 0.657384 0.317386 0.294692 0.000103415
AC 188 6.91443 6.91443 6.91384
OP 189 0.6492 0.805578 0.648288 0.324609 0.300495 0.000108246
AC 189 7.42145 7.42145 7.42091
OP 190 0.635799 0.809237 0.648222 0.318063 0.300168 0.000108273
AC 190 8.16342 8.16342 8.16286
OP 191 0.644054 0.822301 0.662857 0.328493 0.290147 9.97278E-05
AC 191 7.4931 7.4931 7.49241
OP 192 0.638077 0.824208 0.649124 0.326805 0.297574 0.000106332
AC 192 9.44995 9.44995 9.44929
OP 193 0.660615 0.808293 0.65472 0.329437 0.295587 0.000104635
AC 193 8.8101 8.8101 8.80951
OP 194 0.637242 0.821772 0.657819 0.320014 0.293347 0.000102659
AC 194 8.79755 8.79755 8.79689
OP 195 0.633239 0.824278 0.654178 0.321427 0.295167 0.00010412
AC 195 8.09964 8.09964 8.09893
OP 196 0.634241 0.814374 0.649619 0.323464 0.298653 0.000107031
AC 196 8.49652 8.49652 8.49594
OP 197 0.646739 0.807725 0.650026 0.320368 0.298365 0.000106216
AC 197 7.93392 7.93392 7.93333
OP 198 0.631221 0.811996 0.659013 0.31379 0.293386 0.000102097
AC 198 7.28503 7.28503 7.28441
OP 199 0.63803 0.820759 0.660564 0.322958 0.292222 0.000101409
AC 199 7.80854 7.80854 7.80786
OP 200 0.649036 0.814841 0.660166 0.328406 0.291121 0.000101155
AC 200 8.26222 8.26222 8.26157
OP 201 0.639945 0.794055 0.648921 0.306911 0.299122 0.000108819
AC 201 6.78043 6.78043 6.77992
OP 202 0.656199 0.816174 0.657574 0.330064 0.296236 0.000103154
AC 202 7.90381 7.90381 7.9032
OP 203 0.644863 0.816516 0.650603 0.319838 0.297809 0.000106481
AC 203 8.10588 8.10588 8.10525
OP 204 0.637293 0.80695 0.65382 0.318426 0.298109 0.000105108
AC 204 6.71237 6.71237 6.71177
OP 205 0.656819 0.810729 0.65047 0.323409 0.299751 0.000106931
AC 205 8.03791 8.03791 8.03735
OP 206 0.65189 0.799345 0.645177 0.321723 0.303842 0.000109923
AC 206 7.48347 7.48347 7.48293
OP 207 0.650889 0.81259 0.652797 0.322227 0.297538 0.000104879
AC 207 7.96281 7.96281 7.96219
OP 208 0.647765 0.808954 0.656635 0.324856 0.294501 0.000103671
AC 208 7.44037 7.44037 7.43978
OP 209 0.639091 0.81883 0.671312 0.325409 0.288598 9.60019E-05
AC 209 7.42091 7.42091 7.42021
OP 210 0.621822 0.810368 0.645463 0.316399 0.301501 0.000109057
AC 210 8.35869 8.35869 8.35812
OP 211 0.654548 0.804275 0.647004 0.325294 0.30095 0.000109162
AC 211 8.24162 8.24162 8.24109
OP 212 0.654517 0.804808 0.649594 0.324825 0.29844 0.000107502
AC 212 8.59135 8.59135 8.5908
OP 213 0.64668 0.818227 0.65118 0.325778 0.298454 0.000106036
AC 213 8.62267 8.62267 8.62205
OP 214 0.644298 0.810778 0.654058 0.31485 0.297215 0.000104538
AC 214 8.2019 8.2019 8.20127
OP 215 0.6617 0.815702 0.660394 0.332255 0.293459 0.00010164
AC 215 8.3127 8.3127 8.31202
OP 216 0.650608 0.80272 0.65071 0.320775 0.299557 0.000107396
AC 216 7.69644 7.69644 7.69587
OP 217 0.644827 0.811724 0.655843 0.326889 0.294722 0.000104023
AC 217 8.16317 8.16317 8.16258
OP 218 0.642496 0.823534 0.653394 0.325014 0.297331 0.000104783
AC 218 8.43074 8.43074 8.4301
OP 219 0.638811 0.809546 0.657254 0.314971 0.296105 0.000103754
AC 219 7.24458 7.24458 7.244
OP 220 0.642154 0.804627 0.658632 0.320455 0.29334 0.000103186
AC 220 7.30592 7.30592 7.30534
OP 221 0.648722 0.819812 0.655729 0.318962 0.292875 0.000103674
AC 221 8.63241 8.63241 8.63176
OP 222 0.650228 0.807342 0.655883 0.330515 0.297746 0.00010438
AC 222 8.1236 8.1236 8.12305
OP 223 0.643946 0.812252 0.656056 0.324797 0.296463 0.000104262
AC 223 8.22948 8.22948 8.22888
OP 224 0.644891 0.812482 0.655821 0.325673 0.29436 0.000103763
AC 224 7.73719 7.73719 7.7366
OP 225 0.649717 0.809911 0.649608 0.322955 0.299074 0.000107197
AC 225 8.35143 8.35143 8.35087
OP 226 0.638713 0.809061 0.640155 0.320182 0.304291 0.00011212
AC 226 8.22636 8.22636 8.22584
OP 227 0.648564 0.816667 0.657713 0.322436 0.293568 0.000102845
AC 227 7.5217 7.5217 7.52111
OP 228 0.650065 0.81442 0.647552 0.328246 0.298553 0.000107533
AC 228 8.79528 8.79528 8.79468
OP 229 0.629364 0.808665 0.656062 0.317785 0.295817 0.000103759
AC 229 7.2861 7.2861 7.28549
OP 230 0.641801 0.805397 0.648184 0.317358 0.30234 0.000108271
AC 230 6.79594 6.79594 6.79538
OP 231 0.647041 0.801958 0.656609 0.323056 0.292633 0.000103835
AC 231 6.92154 6.92154 6.92096
OP 232 0.646882 0.813163 0.662041 0.322014 0.296118 0.00010127
AC 232 8.00833 8.00833 8.00771
OP 233 0.644163 0.820187 0.664628 0.324279 0.292456 9.90988E-05
AC 233 8.07552 8.07552 8.07481
OP 234 0.647538 0.796794 0.656837 0.319889 0.29656 0.000104821
AC 234 6.47016 6.47016 6.46963
OP 235 0.635887 0.808475 0.645967 0.315577 0.300082 0.000109438
AC 235 8.41759 8.41759 8.41703
OP 236 0.640769 0.809973 0.653482 0.313823 0.296459 0.000104745
AC 236 7.51344 7.51344 7.51281
OP 237 0.637713 0.818952 0.660764 0.31681 0.292507 0.00010126
AC 237 7.16243 7.16243 7.16176
OP 238 0.623068 0.813491 0.650614 0.313561 0.299908 0.00010678
AC 238 8.02425 8.02425 8.02364
OP 239 0.632335 0.812369 0.656942 0.32353 0.297551 0.000103507
AC 239 7.65245 7.65245 7.65185
OP 240 0.653083 0.799403 0.649562 0.321758 0.30229 0.00010804
AC 240 7.47913 7.47913 7.4786
OP 241 0.642346 0.808783 0.648619 0.326788 0.302364 0.000107805
AC 241 7.90186 7.90186 7.9013
OP 242 0.650155 0.813694 0.652293 0.324581 0.297189 0.000105684
AC 242 8.54316 8.54316 8.54255
OP 243 0.653975 0.803054 0.643991 0.319788 0.303016 0.00011019
AC 243 8.23019 8.23019 8.22964
OP 244 0.644981 0.805042 0.652631 0.323865 0.297316 0.000106009
AC 244 7.51806 7.51806 7.51751
OP 245 0.636046 0.812861 0.649459 0.312049 0.297167 0.00010717
AC 245 8.32416 8.32416 8.32356
OP 246 0.644936 0.824925 0.649397 0.329617 0.297097 0.000106465
AC 246 9.40184 9.40184 9.40121
OP 247 0.650603 0.807188 0.645648 0.328342 0.30117 0.000108752
AC 247 8.67365 8.67365 8.67311
OP 248 0.642436 0.810207 0.65313 0.316972 0.299795 0.000105553
AC 248 7.77386 7.77386 7.77327
OP 249 0.646419 0.806763 0.653418 0.316893 0.296168 0.000104752
AC 249 7.35908 7.35908 7.35847
OP 250 0.64468 0.822999 0.659186 0.328029 0.291975 0.000101692
AC 250 8.82684 8.82684 8.82615
OP 251 0.637873 0.809659 0.646735 0.322653 0.301106 0.000108643
AC 251 8.02781 8.02781 8.02725
OP 252 0.662194 0.812552 0.661028 0.332373 0.294614 0.000101174
AC 252 7.94699 7.94699 7.94634
OP 253 0.633743 0.810267 0.65723 0.320386 0.296389 0.000103694
AC 253 7.71086 7.71086 7.71027
OP 254 0.646348 0.824514 0.673948 0.327297 0.285755 9.46099E-05
AC 254 9.10827 9.10827 9.10751
OP 255 0.649825 0.820673 0.661647 0.324995 0.29339 0.000100362
AC 255 8.91005 8.91005 8.90935
OP 256 0.6506 0.797406 0.648768 0.318952 0.300636 0.000108604
AC 256 7.49917 7.49917 7.49863
OP 257 0.638256 0.817564 0.655499 0.319098 0.295458 0.000104013
AC 257 8.0139 8.0139 8.01326
OP 258 0.653004 0.82233 0.660846 0.330409 0.291738 0.000100917
AC 258 8.22657 8.22657 8.2259
OP 259 0.632495 0.818412 0.659584 0.32145 0.294915 0.000101736
AC 259 7.79139 7.79139 7.79073
OP 260 0.638138 0.809151 0.650303 0.311527 0.300573 0.000106893
AC 260 8.48294 8.48294 8.48234
OP 261 0.655024 0.80427 0.645432 0.325075 0.298308 0.000109181
AC 261 7.92519 7.92519 7.92465
OP 262 0.646767 0.810723 0.653514 0.324555 0.299956 0.000104888
AC 262 7.81698 7.81698 7.81638
OP 263 0.645618 0.816722 0.653854 0.327599 0.296331 0.000104389
AC 263 8.20693 8.20693 8.20631
OP 264 0.658212 0.81571 0.650023 0.325556 0.299206 0.000106452
AC 264 8.90098 8.90098 8.90037
OP 265 0.637235 0.813543 0.652774 0.317507 0.298353 0.00010551
AC 265 7.35132 7.35132 7.35074
OP 266 0.63239 0.812733 0.651035 0.312358 0.297648 0.000106568
AC 266 7.60444 7.60444 7.60385
OP 267 0.646315 0.826176 0.658772 0.333182 0.292045 0.000101356
AC 267 9.32629 9.32629 9.32558
OP 268 0.663258 0.799412 0.64369 0.332228 0.302476 0.000110485
AC 268 8.71944 8.71944 8.71894
OP 269 0.632777 0.802746 0.648739 0.31975 0.300336 0.000108019
AC 269 7.22825 7.22825 7.22772
OP 270 0.633605 0.817036 0.658944 0.320215 0.294911 0.000101999
AC 270 6.78391 6.78391 6.78329
OP 271 0.643853 0.815581 0.65847 0.326927 0.293238 0.000102273
AC 271 8.63951 8.63951 8.63885
OP 272 0.646875 0.806503 0.646948 0.321045 0.302987 0.000109145
AC 272 8.55223 8.55223 8.55171
OP 273 0.635851 0.806343 0.644711 0.315864 0.301224 0.000110085
AC 273 7.24675 7.24675 7.24621
OP 274 0.641949 0.803399 0.646524 0.322608 0.300498 0.000109237
AC 274 7.70891 7.70891 7.70837
OP 275 0.636528 0.80557 0.649865 0.32139 0.299957 0.000107603
AC 275 7.91785 7.91785 7.9173
OP 276 0.632371 0.821987 0.659983 0.324223 0.296057 0.000101547
AC 276 8.10417 8.10417 8.1035
OP 277 0.650645 0.807484 0.655837 0.318882 0.296388 0.000104399
AC 277 7.45864 7.45864 7.45806
OP 278 0.644109 0.810229 0.644503 0.325543 0.299901 0.0001097
AC 278 8.42262 8.42262 8.42207
OP 279 0.64791 0.819635 0.655688 0.327983 0.294286 0.000103064
AC 279 8.52386 8.52386 8.5232
OP 280 0.645584 0.810323 0.652028 0.320384 0.297698 0.000106369
AC 280 8.19787 8.19787 8.19731
OP 281 0.637991 0.808373 0.648052 0.315541 0.30297 0.000107873
AC 281 8.07953 8.07953 8.07896
OP 282 0.636291 0.81074 0.648113 0.319029 0.298211 0.000107977
AC 282 8.13043 8.13043 8.12985
OP 283 0.651127 0.80632 0.653287 0.321644 0.297217 0.000105676
AC 283 7.83 7.83 7.82941
OP 284 0.636507 0.811387 0.652539 0.322053 0.297773 0.000105766
AC 284 8.35798 8.35798 8.35739
OP 285 0.638061 0.816271 0.652977 0.319787 0.297395 0.00010545
AC 285 7.80658 7.80658 7.80598
OP 286 0.641298 0.80724 0.650187 0.315321 0.298826 0.00010668
AC 286 6.59368 6.59368 6.59312
OP 287 0.650957 0.815 0.654772 0.326465 0.29421 0.000104674
AC 287 8.01594 8.01594 8.01533
OP 288 0.642708 0.810044 0.645832 0.318999 0.301195 0.000109235
AC 288 8.22656 8.22656 8.22597
OP 289 0.654773 0.814899 0.656959 0.32604 0.294289 0.000102754
AC 289 7.76647 7.76647 7.76584
OP 290 0.657267 0.816576 0.663401 0.327621 0.292403 9.99631E-05
AC 290 8.27826 8.27826 8.27762
OP 291 0.648928 0.801779 0.649998 0.318593 0.299541 0.000107453
AC 291 7.34055 7.34055 7.33999
OP 292 0.648735 0.794614 0.647629 0.313051 0.30138 0.000108953
AC 292 5.94661 5.94661 5.94609
OP 293 0.634062 0.802348 0.649312 0.311076 0.297838 0.000107583
AC 293 7.81168 7.81168 7.81113
OP 294 0.644229 0.797234 0.644014 0.320349 0.300914 0.00011076
AC 294 7.35668 7.35668 7.35618
OP 295 0.641966 0.818187 0.651754 0.331615 0.295579 0.000105955
AC 295 8.57438 8.57438 8.57377
OP 296 0.64228 0.798276 0.65061 0.314623 0.295434 0.000107273
AC 296 6.87944 6.87944 6.87891
OP 297 0.639513 0.802669 0.650532 0.315428 0.29801 0.000107158
AC 297 7.28495 7.28495 7.28442
OP 298 0.63746 0.819031 0.652521 0.323622 0.295409 0.000104528
AC 298 8.11769 8.11769 8.11706
OP 299 0.642413 0.81624 0.653893 0.330117 0.296164 0.000104089
AC 299 8.22998 8.22998 8.22937
