OP 0 0.664618 0.739535 0.546521 0.184614 0.421694 0.000125278
AC 0 9.73981 9.73981 9.73892
OP 1 0.637659 0.739651 0.55939 0.168723 0.41654 0.000116605
AC 1 8.09243 8.09243 8.09149
OP 2 0.642015 0.735705 0.544177 0.171392 0.4231 0.000127736
AC 2 8.3623 8.3623 8.36152
OP 3 0.636712 0.725504 0.550761 0.17048 0.417198 0.000123384
AC 3 5.78406 5.78406 5.78336
OP 4 0.648642 0.722281 0.546309 0.16787 0.422009 0.000127472
AC 4 7.35956 7.35956 7.35887
OP 5 0.651804 0.727817 0.553957 0.17915 0.420094 0.000121389
AC 5 6.95291 6.95291 6.95216
OP 6 0.647701 0.726392 0.563156 0.177303 0.414958 0.00011488
AC 6 6.97958 6.97958 6.97879
OP 7 0.646662 0.734067 0.549201 0.171332 0.419217 0.000124092
AC 7 8.20987 8.20987 8.20899
OP 8 0.636607 0.721656 0.537321 0.167002 0.422691 0.000133559
AC 8 7.07864 7.07864 7.07799
OP 9 0.667561 0.739104 0.555981 0.184346 0.413207 0.000118769
AC 9 8.40907 8.40907 8.40818
OP 10 0.653293 0.741907 0.549385 0.185031 0.419464 0.00012293
AC 10 8.58329 8.58329 8.58235
OP 11 0.643604 0.721705 0.545983 0.170294 0.422932 0.000127663
AC 11 7.38469 7.38469 7.38401
OP 12 0.660423 0.7403 0.555586 0.183381 0.417113 0.000118934
AC 12 8.53161 8.53161 8.53077
OP 13 0.668789 0.730567 0.560059 0.181119 0.41577 0.000116444
AC 13 7.55521 7.55521 7.55436
OP 14 0.6446 0.73317 0.548942 0.173214 0.421009 0.000124751
AC 14 8.15189 8.15189 8.15114
OP 15 0.653055 0.757902 0.577306 0.189578 0.406354 0.000103261
AC 15 9.29228 9.29228 9.29099
OP 16 0.636675 0.727646 0.561044 0.16926 0.416109 0.000115995
AC 16 6.66284 6.66284 6.66202
OP 17 0.651655 0.7393 0.559895 0.176147 0.41344 0.000115711
AC 17 7.39936 7.39936 7.39843
OP 18 0.647698 0.741206 0.55433 0.186268 0.417992 0.000120336
AC 18 8.69551 8.69551 8.6946
OP 19 0.643379 0.731589 0.549176 0.17314 0.418271 0.000124055
AC 19 8.25517 8.25517 8.25437
OP 20 0.646312 0.742578 0.541342 0.171109 0.418034 0.000129091
AC 20 9.03118 9.03118 9.03037
OP 21 0.654734 0.72419 0.536334 0.176299 0.421998 0.000133932
AC 21 7.77554 7.77554 7.77486
OP 22 0.659797 0.745045 0.558183 0.185923 0.414537 0.000116554
AC 22 9.42535 9.42535 9.42437
OP 23 0.651592 0.742726 0.559792 0.180275 0.412698 0.000115799
AC 23 7.55538 7.55538 7.55446
OP 24 0.632729 0.738894 0.550126 0.169339 0.419848 0.000123479
AC 24 8.16351 8.16351 8.16268
OP 25 0.650121 0.723343 0.53916 0.167054 0.422572 0.000131695
AC 25 6.36756 6.36756 6.36686
OP 26 0.652755 0.741414 0.565237 0.177102 0.413735 0.000112749
AC 26 7.97061 7.97061 7.96967
OP 27 0.638375 0.737663 0.560745 0.170495 0.414206 0.000115479
AC 27 6.98058 6.98058 6.97968
OP 28 0.657254 0.733726 0.564804 0.186158 0.412122 0.000112787
AC 28 7.34025 7.34025 7.33939
OP 29 0.641394 0.745775 0.558088 0.177808 0.413904 0.000116967
AC 29 9.47794 9.47794 9.47696
OP 30 0.655192 0.726462 0.55122 0.175262 0.417508 0.000123408
AC 30 7.51779 7.51779 7.51704
OP 31 0.641709 0.735038 0.549116 0.171133 0.417684 0.000124178
AC 31 8.33332 8.33332 8.3325
OP 32 0.650021 0.746185 0.566101 0.17875 0.412334 0.000111523
AC 32 7.87936 7.87936 7.87829
OP 33 0.658386 0.748513 0.56291 0.184063 0.410913 0.000112571
AC 33 8.42494 8.42494 8.42383
OP 34 0.64678 0.737357 0.556827 0.175122 0.415765 0.000118502
AC 34 7.6831 7.6831 7.68224
OP 35 0.629413 0.743352 0.567594 0.177766 0.412599 0.000110374
AC 35 8.09071 8.09071 8.08966
OP 36 0.636748 0.728632 0.557791 0.164678 0.417034 0.000118618
AC 36 6.61765 6.61765 6.61685
OP 37 0.662626 0.728124 0.550454 0.176823 0.420787 0.000123591
AC 37 8.08927 8.08927 8.08848
OP 38 0.65263 0.728996 0.551467 0.17778 0.41687 0.000122328
AC 38 8.23663 8.23663 8.23581
OP 39 0.647225 0.741648 0.560747 0.171066 0.416026 0.000114617
AC 39 8.4269 8.4269 8.42593
OP 40 0.638559 0.746042 0.555517 0.165991 0.417864 0.000118437
AC 40 8.19702 8.19702 8.196
OP 41 0.638628 0.734758 0.56033 0.175563 0.415115 0.000116228
AC 41 6.78872 6.78872 6.78787
OP 42 0.650649 0.726645 0.550317 0.166946 0.420048 0.000124177
AC 42 6.26808 6.26808 6.26733
OP 43 0.652247 0.744359 0.566188 0.184614 0.411719 0.000110969
AC 43 8.18408 8.18408 8.18301
OP 44 0.64908 0.737513 0.56158 0.182558 0.414561 0.000115099
AC 44 7.9581 7.9581 7.95726
OP 45 0.660462 0.733982 0.545952 0.178565 0.421833 0.000126133
AC 45 8.47174 8.47174 8.47092
OP 46 0.646857 0.735558 0.552089 0.170574 0.419169 0.000121387
AC 46 8.36414 8.36414 8.36332
OP 47 0.643624 0.750003 0.555278 0.176011 0.416873 0.000118555
AC 47 9.15579 9.15579 9.15482
OP 48 0.651418 0.74268 0.560536 0.1818 0.41155 0.000114942
AC 48 8.2211 8.2211 8.22014
OP 49 0.643339 0.730829 0.545538 0.162725 0.420505 0.000126829
AC 49 7.74128 7.74128 7.74051
OP 50 0.656721 0.740517 0.5579 0.175259 0.415374 0.000116814
AC 50 8.65497 8.65497 8.65403
OP 51 0.66201 0.737777 0.546028 0.179248 0.419897 0.000125432
AC 51 9.25875 9.25875 9.25785
OP 52 0.654432 0.753745 0.568674 0.188616 0.409158 0.000107973
AC 52 8.53627 8.53627 8.53503
OP 53 0.637902 0.746724 0.54448 0.167575 0.419736 0.000126013
AC 53 8.67597 8.67597 8.67498
OP 54 0.636584 0.737357 0.547388 0.170163 0.421684 0.000125087
AC 54 8.3991 8.3991 8.39824
OP 55 0.65185 0.742118 0.562967 0.175835 0.413381 0.00011356
AC 55 9.16871 9.16871 9.16766
OP 56 0.655309 0.735919 0.55052 0.172899 0.420416 0.000122843
AC 56 8.33971 8.33971 8.33886
OP 57 0.656982 0.736675 0.558875 0.181595 0.415686 0.000116942
AC 57 8.66469 8.66469 8.66377
OP 58 0.644437 0.723119 0.542797 0.171333 0.421213 0.000129642
AC 58 7.24253 7.24253 7.24182
OP 59 0.65982 0.729869 0.544396 0.173734 0.422341 0.00012828
AC 59 7.68781 7.68781 7.68707
OP 60 0.644234 0.725017 0.551081 0.16498 0.422173 0.000123664
AC 60 7.25123 7.25123 7.25051
OP 61 0.653591 0.737722 0.570889 0.176555 0.409833 0.00010849
AC 61 7.35147 7.35147 7.35052
OP 62 0.646948 0.735072 0.551294 0.174206 0.41956 0.000122127
AC 62 8.42936 8.42936 8.42851
OP 63 0.656095 0.747998 0.554855 0.188038 0.416142 0.000118705
AC 63 9.66072 9.66072 9.65967
OP 64 0.653073 0.750147 0.560269 0.180787 0.413223 0.00011515
AC 64 8.68254 8.68254 8.68148
OP 65 0.64766 0.730897 0.559176 0.168558 0.418215 0.00011678
AC 65 6.0179 6.0179 6.01706
OP 66 0.643398 0.742706 0.552756 0.173813 0.416867 0.000120258
AC 66 8.8562 8.8562 8.85524
OP 67 0.649926 0.742991 0.555419 0.174998 0.412926 0.000119051
AC 67 8.05999 8.05999 8.05906
OP 68 0.639524 0.75147 0.56369 0.177585 0.411674 0.000112387
AC 68 9.16255 9.16255 9.16141
OP 69 0.646678 0.73612 0.557248 0.175466 0.415917 0.000118101
AC 69 7.9816 7.9816 7.98072
OP 70 0.660383 0.741171 0.554907 0.184182 0.41544 0.000120205
AC 70 8.46945 8.46945 8.4686
OP 71 0.656796 0.750841 0.560419 0.188137 0.411376 0.000114784
AC 71 9.41983 9.41983 9.41874
OP 72 0.635739 0.7438 0.571658 0.176867 0.411907 0.000107426
AC 72 7.30376 7.30376 7.30276
OP 73 0.662264 0.736035 0.54791 0.186763 0.421382 0.000124266
AC 73 9.25061 9.25061 9.24975
OP 74 0.648187 0.745069 0.556898 0.176737 0.415062 0.000117895
AC 74 8.95652 8.95652 8.95553
OP 75 0.634916 0.75497 0.552879 0.18118 0.416153 0.000119284
AC 75 9.74737 9.74737 9.74624
OP 76 0.653043 0.743566 0.552006 0.18053 0.416033 0.000120746
AC 76 8.79676 8.79676 8.79583
OP 77 0.648462 0.740147 0.557507 0.175758 0.415773 0.000117405
AC 77 7.86108 7.86108 7.86016
OP 78 0.646941 0.744369 0.563367 0.178101 0.413392 0.000114027
AC 78 8.28904 8.28904 8.28815
OP 79 0.645877 0.719116 0.546425 0.173026 0.419513 0.000126735
AC 79 6.59774 6.59774 6.59705
OP 80 0.63627 0.735494 0.555083 0.170952 0.416225 0.000119365
AC 80 8.24622 8.24622 8.24531
OP 81 0.647076 0.725696 0.541373 0.167393 0.424362 0.000130623
AC 81 7.52612 7.52612 7.52542
OP 82 0.652255 0.760139 0.578293 0.185468 0.40457 0.000101942
AC 82 9.31015 9.31015 9.30875
OP 83 0.648017 0.744382 0.55361 0.177421 0.416892 0.000119674
AC 83 8.29866 8.29866 8.2977
OP 84 0.654705 0.735975 0.554649 0.181786 0.414756 0.000119258
AC 84 7.0222 7.0222 7.02134
OP 85 0.651647 0.728099 0.544246 0.170684 0.420859 0.000127681
AC 85 8.00554 8.00554 8.00476
OP 86 0.637362 0.748789 0.557067 0.177033 0.413174 0.000116883
AC 86 8.63412 8.63412 8.63312
OP 87 0.644586 0.736504 0.556933 0.177601 0.416022 0.000118304
AC 87 7.43378 7.43378 7.43296
OP 88 0.647972 0.74148 0.564886 0.184681 0.413262 0.000112056
AC 88 7.96695 7.96695 7.96596
OP 89 0.644451 0.73213 0.545682 0.165806 0.419135 0.00012626
AC 89 8.05899 8.05899 8.0582
OP 90 0.656026 0.725011 0.543696 0.178096 0.421851 0.000128408
AC 90 7.9138 7.9138 7.91315
OP 91 0.641205 0.741133 0.54769 0.173725 0.420925 0.000124635
AC 91 8.08145 8.08145 8.08052
OP 92 0.648906 0.729822 0.556605 0.17779 0.416128 0.000119443
AC 92 8.32525 8.32525 8.32448
OP 93 0.637157 0.730507 0.554378 0.171346 0.416809 0.000120324
AC 93 6.89647 6.89647 6.89568
OP 94 0.636656 0.747682 0.55434 0.176574 0.416507 0.000119503
AC 94 8.82864 8.82864 8.82766
OP 95 0.663695 0.739718 0.571259 0.190711 0.40992 0.000108505
AC 95 8.23328 8.23328 8.23226
OP 96 0.647775 0.732835 0.562276 0.171161 0.411892 0.000114592
AC 96 7.41935 7.41935 7.41846
OP 97 0.652011 0.742951 0.558037 0.178109 0.415441 0.000117569
AC 97 8.57748 8.57748 8.57656
OP 98 0.648114 0.738404 0.556331 0.179864 0.416187 0.000118783
AC 98 8.13021 8.13021 8.12936
OP 99 0.656468 0.744637 0.558164 0.182327 0.415807 0.000116666
AC 99 8.42866 8.42866 8.42766
OP 100 0.642303 0.739568 0.558727 0.173192 0.415455 0.000116826
AC 100 7.72858 7.72858 7.72767
OP 101 0.648193 0.73864 0.566102 0.179432 0.411948 0.000111782
AC 101 7.65204 7.65204 7.65108
OP 102 0.62385 0.743012 0.563438 0.168176 0.416708 0.000113098
AC 102 7.8231 7.8231 7.8221
OP 103 0.65244 0.739484 0.553541 0.181474 0.415179 0.000120422
AC 103 8.7165 8.7165 8.71556
OP 104 0.651383 0.739162 0.556634 0.180552 0.416178 0.000118257
AC 104 8.24906 8.24906 8.24822
OP 105 0.657102 0.735774 0.560718 0.178985 0.414371 0.000115412
AC 105 7.2286 7.2286 7.22776
OP 106 0.649304 0.764638 0.555862 0.184857 0.41291 0.00011668
AC 106 10.6934 10.6934 10.6921
OP 107 0.645215 0.749408 0.559998 0.182447 0.412736 0.000114874
AC 107 9.64457 9.64457 9.64346
OP 108 0.638902 0.748569 0.544795 0.172678 0.420787 0.000125936
AC 108 8.48044 8.48044 8.47945
OP 109 0.661008 0.742972 0.549811 0.17859 0.418998 0.000122407
AC 109 8.57919 8.57919 8.57833
OP 110 0.644805 0.744812 0.561999 0.181807 0.412594 0.000114216
AC 110 7.99262 7.99262 7.99167
OP 111 0.656551 0.733308 0.54552 0.172743 0.42166 0.00012718
AC 111 8.18382 8.18382 8.18308
OP 112 0.64784 0.752923 0.556111 0.18244 0.414102 0.000116963
AC 112 9.57089 9.57089 9.56979
OP 113 0.660633 0.728634 0.551852 0.176375 0.420048 0.00012231
AC 113 8.29847 8.29847 8.29769
OP 114 0.637216 0.730621 0.55554 0.169838 0.418832 0.000119902
AC 114 6.97787 6.97787 6.9771
OP 115 0.635961 0.73418 0.545743 0.168123 0.420147 0.000126556
AC 115 7.23075 7.23075 7.22999
OP 116 0.658475 0.740317 0.559234 0.180384 0.412206 0.000115543
AC 116 8.95693 8.95693 8.95591
OP 117 0.659508 0.731421 0.559934 0.178542 0.41523 0.000116322
AC 117 8.16952 8.16952 8.16865
OP 118 0.667287 0.761512 0.580209 0.192197 0.404274 0.000100836
AC 118 8.73035 8.73035 8.72897
OP 119 0.656797 0.740144 0.558782 0.177138 0.416235 0.000116802
AC 119 8.26774 8.26774 8.26677
OP 120 0.651496 0.734582 0.543898 0.174013 0.420811 0.000127158
AC 120 7.94192 7.94192 7.9411
OP 121 0.64302 0.770128 0.581138 0.186871 0.402913 9.95228E-05
AC 121 9.188 9.188 9.1863
OP 122 0.635235 0.747926 0.558184 0.179765 0.414079 0.000117056
AC 122 8.90108 8.90108 8.9001
OP 123 0.637031 0.731779 0.55184 0.16545 0.418439 0.000122432
AC 123 7.68183 7.68183 7.68104
OP 124 0.647343 0.739227 0.559706 0.178946 0.417258 0.000115967
AC 124 8.81907 8.81907 8.81816
OP 125 0.659064 0.735132 0.550428 0.176616 0.417862 0.000122679
AC 125 8.9319 8.9319 8.931
OP 126 0.63446 0.73259 0.551139 0.174612 0.418069 0.000123324
AC 126 7.79808 7.79808 7.79733
OP 127 0.65262 0.727957 0.546205 0.176815 0.419613 0.000126434
AC 127 7.80862 7.80862 7.80786
OP 128 0.651805 0.740109 0.556055 0.179502 0.415561 0.000118551
AC 128 8.90995 8.90995 8.90902
OP 129 0.659149 0.741495 0.576787 0.175363 0.406628 0.000104677
AC 129 7.66885 7.66885 7.66783
OP 130 0.638814 0.746054 0.560891 0.167543 0.414931 0.000115083
AC 130 8.19018 8.19018 8.18912
OP 131 0.654207 0.734273 0.555545 0.176563 0.415387 0.000119475
AC 131 7.72989 7.72989 7.72904
OP 132 0.641878 0.739026 0.563599 0.167317 0.41592 0.000113412
AC 132 6.68218 6.68218 6.6813
OP 133 0.634405 0.731648 0.554313 0.168838 0.420019 0.000119932
AC 133 7.24792 7.24792 7.24707
OP 134 0.636734 0.730362 0.55635 0.170348 0.416681 0.00011937
AC 134 7.49215 7.49215 7.49142
OP 135 0.635218 0.738798 0.559568 0.170277 0.416529 0.000115798
AC 135 6.82633 6.82633 6.82542
OP 136 0.63816 0.736229 0.551495 0.169731 0.417968 0.000121966
AC 136 7.69838 7.69838 7.69757
OP 137 0.65374 0.749944 0.560386 0.17889 0.412804 0.000114682
AC 137 8.73932 8.73932 8.73825
OP 138 0.651744 0.723668 0.553139 0.170819 0.420125 0.000122209
AC 138 6.75418 6.75418 6.7534
OP 139 0.635906 0.729288 0.546096 0.16685 0.419259 0.000125952
AC 139 8.35339 8.35339 8.35256
OP 140 0.635402 0.72416 0.546915 0.1637 0.425016 0.000126465
AC 140 6.7013 6.7013 6.70061
OP 141 0.650072 0.737219 0.554884 0.17953 0.416178 0.000119611
AC 141 8.58493 8.58493 8.58411
OP 142 0.645387 0.751223 0.567718 0.182892 0.409554 0.000109903
AC 142 9.19517 9.19517 9.194
OP 143 0.651974 0.73805 0.561726 0.174746 0.41158 0.000114492
AC 143 8.33005 8.33005 8.32905
OP 144 0.633334 0.744929 0.555717 0.176725 0.416105 0.000118861
AC 144 8.41988 8.41988 8.41894
OP 145 0.648248 0.744256 0.561947 0.182388 0.413551 0.000114024
AC 145 7.62521 7.62521 7.6242
OP 146 0.642331 0.73565 0.547375 0.174414 0.420647 0.000124948
AC 146 7.88588 7.88588 7.8851
OP 147 0.646386 0.74232 0.558864 0.181081 0.414692 0.000116626
AC 147 8.12261 8.12261 8.12173
OP 148 0.643817 0.720477 0.544551 0.167401 0.421324 0.000128124
AC 148 7.30485 7.30485 7.30418
OP 149 0.639932 0.7272 0.552153 0.165843 0.419027 0.000122199
AC 149 6.70926 6.70926 6.70848
OP 150 0.653355 0.744916 0.558958 0.183123 0.415256 0.00011568
AC 150 9.29989 9.29989 9.29889
OP 151 0.656925 0.755364 0.566316 0.186967 0.413534 0.000110525
AC 151 8.2739 8.2739 8.27275
OP 152 0.629376 0.741184 0.561957 0.169673 0.414073 0.000114954
AC 152 8.02926 8.02926 8.02825
OP 153 0.640531 0.753058 0.569061 0.174484 0.409964 0.000108827
AC 153 8.46836 8.46836 8.46721
OP 154 0.648286 0.740411 0.547487 0.177086 0.418151 0.000124807
AC 154 9.13134 9.13134 9.13051
OP 155 0.640217 0.741128 0.563059 0.174859 0.414602 0.000113759
AC 155 8.73613 8.73613 8.73515
OP 156 0.66569 0.748847 0.562481 0.185737 0.413392 0.000113656
AC 156 9.3254 9.3254 9.32434
OP 157 0.632311 0.738549 0.55086 0.162396 0.420923 0.000123265
AC 157 8.24278 8.24278 8.24192
OP 158 0.633097 0.741341 0.557225 0.169981 0.415717 0.000117563
AC 158 9.47074 9.47074 9.46972
OP 159 0.648278 0.725747 0.538756 0.178086 0.424083 0.000131465
AC 159 8.78216 8.78216 8.78145
OP 160 0.655568 0.733391 0.550819 0.175949 0.418167 0.000122694
AC 160 7.92618 7.92618 7.92539
OP 161 0.655887 0.743716 0.571704 0.182003 0.410067 0.000107929
AC 161 7.38065 7.38065 7.37963
OP 162 0.649813 0.73911 0.564453 0.178862 0.411954 0.000113134
AC 162 7.97559 7.97559 7.97464
OP 163 0.641401 0.746277 0.557001 0.18205 0.414765 0.000118225
AC 163 8.57926 8.57926 8.57828
OP 164 0.654203 0.726497 0.558254 0.174895 0.413642 0.000118155
AC 164 6.5213 6.5213 6.52054
OP 165 0.662346 0.734686 0.551752 0.181351 0.420125 0.00012141
AC 165 9.11534 9.11534 9.11443
OP 166 0.63838 0.731597 0.543841 0.166981 0.419533 0.000127966
AC 166 7.76234 7.76234 7.76153
OP 167 0.663749 0.73953 0.551175 0.184424 0.415752 0.000122336
AC 167 8.36763 8.36763 8.36677
OP 168 0.645844 0.730411 0.545437 0.170724 0.421858 0.0001265
AC 168 8.17845 8.17845 8.17765
OP 169 0.649614 0.752943 0.571796 0.180485 0.407769 0.000106615
AC 169 9.17808 9.17808 9.17696
OP 170 0.650693 0.751746 0.565335 0.179063 0.411801 0.000111463
AC 170 8.76318 8.76318 8.76209
OP 171 0.652364 0.72547 0.547712 0.174774 0.42134 0.000125454
AC 171 7.93362 7.93362 7.93289
OP 172 0.654407 0.730772 0.53988 0.177005 0.422109 0.000130513
AC 172 8.2499 8.2499 8.24914
OP 173 0.642297 0.748698 0.558173 0.174418 0.413327 0.000116646
AC 173 9.23921 9.23921 9.23818
OP 174 0.644002 0.739666 0.542901 0.178209 0.41978 0.00012829
AC 174 8.96962 8.96962 8.96879
OP 175 0.651058 0.741875 0.551601 0.178751 0.417664 0.000121189
AC 175 8.77262 8.77262 8.77169
OP 176 0.648906 0.736061 0.560067 0.172488 0.41321 0.000116242
AC 176 7.36611 7.36611 7.36524
OP 177 0.639754 0.74302 0.553825 0.175637 0.41846 0.000120524
AC 177 9.50035 9.50035 9.49941
OP 178 0.645514 0.73423 0.563307 0.167129 0.412539 0.000114187
AC 178 6.79915 6.79915 6.79832
OP 179 0.639031 0.760068 0.581261 0.186057 0.403393 0.000100095
AC 179 7.83082 7.83082 7.82951
OP 180 0.645491 0.742268 0.557181 0.17106 0.415179 0.000117877
AC 180 8.12752 8.12752 8.12658
OP 181 0.656148 0.750168 0.565652 0.192142 0.410041 0.000110884
AC 181 9.0609 9.0609 9.05979
OP 182 0.653512 0.730893 0.542567 0.178571 0.421103 0.000128222
AC 182 8.26775 8.26775 8.26703
OP 183 0.628024 0.73218 0.544143 0.163823 0.422467 0.000128136
AC 183 7.53971 7.53971 7.53898
OP 184 0.656068 0.748863 0.555661 0.185581 0.416497 0.000118502
AC 184 8.66074 8.66074 8.65982
OP 185 0.656696 0.749776 0.564251 0.180817 0.413062 0.000112333
AC 185 8.8525 8.8525 8.85138
OP 186 0.665063 0.746706 0.567103 0.183696 0.409521 0.000110641
AC 186 8.22938 8.22938 8.22833
OP 187 0.649079 0.751282 0.556582 0.175401 0.415736 0.000117274
AC 187 9.70416 9.70416 9.70304
OP 188 0.642329 0.721142 0.559653 0.175382 0.415607 0.000118107
AC 188 5.85 5.85 5.8493
OP 189 0.650986 0.736467 0.560187 0.178888 0.414888 0.000115553
AC 189 8.17709 8.17709 8.17618
OP 190 0.643317 0.738064 0.549481 0.163972 0.417771 0.000123249
AC 190 6.92273 6.92273 6.9218
OP 191 0.642338 0.742484 0.55581 0.171887 0.414727 0.000119086
AC 191 8.44013 8.44013 8.43918
OP 192 0.653663 0.754204 0.573037 0.189109 0.407426 0.000105592
AC 192 9.20075 9.20075 9.19957
OP 193 0.648611 0.744004 0.556844 0.186144 0.413109 0.00011763
AC 193 8.52564 8.52564 8.52468
OP 194 0.641007 0.740238 0.557403 0.175364 0.413864 0.000117669
AC 194 8.37668 8.37668 8.37575
OP 195 0.653203 0.723286 0.549422 0.179173 0.42029 0.000124971
AC 195 5.9638 5.9638 5.9631
OP 196 0.631717 0.743962 0.555101 0.164336 0.419706 0.000119271
AC 196 7.8131 7.8131 7.81215
OP 197 0.64493 0.741559 0.565613 0.177148 0.411697 0.000111693
AC 197 8.03522 8.03522 8.03417
OP 198 0.651718 0.747423 0.552443 0.172425 0.417254 0.000120405
AC 198 9.95911 9.95911 9.95804
OP 199 0.635428 0.743362 0.550661 0.175019 0.417651 0.000122741
AC 199 8.27951 8.27951 8.27859
OP 200 0.651963 0.73531 0.55013 0.180927 0.417821 0.000123456
AC 200 9.11916 9.11916 9.11831
OP 201 0.657178 0.74182 0.565653 0.189972 0.409144 0.000111717
AC 201 8.98657 8.98657 8.98554
OP 202 0.654679 0.735444 0.546348 0.17776 0.419245 0.000126101
AC 202 8.77625 8.77625 8.77544
OP 203 0.659347 0.729024 0.545989 0.181729 0.42054 0.000127
AC 203 8.75236 8.75236 8.75162
OP 204 0.651687 0.740945 0.560456 0.181455 0.414786 0.000116423
AC 204 8.04691 8.04691 8.04601
OP 205 0.651475 0.727503 0.562771 0.179911 0.413526 0.000115017
AC 205 6.31225 6.31225 6.31149
OP 206 0.636957 0.738876 0.550059 0.170387 0.420009 0.000123308
AC 206 8.10089 8.10089 8.10008
OP 207 0.646987 0.722851 0.547586 0.170732 0.419959 0.000125984
AC 207 7.09121 7.09121 7.09047
OP 208 0.658968 0.735347 0.558799 0.171411 0.414858 0.000116618
AC 208 7.76382 7.76382 7.76291
OP 209 0.628682 0.744899 0.556742 0.175808 0.41616 0.000118078
AC 209 8.81885 8.81885 8.81788
OP 210 0.65408 0.748668 0.567766 0.184155 0.409332 0.000109698
AC 210 8.3121 8.3121 8.31101
OP 211 0.638021 0.732788 0.554725 0.175433 0.418114 0.000120309
AC 211 7.39006 7.39006 7.38928
OP 212 0.642068 0.743427 0.549444 0.176781 0.419238 0.000122974
AC 212 8.58926 8.58926 8.58836
OP 213 0.634556 0.72541 0.547788 0.163313 0.419546 0.000125337
AC 213 6.88563 6.88563 6.88493
OP 214 0.651866 0.743662 0.557685 0.185509 0.414722 0.000117191
AC 214 8.27961 8.27961 8.27867
OP 215 0.647394 0.751898 0.558823 0.182245 0.413917 0.000116659
AC 215 9.34989 9.34989 9.34886
OP 216 0.639936 0.737756 0.565844 0.170382 0.411703 0.000112439
AC 216 7.26807 7.26807 7.26717
OP 217 0.641793 0.746432 0.567225 0.173472 0.411966 0.000110783
AC 217 7.64775 7.64775 7.6467
OP 218 0.655479 0.722087 0.544263 0.170378 0.422689 0.000128461
AC 218 7.49126 7.49126 7.49056
OP 219 0.646419 0.740559 0.560025 0.175635 0.41494 0.000115798
AC 219 7.55348 7.55348 7.55251
OP 220 0.644677 0.731797 0.555144 0.169057 0.420059 0.000119577
AC 220 7.7048 7.7048 7.70397
OP 221 0.651892 0.735372 0.550679 0.176039 0.413531 0.000122351
AC 221 8.28262 8.28262 8.28182
OP 222 0.636799 0.747482 0.548228 0.173356 0.419653 0.000123825
AC 222 9.11356 9.11356 9.11264
OP 223 0.654466 0.729569 0.549127 0.171972 0.419272 0.000124717
AC 223 7.73541 7.73541 7.73462
OP 224 0.636275 0.746581 0.55517 0.173183 0.415532 0.000118972
AC 224 8.09146 8.09146 8.0905
OP 225 0.656054 0.73584 0.553117 0.181791 0.416531 0.00012134
AC 225 8.23773 8.23773 8.23689
OP 226 0.664572 0.739321 0.554334 0.186148 0.414222 0.00011865
AC 226 8.12926 8.12926 8.12835
OP 227 0.659239 0.750299 0.570558 0.18889 0.40938 0.000108438
AC 227 9.09785 9.09785 9.0968
OP 228 0.650396 0.746406 0.570785 0.17702 0.409474 0.000107768
AC 228 7.57558 7.57558 7.57441
OP 229 0.661584 0.732917 0.549352 0.177227 0.418649 0.00012369
AC 229 8.72906 8.72906 8.72822
OP 230 0.636329 0.738325 0.555448 0.162533 0.416315 0.000118383
AC 230 7.7614 7.7614 7.76047
OP 231 0.647628 0.743057 0.551817 0.175697 0.416415 0.000121128
AC 231 9.22005 9.22005 9.21914
OP 232 0.64199 0.733893 0.558054 0.166449 0.416743 0.000118126
AC 232 7.54323 7.54323 7.54229
OP 233 0.648089 0.720744 0.553433 0.172466 0.418259 0.000121903
AC 233 5.83756 5.83756 5.8368
OP 234 0.665294 0.742887 0.547565 0.185965 0.419142 0.000124312
AC 234 9.0662 9.0662 9.06531
OP 235 0.663941 0.736425 0.55617 0.183501 0.415098 0.000117679
AC 235 8.14792 8.14792 8.14703
OP 236 0.653523 0.740202 0.550121 0.182518 0.417519 0.000122445
AC 236 8.73993 8.73993 8.73907
OP 237 0.657156 0.746365 0.560894 0.177965 0.410856 0.00011473
AC 237 9.20097 9.20097 9.19994
OP 238 0.643265 0.725882 0.546635 0.166677 0.420002 0.000127177
AC 238 6.45867 6.45867 6.45795
OP 239 0.64494 0.732318 0.555199 0.17391 0.416333 0.000119646
AC 239 7.45006 7.45006 7.44923
OP 240 0.649538 0.720373 0.539585 0.177347 0.424141 0.000131894
AC 240 7.5202 7.5202 7.51952
OP 241 0.638326 0.740516 0.562703 0.176504 0.411908 0.000113919
AC 241 8.47969 8.47969 8.47872
OP 242 0.652831 0.735505 0.570071 0.179802 0.412405 0.000109813
AC 242 7.90753 7.90753 7.9066
OP 243 0.629379 0.73595 0.550739 0.172423 0.420652 0.000122864
AC 243 8.33909 8.33909 8.33829
OP 244 0.643044 0.741908 0.559282 0.175743 0.416792 0.000116599
AC 244 8.52735 8.52735 8.52636
OP 245 0.649746 0.749431 0.562875 0.179449 0.412568 0.000113254
AC 245 8.7105 8.7105 8.70947
OP 246 0.647358 0.7373 0.558013 0.176288 0.417817 0.000117423
AC 246 8.22547 8.22547 8.22457
OP 247 0.63973 0.739313 0.553831 0.16926 0.418767 0.000120457
AC 247 7.23003 7.23003 7.22915
OP 248 0.649983 0.745887 0.559484 0.177989 0.415815 0.000115733
AC 248 9.40095 9.40095 9.39995
OP 249 0.637187 0.722249 0.553726 0.171854 0.417858 0.000121721
AC 249 6.59203 6.59203 6.59133
OP 250 0.651685 0.741292 0.553862 0.172036 0.418297 0.000119559
AC 250 9.13482 9.13482 9.13389
OP 251 0.656243 0.744219 0.557846 0.178605 0.412593 0.000116731
AC 251 8.49476 8.49476 8.49378
OP 252 0.655928 0.7212 0.539454 0.173776 0.42246 0.00013153
AC 252 6.79974 6.79974 6.79907
OP 253 0.657917 0.735761 0.561583 0.178026 0.414229 0.000114968
AC 253 8.85257 8.85257 8.85157
OP 254 0.64466 0.738008 0.558507 0.173301 0.414545 0.000116835
AC 254 7.74636 7.74636 7.74549
OP 255 0.64837 0.734167 0.549048 0.17557 0.418694 0.000124025
AC 255 8.5807 8.5807 8.57988
OP 256 0.665486 0.737481 0.550959 0.18657 0.415904 0.000121922
AC 256 8.59924 8.59924 8.59837
OP 257 0.656655 0.740509 0.549718 0.178446 0.418164 0.000123233
AC 257 8.30408 8.30408 8.30319
OP 258 0.653812 0.73436 0.553557 0.17881 0.4161 0.000121259
AC 258 7.69218 7.69218 7.69134
OP 259 0.640607 0.733644 0.559493 0.171912 0.41707 0.000116575
AC 259 7.88769 7.88769 7.88678
OP 260 0.639043 0.741267 0.551376 0.175325 0.418084 0.00012169
AC 260 8.29857 8.29857 8.29768
OP 261 0.635271 0.735334 0.558506 0.172219 0.416416 0.000117806
AC 261 7.24092 7.24092 7.24009
OP 262 0.651283 0.743105 0.55668 0.176076 0.414478 0.00011834
AC 262 8.75232 8.75232 8.7514
OP 263 0.652211 0.728039 0.556762 0.181714 0.417376 0.000118653
AC 263 7.69048 7.69048 7.68968
OP 264 0.660105 0.732425 0.544615 0.182667 0.422194 0.000127227
AC 264 8.77963 8.77963 8.77887
OP 265 0.641601 0.736331 0.564318 0.170185 0.413156 0.000112818
AC 265 7.5777 7.5777 7.57681
OP 266 0.659826 0.741647 0.552143 0.176815 0.416702 0.00012164
AC 266 8.32033 8.32033 8.31937
OP 267 0.645625 0.757971 0.56469 0.18114 0.411692 0.000111653
AC 267 9.06434 9.06434 9.06319
OP 268 0.648123 0.734631 0.550535 0.179745 0.418056 0.000122337
AC 268 7.40221 7.40221 7.4014
OP 269 0.645932 0.736611 0.559872 0.173207 0.415856 0.000116569
AC 269 7.91527 7.91527 7.91439
OP 270 0.648979 0.736948 0.562302 0.178345 0.414184 0.000114387
AC 270 7.52512 7.52512 7.52423
OP 271 0.647786 0.729949 0.55142 0.173215 0.418575 0.000122846
AC 271 7.43739 7.43739 7.43662
OP 272 0.656328 0.729136 0.551307 0.173464 0.416994 0.000122263
AC 272 6.89356 6.89356 6.89273
OP 273 0.643394 0.738052 0.550003 0.174649 0.420984 0.000122886
AC 273 8.13039 8.13039 8.12955
OP 274 0.650667 0.755613 0.552734 0.183542 0.417174 0.00011993
AC 274 10.1721 10.1721 10.171
OP 275 0.646686 0.735311 0.569642 0.176609 0.412259 0.000109881
AC 275 7.49998 7.49998 7.49906
OP 276 0.655828 0.731282 0.556743 0.17871 0.419401 0.00011848
AC 276 7.32414 7.32414 7.32329
OP 277 0.665806 0.729965 0.544481 0.176465 0.41905 0.00012764
AC 277 7.96822 7.96822 7.96745
OP 278 0.657212 0.749408 0.554924 0.182747 0.416788 0.000118265
AC 278 9.54363 9.54363 9.54258
OP 279 0.647251 0.740871 0.565148 0.182232 0.41274 0.000112667
AC 279 7.9763 7.9763 7.97536
OP 280 0.650924 0.733794 0.547142 0.168962 0.420948 0.000125979
AC 280 8.10627 8.10627 8.10544
OP 281 0.655714 0.735826 0.549959 0.181809 0.417959 0.000123456
AC 281 8.58923 8.58923 8.58836
OP 282 0.641223 0.746563 0.565956 0.176735 0.411535 0.000111707
AC 282 8.17144 8.17144 8.17047
OP 283 0.639057 0.731951 0.548533 0.165315 0.419768 0.000124762
AC 283 6.82031 6.82031 6.81956
OP 284 0.655973 0.738375 0.563856 0.181943 0.411228 0.000113119
AC 284 7.64186 7.64186 7.64091
OP 285 0.647363 0.719822 0.548526 0.168061 0.424033 0.000126266
AC 285 6.32258 6.32258 6.32192
OP 286 0.645647 0.732712 0.563188 0.175525 0.413674 0.000113871
AC 286 7.15932 7.15932 7.15844
OP 287 0.657108 0.744216 0.564685 0.182376 0.412003 0.000111943
AC 287 8.52437 8.52437 8.52334
OP 288 0.642982 0.733804 0.556932 0.174074 0.414646 0.000118718
AC 288 7.85113 7.85113 7.85026
OP 289 0.646813 0.742521 0.554889 0.179357 0.415899 0.000119714
AC 289 8.55674 8.55674 8.55582
OP 290 0.644874 0.727054 0.549375 0.170278 0.418665 0.000123956
AC 290 7.1554 7.1554 7.15466
OP 291 0.655891 0.746564 0.554059 0.184327 0.415805 0.000119562
AC 291 9.21706 9.21706 9.21607
OP 292 0.64317 0.733863 0.559006 0.170145 0.416501 0.000116872
AC 292 7.98909 7.98909 7.98821
OP 293 0.652585 0.733899 0.560689 0.175421 0.414155 0.000115878
AC 293 8.33063 8.33063 8.32977
OP 294 0.63144 0.735519 0.55716 0.172384 0.415621 0.000118413
AC 294 7.74698 7.74698 7.74613
OP 295 0.643698 0.736695 0.562962 0.172154 0.414864 0.000114548
AC 295 8.80155 8.80155 8.80061
OP 296 0.645055 0.725881 0.553577 0.173371 0.419751 0.000121413
AC 296 6.96708 6.96708 6.96632
OP 297 0.634985 0.72444 0.550876 0.16648 0.419743 0.00012368
AC 297 6.54083 6.54083 6.5401
OP 298 0.654564 0.743689 0.566595 0.18186 0.408555 0.000111087
AC 298 8.27682 8.27682 8.27585
OP 299 0.652677 0.753581 0.556822 0.187361 0.415343 0.000117592
AC 299 9.9039 9.9039 9.90283
