OP 0 0.510486 0.523521 0.316152 0.0625531 0.418744 0.000116408
AC 0 4.82074 4.82074 4.81998
OP 1 0.543321 0.519927 0.333146 0.0765194 0.410914 0.000104798
AC 1 -4.74616 -4.74616 -4.74704
OP 2 0.526644 0.529597 0.320196 0.0727902 0.416008 0.00011251
AC 2 -8.23335 -8.23335 -8.2342
OP 3 0.54767 0.507931 0.306344 0.0744313 0.422875 0.000123612
AC 3 -1.35176 -1.35176 -1.35241
OP 4 0.527258 0.524206 0.319234 0.0697858 0.419196 0.000113723
AC 4 1.57562 1.57562 1.57481
OP 5 0.516608 0.526895 0.327741 0.0676046 0.414602 0.000108207
AC 5 -0.419376 -0.419376 -0.420289
OP 6 0.50441 0.518538 0.323535 0.062992 0.414946 0.000111899
AC 6 7.68221 7.68221 7.68149
OP 7 0.54768 0.513756 0.31758 0.0748113 0.417546 0.000115552
AC 7 -1.18734 -1.18734 -1.18801
OP 8 0.54808 0.52941 0.321628 0.0772515 0.411537 0.000111966
AC 8 -3.14859 -3.14859 -3.14955
OP 9 0.539403 0.518479 0.312563 0.0651287 0.421828 0.000118872
AC 9 6.97019 6.97019 6.9695
OP 10 0.537944 0.512831 0.318907 0.0727714 0.419784 0.00011489
AC 10 -1.87372 -1.87372 -1.87444
OP 11 0.524527 0.520464 0.308173 0.0645735 0.422109 0.000121764
AC 11 3.84688 3.84688 3.84615
OP 12 0.523508 0.517394 0.317242 0.0628979 0.419129 0.000116178
AC 12 3.92674 3.92674 3.92598
OP 13 0.523833 0.523563 0.325693 0.0622154 0.415687 0.000110012
AC 13 0.755743 0.755743 0.754872
OP 14 0.537372 0.531401 0.33071 0.0734225 0.411316 0.000105672
AC 14 -9.80529 -9.80529 -9.80625
OP 15 0.526188 0.517761 0.319817 0.0622234 0.418578 0.000113961
AC 15 6.60654 6.60654 6.60582
OP 16 0.52957 0.522383 0.315046 0.0653322 0.41791 0.000117079
AC 16 5.59506 5.59506 5.5943
OP 17 0.511798 0.530038 0.315669 0.0610761 0.419984 0.000116308
AC 17 5.70919 5.70919 5.70836
OP 18 0.502763 0.522573 0.324248 0.0583202 0.41674 0.000110422
AC 18 7.25108 7.25108 7.25024
OP 19 0.533597 0.520042 0.321221 0.07349 0.415797 0.000112406
AC 19 0.0450648 0.0450648 0.0443054
OP 20 0.533511 0.516052 0.318619 0.0717944 0.415967 0.00011432
AC 20 -3.34544 -3.34544 -3.3462
OP 21 0.511556 0.529537 0.333149 0.0697133 0.412105 0.000104457
AC 21 3.16603 3.16603 3.16518
OP 22 0.5024 0.527135 0.327634 0.0618946 0.415754 0.000108236
AC 22 5.73789 5.73789 5.73704
OP 23 0.53527 0.524849 0.320436 0.0750747 0.416625 0.000113194
AC 23 -21.3866 -21.3866 -21.3874
OP 24 0.534159 0.521222 0.317865 0.0695378 0.414337 0.000114412
AC 24 -1.81386 -1.81386 -1.81468
OP 25 0.537805 0.521804 0.320933 0.0716716 0.416899 0.00011249
AC 25 -1.60436 -1.60436 -1.60515
OP 26 0.522219 0.518062 0.31649 0.0629749 0.422181 0.000116401
AC 26 7.30764 7.30764 7.3069
OP 27 0.533903 0.523334 0.320772 0.0708227 0.416304 0.000112375
AC 27 -5.26753 -5.26753 -5.26839
OP 28 0.547745 0.515611 0.323715 0.0858319 0.416838 0.000110853
AC 28 -15.8611 -15.8611 -15.8619
OP 29 0.513826 0.534056 0.33081 0.0633323 0.413202 0.000105834
AC 29 -0.491313 -0.491313 -0.492337
OP 30 0.541521 0.52205 0.32809 0.0746041 0.413535 0.000108762
AC 30 -5.86903 -5.86903 -5.86986
OP 31 0.518931 0.518817 0.314897 0.0630001 0.421478 0.000116992
AC 31 6.71747 6.71747 6.71673
OP 32 0.516802 0.522735 0.308489 0.0575198 0.421058 0.00012175
AC 32 9.0423 9.0423 9.04156
OP 33 0.505301 0.548377 0.330904 0.0543064 0.409909 0.000104533
AC 33 6.55088 6.55088 6.54962
OP 34 0.519025 0.527048 0.321088 0.0619224 0.417441 0.000112407
AC 34 6.95855 6.95855 6.95769
OP 35 0.519308 0.523352 0.321222 0.062283 0.417587 0.000111892
AC 35 4.23203 4.23203 4.23117
OP 36 0.526667 0.513575 0.312331 0.0643453 0.420114 0.000118894
AC 36 3.6493 3.6493 3.64859
OP 37 0.519805 0.526486 0.329164 0.0678437 0.416349 0.000107556
AC 37 1.73757 1.73757 1.73675
OP 38 0.512374 0.526447 0.334262 0.0711835 0.412574 0.000103544
AC 38 -10.0722 -10.0722 -10.0732
OP 39 0.49613 0.531624 0.325515 0.0628385 0.414557 0.000109364
AC 39 3.0841 3.0841 3.08321
OP 40 0.519342 0.511219 0.318012 0.0690135 0.420393 0.000115927
AC 40 5.29186 5.29186 5.29122
OP 41 0.521493 0.527327 0.326355 0.0630169 0.413559 0.000109264
AC 41 6.87809 6.87809 6.87724
OP 42 0.53123 0.528514 0.319999 0.06162 0.41692 0.000113176
AC 42 3.63254 3.63254 3.63166
OP 43 0.520798 0.526479 0.323657 0.0692683 0.41494 0.000110514
AC 43 -1.15138 -1.15138 -1.15224
OP 44 0.52285 0.522115 0.318308 0.0596248 0.420433 0.000114466
AC 44 8.83458 8.83458 8.83379
OP 45 0.512507 0.528109 0.332176 0.0619674 0.410167 0.00010522
AC 45 4.66799 4.66799 4.6671
OP 46 0.539371 0.519089 0.324836 0.0740412 0.415708 0.00011033
AC 46 -1.51701 -1.51701 -1.51781
OP 47 0.50452 0.515662 0.321894 0.0640435 0.41666 0.000112552
AC 47 5.74699 5.74699 5.74625
OP 48 0.524783 0.527001 0.330374 0.0667208 0.410916 0.000106281
AC 48 0.420595 0.420595 0.41969
OP 49 0.523615 0.531246 0.320922 0.0697918 0.41658 0.00011221
AC 49 -14.1122 -14.1122 -14.1131
OP 50 0.526132 0.518959 0.317995 0.0628441 0.417009 0.000115444
AC 50 6.16052 6.16052 6.15979
OP 51 0.522687 0.514252 0.327978 0.0688639 0.415611 0.000108476
AC 51 5.35014 5.35014 5.34936
OP 52 0.514104 0.525319 0.324093 0.0666082 0.415553 0.000110519
AC 52 2.00256 2.00256 2.00176
OP 53 0.514926 0.521046 0.330034 0.0700827 0.414829 0.000107039
AC 53 1.10553 1.10553 1.10481
OP 54 0.505951 0.532699 0.322901 0.0592131 0.416603 0.000110825
AC 54 6.91918 6.91918 6.91831
OP 55 0.512031 0.526205 0.331674 0.0599656 0.411697 0.000105539
AC 55 4.37819 4.37819 4.37727
OP 56 0.524693 0.530161 0.321291 0.0679381 0.416864 0.0001124
AC 56 -1.7438 -1.7438 -1.74463
OP 57 0.508754 0.524986 0.309558 0.0629224 0.422075 0.00012057
AC 57 4.26073 4.26073 4.25993
OP 58 0.521021 0.518629 0.326828 0.061784 0.413608 0.000108983
AC 58 4.13427 4.13427 4.13343
OP 59 0.519772 0.514721 0.321506 0.0692829 0.415558 0.000112685
AC 59 0.757232 0.757232 0.756495
OP 60 0.538844 0.508198 0.319756 0.0729365 0.418535 0.000114553
AC 60 0.818435 0.818435 0.817767
OP 61 0.5279 0.515032 0.319655 0.0664214 0.418765 0.00011454
AC 61 4.08815 4.08815 4.08744
OP 62 0.516387 0.53478 0.336728 0.0664613 0.409163 0.000101566
AC 62 -1.94537 -1.94537 -1.94642
OP 63 0.53525 0.523905 0.329421 0.0716168 0.413767 0.000106797
AC 63 -2.13142 -2.13142 -2.13221
OP 64 0.548621 0.532493 0.337471 0.0801646 0.407534 0.000100561
AC 64 -1.56153 -1.56153 -1.56261
OP 65 0.529878 0.530419 0.321038 0.0684321 0.415842 0.000112433
AC 65 -9.6574 -9.6574 -9.65837
OP 66 0.520956 0.526822 0.319969 0.0633239 0.419151 0.000113097
AC 66 2.93886 2.93886 2.93795
OP 67 0.512642 0.528481 0.33182 0.0642243 0.411594 0.000105308
AC 67 0.691883 0.691883 0.691021
OP 68 0.507997 0.523676 0.327513 0.0631832 0.413538 0.000108186
AC 68 5.45803 5.45803 5.45719
OP 69 0.523447 0.525122 0.322495 0.0672052 0.416959 0.000111385
AC 69 2.05785 2.05785 2.05702
OP 70 0.531573 0.520306 0.317167 0.07154 0.419517 0.000114947
AC 70 -8.29235 -8.29235 -8.29314
OP 71 0.51667 0.525445 0.314142 0.0605007 0.418861 0.00011707
AC 71 8.32705 8.32705 8.32628
OP 72 0.528249 0.520846 0.31454 0.0636331 0.41981 0.000118241
AC 72 6.59374 6.59374 6.59304
OP 73 0.504862 0.526635 0.334092 0.0655825 0.41256 0.000103417
AC 73 -0.417429 -0.417429 -0.418348
OP 74 0.52829 0.529717 0.33084 0.0701874 0.411652 0.000106002
AC 74 -4.5005 -4.5005 -4.5014
OP 75 0.523467 0.510279 0.319772 0.0640836 0.417461 0.000113946
AC 75 5.77117 5.77117 5.77046
OP 76 0.521328 0.527289 0.331952 0.0703656 0.415234 0.000105285
AC 76 -4.61882 -4.61882 -4.61973
OP 77 0.526458 0.519107 0.316037 0.0696207 0.418184 0.000116507
AC 77 0.757088 0.757088 0.756346
OP 78 0.526698 0.527598 0.312181 0.0646018 0.421119 0.000118325
AC 78 3.84063 3.84063 3.83983
OP 79 0.53251 0.516994 0.313045 0.0671095 0.419861 0.000118899
AC 79 0.750434 0.750434 0.749729
OP 80 0.51411 0.535336 0.32093 0.055673 0.418209 0.000112094
AC 80 4.50518 4.50518 4.5041
OP 81 0.528064 0.529271 0.324271 0.0662632 0.413713 0.000109695
AC 81 1.95037 1.95037 1.94949
OP 82 0.536542 0.526743 0.324713 0.0769429 0.414115 0.000109559
AC 82 -19.3247 -19.3247 -19.3256
OP 83 0.524827 0.507607 0.310413 0.0650209 0.42233 0.000120654
AC 83 5.52016 5.52016 5.51951
OP 84 0.519195 0.524924 0.326324 0.0655409 0.413343 0.000108464
AC 84 -2.25497 -2.25497 -2.2559
OP 85 0.522754 0.541581 0.338492 0.0764122 0.409171 0.000100172
AC 85 -15.1886 -15.1886 -15.1896
OP 86 0.532473 0.518172 0.326827 0.0678615 0.416246 0.000109097
AC 86 5.06752 5.06752 5.06676
OP 87 0.528053 0.516006 0.328026 0.0692432 0.416028 0.000108266
AC 87 3.40484 3.40484 3.40409
OP 88 0.522041 0.504281 0.309188 0.064246 0.421604 0.000121833
AC 88 8.07941 8.07941 8.07882
OP 89 0.52307 0.524968 0.315183 0.0666846 0.42026 0.000116302
AC 89 0.651002 0.651002 0.650197
OP 90 0.508667 0.534624 0.326446 0.0588903 0.415767 0.000108869
AC 90 4.69954 4.69954 4.69859
OP 91 0.514789 0.525998 0.311959 0.0645964 0.421479 0.000118895
AC 91 0.494998 0.494998 0.494193
OP 92 0.522788 0.524919 0.324396 0.0690192 0.415018 0.000110152
AC 92 -5.17171 -5.17171 -5.17256
OP 93 0.51918 0.519441 0.317125 0.0628711 0.421201 0.000115718
AC 93 3.32806 3.32806 3.32727
OP 94 0.511957 0.53114 0.318518 0.0610065 0.417515 0.000113846
AC 94 4.30103 4.30103 4.30014
OP 95 0.522048 0.528548 0.329507 0.0740417 0.414336 0.000106915
AC 95 -13.6157 -13.6157 -13.6166
OP 96 0.515765 0.515517 0.320759 0.0648506 0.417799 0.000113451
AC 96 9.41714 9.41714 9.41648
OP 97 0.525165 0.514928 0.31173 0.0599964 0.420633 0.000119137
AC 97 9.08825 9.08825 9.08758
OP 98 0.533994 0.525326 0.321482 0.0780209 0.417044 0.000112177
AC 98 -33.5497 -33.5497 -33.5505
OP 99 0.528448 0.528515 0.326801 0.0713858 0.414162 0.000108752
AC 99 -18.9667 -18.9667 -18.9676
OP 100 0.530875 0.522157 0.321169 0.0720919 0.415293 0.000112036
AC 100 -15.3152 -15.3152 -15.3161
OP 101 0.540688 0.523932 0.325539 0.0756619 0.4131 0.000109815
AC 101 -11.8287 -11.8287 -11.8296
OP 102 0.520692 0.526604 0.331339 0.0711085 0.413886 0.000105338
AC 102 -2.79388 -2.79388 -2.7948
OP 103 0.514606 0.519381 0.319767 0.0634301 0.418709 0.000113768
AC 103 7.14157 7.14157 7.14083
OP 104 0.518019 0.523462 0.331289 0.0676199 0.411857 0.000106206
AC 104 4.05775 4.05775 4.05691
OP 105 0.527582 0.533155 0.32617 0.0793425 0.410607 0.000108173
AC 105 -0.090776 -0.090776 -0.0918373
OP 106 0.526967 0.523442 0.31809 0.0708639 0.419308 0.000115101
AC 106 1.5136 1.5136 1.51286
OP 107 0.538694 0.52201 0.317222 0.0727013 0.416733 0.000115594
AC 107 -9.22951 -9.22951 -9.23032
OP 108 0.535229 0.519604 0.319662 0.0674087 0.418568 0.000113944
AC 108 1.59072 1.59072 1.58995
OP 109 0.535865 0.520014 0.320494 0.0659035 0.418276 0.000113143
AC 109 2.84358 2.84358 2.84281
OP 110 0.518004 0.513283 0.323884 0.0640551 0.417531 0.000111349
AC 110 7.19219 7.19219 7.19142
OP 111 0.524739 0.521369 0.326436 0.0649065 0.414612 0.000109379
AC 111 4.28307 4.28307 4.28229
OP 112 0.514732 0.520569 0.323352 0.0578525 0.418387 0.000111697
AC 112 7.82624 7.82624 7.82547
OP 113 0.528838 0.509815 0.3146 0.0689211 0.419294 0.000117786
AC 113 4.50352 4.50352 4.50284
OP 114 0.529363 0.518327 0.315244 0.0661562 0.421474 0.000116998
AC 114 4.76357 4.76357 4.76283
OP 115 0.520921 0.522399 0.323893 0.0711679 0.416129 0.000110946
AC 115 -23.3422 -23.3422 -23.3431
OP 116 0.519818 0.513128 0.314203 0.0693694 0.420926 0.000117318
AC 116 3.08843 3.08843 3.08773
OP 117 0.547459 0.514039 0.323339 0.0727171 0.414882 0.000111081
AC 117 0.250917 0.250917 0.250139
OP 118 0.511214 0.529159 0.330457 0.0609829 0.413169 0.000106235
AC 118 3.28074 3.28074 3.2798
OP 119 0.521157 0.536415 0.322216 0.0659122 0.414367 0.000111127
AC 119 -1.08991 -1.08991 -1.09086
OP 120 0.517502 0.525693 0.324271 0.0655451 0.418438 0.000110284
AC 120 3.83643 3.83643 3.83562
OP 121 0.509877 0.539483 0.329556 0.0549988 0.413878 0.000106458
AC 121 5.39766 5.39766 5.39657
OP 122 0.533482 0.525578 0.329412 0.0713637 0.414197 0.000106932
AC 122 -5.28427 -5.28427 -5.2851
OP 123 0.515912 0.526115 0.319808 0.0620539 0.416212 0.000113318
AC 123 4.36463 4.36463 4.36379
OP 124 0.532796 0.518045 0.316734 0.071219 0.41957 0.000115742
AC 124 -3.06991 -3.06991 -3.07066
OP 125 0.523552 0.523851 0.324168 0.0617702 0.415381 0.000111107
AC 125 0.564987 0.564987 0.564113
OP 126 0.51204 0.521671 0.314504 0.0553342 0.420499 0.000117418
AC 126 9.55739 9.55739 9.55663
OP 127 0.523502 0.524828 0.328301 0.0617541 0.414046 0.000108196
AC 127 5.31804 5.31804 5.31715
OP 128 0.516005 0.529521 0.311167 0.0587323 0.421242 0.000120071
AC 128 5.20305 5.20305 5.20225
OP 129 0.512403 0.531337 0.330474 0.0647746 0.4154 0.000105609
AC 129 2.32467 2.32467 2.32371
OP 130 0.514223 0.534106 0.333992 0.0619452 0.411646 0.00010337
AC 130 6.83772 6.83772 6.83678
OP 131 0.510931 0.519054 0.324248 0.0672779 0.414053 0.000110811
AC 131 -1.71461 -1.71461 -1.71546
OP 132 0.512639 0.517206 0.321981 0.0650433 0.41646 0.000112297
AC 132 6.61455 6.61455 6.6138
OP 133 0.519004 0.519365 0.320718 0.0705914 0.416791 0.000113021
AC 133 4.67537 4.67537 4.67464
OP 134 0.522702 0.514544 0.320351 0.0637436 0.415577 0.000113582
AC 134 3.48584 3.48584 3.48504
OP 135 0.517637 0.519468 0.324723 0.0679846 0.414859 0.000110231
AC 135 3.56223 3.56223 3.56144
OP 136 0.524823 0.522442 0.318589 0.06972 0.418491 0.000114017
AC 136 -1.6218 -1.6218 -1.62259
OP 137 0.537198 0.509758 0.32192 0.0732127 0.415345 0.000112935
AC 137 2.22779 2.22779 2.22712
OP 138 0.514588 0.525943 0.329784 0.0680321 0.415695 0.000106984
AC 138 -0.012504 -0.012504 -0.0133042
OP 139 0.523249 0.533077 0.326672 0.0693447 0.41838 0.000108912
AC 139 -7.49234 -7.49234 -7.49327
OP 140 0.517822 0.522586 0.328785 0.0717638 0.413927 0.000107086
AC 140 -6.63767 -6.63767 -6.63853
OP 141 0.550342 0.522414 0.329185 0.0810728 0.410574 0.000106945
AC 141 -10.9911 -10.9911 -10.9919
OP 142 0.529651 0.519584 0.31582 0.0733307 0.41852 0.000116529
AC 142 2.74811 2.74811 2.74742
OP 143 0.524399 0.521051 0.321372 0.066742 0.416488 0.000112909
AC 143 4.26718 4.26718 4.26641
OP 144 0.524296 0.518776 0.328338 0.0665467 0.41386 0.000108113
AC 144 6.52034 6.52034 6.51957
OP 145 0.513527 0.531411 0.333406 0.0609858 0.412736 0.000104099
AC 145 7.73408 7.73408 7.73319
OP 146 0.54373 0.513543 0.318336 0.0789646 0.418615 0.000114699
AC 146 -12.2004 -12.2004 -12.2011
OP 147 0.517685 0.517885 0.305877 0.0636919 0.424661 0.000123529
AC 147 6.04288 6.04288 6.04217
OP 148 0.504943 0.521128 0.317244 0.0613409 0.41986 0.000115221
AC 148 7.11322 7.11322 7.11251
OP 149 0.530977 0.521453 0.311967 0.0690581 0.420451 0.000118909
AC 149 0.461119 0.461119 0.460372
OP 150 0.539839 0.51099 0.325342 0.0740656 0.415111 0.000110156
AC 150 1.03021 1.03021 1.0295
OP 151 0.534302 0.520625 0.313038 0.0686774 0.419983 0.000118041
AC 151 -1.14159 -1.14159 -1.14237
OP 152 0.533338 0.517705 0.315186 0.0740959 0.419841 0.000116944
AC 152 -2.24412 -2.24412 -2.24482
OP 153 0.529003 0.519317 0.321155 0.0698797 0.41873 0.000112994
AC 153 0.559138 0.559138 0.558361
OP 154 0.542299 0.503801 0.319581 0.0700649 0.419842 0.000114833
AC 154 7.87542 7.87542 7.87479
OP 155 0.537123 0.533312 0.325054 0.0704612 0.41303 0.000109111
AC 155 -20.0061 -20.0061 -20.0071
OP 156 0.520622 0.518368 0.315233 0.0658768 0.418495 0.000117348
AC 156 0.798557 0.798557 0.797823
OP 157 0.527068 0.519109 0.32421 0.0737011 0.416426 0.000110602
AC 157 -6.62804 -6.62804 -6.62884
OP 158 0.528558 0.519759 0.324714 0.0701263 0.415516 0.000110147
AC 158 -0.236826 -0.236826 -0.237625
OP 159 0.535495 0.522486 0.326033 0.0682467 0.412892 0.000109141
AC 159 2.5869 2.5869 2.58606
OP 160 0.524643 0.523814 0.338611 0.071524 0.410066 0.000101527
AC 160 0.439843 0.439843 0.438977
OP 161 0.525394 0.51101 0.325575 0.0663659 0.417491 0.000110847
AC 161 7.45654 7.45654 7.45585
OP 162 0.533776 0.531122 0.328207 0.0729033 0.411817 0.000107792
AC 162 -12.3622 -12.3622 -12.3631
OP 163 0.525883 0.517278 0.326512 0.0709166 0.413726 0.000108553
AC 163 -2.19569 -2.19569 -2.19648
OP 164 0.536621 0.520026 0.312622 0.0658547 0.420014 0.000118643
AC 164 2.93436 2.93436 2.93362
OP 165 0.529069 0.530026 0.34031 0.0704898 0.40864 9.96746E-05
AC 165 -4.9469 -4.9469 -4.94796
OP 166 0.517731 0.518921 0.324953 0.06391 0.420218 0.000110289
AC 166 4.45829 4.45829 4.45751
OP 167 0.53122 0.517225 0.314762 0.0659769 0.422074 0.000117114
AC 167 3.30499 3.30499 3.30424
OP 168 0.530496 0.535431 0.339221 0.0741168 0.406345 9.99225E-05
AC 168 -20.2625 -20.2625 -20.2636
OP 169 0.518058 0.526864 0.322732 0.0625613 0.415615 0.000111113
AC 169 4.62166 4.62166 4.62079
OP 170 0.522033 0.525172 0.329853 0.0681903 0.411988 0.000106128
AC 170 -2.93499 -2.93499 -2.93589
OP 171 0.523184 0.519461 0.318399 0.0692386 0.415828 0.000114329
AC 171 -1.43654 -1.43654 -1.43732
OP 172 0.533103 0.529482 0.326522 0.0704655 0.412151 0.000108701
AC 172 -2.98008 -2.98008 -2.98096
OP 173 0.526568 0.515777 0.318001 0.0660385 0.419573 0.000115094
AC 173 2.32116 2.32116 2.32042
OP 174 0.542773 0.523759 0.313237 0.0725574 0.418024 0.000117612
AC 174 -12.544 -12.544 -12.5448
OP 175 0.535119 0.515798 0.319459 0.0663027 0.415962 0.000114639
AC 175 3.38307 3.38307 3.38232
OP 176 0.516544 0.53913 0.33839 0.0675832 0.407685 0.000100223
AC 176 -9.38282 -9.38282 -9.3839
OP 177 0.533536 0.520409 0.319234 0.073619 0.418605 0.000114153
AC 177 -7.21259 -7.21259 -7.21333
OP 178 0.525221 0.522565 0.320891 0.0656026 0.416417 0.000113008
AC 178 2.32405 2.32405 2.32324
OP 179 0.535385 0.517777 0.325183 0.0751214 0.414361 0.000110234
AC 179 -0.960205 -0.960205 -0.96092
OP 180 0.53154 0.518624 0.317501 0.0646946 0.418965 0.000115428
AC 180 3.96587 3.96587 3.9651
OP 181 0.52489 0.523021 0.323352 0.0684145 0.417343 0.000111403
AC 181 1.48112 1.48112 1.4803
OP 182 0.522143 0.512931 0.325033 0.0697811 0.417884 0.00011098
AC 182 4.69761 4.69761 4.69689
OP 183 0.524115 0.522497 0.318216 0.0697625 0.416012 0.000114532
AC 183 2.77329 2.77329 2.77254
OP 184 0.517985 0.520688 0.313648 0.0646093 0.421244 0.000118071
AC 184 1.67078 1.67078 1.67002
OP 185 0.527355 0.52501 0.314789 0.0649945 0.418816 0.000116769
AC 185 -0.721535 -0.721535 -0.72239
OP 186 0.534106 0.516815 0.317661 0.0697632 0.416776 0.00011513
AC 186 -0.752417 -0.752417 -0.75316
OP 187 0.542929 0.50886 0.320523 0.0757302 0.418805 0.000113933
AC 187 1.90882 1.90882 1.90819
OP 188 0.536784 0.529609 0.320796 0.0746353 0.41571 0.000112454
AC 188 -34.3776 -34.3776 -34.3785
OP 189 0.508612 0.526771 0.315278 0.0624479 0.419862 0.000116669
AC 189 6.18969 6.18969 6.18887
OP 190 0.536343 0.534378 0.327202 0.0678098 0.411583 0.000107464
AC 190 -5.36851 -5.36851 -5.3695
OP 191 0.527298 0.525943 0.31824 0.0678275 0.420085 0.000114426
AC 191 -1.25471 -1.25471 -1.25555
OP 192 0.516814 0.52106 0.321347 0.0703308 0.415879 0.000112755
AC 192 -6.10785 -6.10785 -6.10866
OP 193 0.521067 0.530915 0.322899 0.0653556 0.415104 0.000110737
AC 193 -0.0423407 -0.0423407 -0.0432489
OP 194 0.516613 0.525662 0.326367 0.0687403 0.413347 0.000109139
AC 194 -0.953954 -0.953954 -0.95486
OP 195 0.522991 0.534693 0.342864 0.0668013 0.406811 9.79055E-05
AC 195 -3.48358 -3.48358 -3.48474
OP 196 0.527126 0.520887 0.320699 0.0654696 0.415794 0.000113016
AC 196 0.845933 0.845933 0.845129
OP 197 0.532367 0.505863 0.306668 0.0666966 0.424011 0.000123724
AC 197 7.00428 7.00428 7.0037
OP 198 0.53515 0.51926 0.327143 0.0686522 0.413504 0.000108332
AC 198 3.28542 3.28542 3.28463
OP 199 0.533382 0.519216 0.322835 0.0662469 0.415858 0.000111492
AC 199 2.95003 2.95003 2.94924
OP 200 0.522656 0.524783 0.329492 0.0700984 0.413165 0.000106991
AC 200 -2.10452 -2.10452 -2.10537
OP 201 0.524931 0.517045 0.31163 0.0659263 0.422988 0.000119245
AC 201 2.22467 2.22467 2.22396
OP 202 0.536194 0.52461 0.32389 0.0779662 0.414203 0.000110197
AC 202 -34.3746 -34.3746 -34.3754
OP 203 0.532916 0.526407 0.325301 0.0731719 0.414356 0.000110001
AC 203 -8.57694 -8.57694 -8.57783
OP 204 0.520345 0.516526 0.318319 0.0680504 0.419131 0.000115284
AC 204 2.10591 2.10591 2.10515
OP 205 0.549388 0.513857 0.323265 0.0794738 0.4174 0.000112371
AC 205 -9.38896 -9.38896 -9.38972
OP 206 0.517919 0.530201 0.324599 0.0648095 0.413112 0.00010993
AC 206 5.12502 5.12502 5.12416
OP 207 0.511719 0.523188 0.320825 0.0645671 0.415683 0.000113344
AC 207 3.82101 3.82101 3.82022
OP 208 0.529226 0.520126 0.326179 0.0684464 0.412839 0.000108866
AC 208 -0.726147 -0.726147 -0.72696
OP 209 0.529782 0.524357 0.323434 0.0685866 0.416034 0.00011126
AC 209 -1.82437 -1.82437 -1.82523
OP 210 0.534158 0.520625 0.328594 0.0685447 0.415169 0.000108136
AC 210 2.20496 2.20496 2.20417
OP 211 0.538047 0.5194 0.312075 0.0694667 0.419222 0.00011897
AC 211 0.538514 0.538514 0.537769
OP 212 0.527168 0.526069 0.310151 0.0643136 0.421818 0.000119995
AC 212 5.24865 5.24865 5.24788
OP 213 0.524521 0.529396 0.333024 0.0651714 0.411117 0.000104229
AC 213 2.20886 2.20886 2.20793
OP 214 0.521191 0.514974 0.319707 0.0690995 0.416406 0.000113398
AC 214 -2.72044 -2.72044 -2.72119
OP 215 0.529174 0.505253 0.315415 0.0650796 0.419685 0.000118042
AC 215 7.92897 7.92897 7.92832
OP 216 0.532239 0.531928 0.340223 0.0761918 0.408237 9.92337E-05
AC 216 -13.2533 -13.2533 -13.2543
OP 217 0.522163 0.525798 0.311651 0.0647412 0.4199 0.000119203
AC 217 3.42916 3.42916 3.42844
OP 218 0.523094 0.526333 0.316552 0.0688312 0.417172 0.00011594
AC 218 0.264457 0.264457 0.263633
OP 219 0.507838 0.536531 0.335674 0.0592563 0.413751 0.000103088
AC 219 6.62058 6.62058 6.61958
OP 220 0.516683 0.52538 0.327764 0.0655337 0.415836 0.000108482
AC 220 7.08991 7.08991 7.08909
OP 221 0.50519 0.518359 0.312057 0.0617409 0.421027 0.000118958
AC 221 5.32988 5.32988 5.32914
OP 222 0.520013 0.516594 0.3216 0.0715201 0.417988 0.000113069
AC 222 -1.59372 -1.59372 -1.59448
OP 223 0.540938 0.525559 0.312637 0.0818731 0.419599 0.000118569
AC 223 -13.894 -13.894 -13.8948
OP 224 0.528308 0.526207 0.325644 0.0710546 0.412478 0.000109623
AC 224 -0.575186 -0.575186 -0.575988
OP 225 0.51067 0.520656 0.327917 0.0661909 0.415897 0.000108155
AC 225 2.03489 2.03489 2.03408
OP 226 0.529886 0.52195 0.328148 0.06886 0.415742 0.000107541
AC 226 -0.101717 -0.101717 -0.102573
OP 227 0.52927 0.520365 0.320031 0.0675396 0.415681 0.000113516
AC 227 1.90977 1.90977 1.909
OP 228 0.528963 0.51894 0.312117 0.0721997 0.420832 0.000119116
AC 228 -7.27475 -7.27475 -7.27548
OP 229 0.533396 0.522479 0.333643 0.0708345 0.412773 0.000104375
AC 229 -1.12421 -1.12421 -1.1251
OP 230 0.516581 0.514425 0.310865 0.0671404 0.422509 0.00012025
AC 230 0.762233 0.762233 0.761524
OP 231 0.522302 0.529728 0.32991 0.0636829 0.413223 0.000106454
AC 231 4.72751 4.72751 4.72656
OP 232 0.525781 0.512357 0.311172 0.0642889 0.421377 0.000120091
AC 232 3.40126 3.40126 3.40051
OP 233 0.519613 0.523327 0.313616 0.0595726 0.419724 0.000117958
AC 233 6.10116 6.10116 6.10032
OP 234 0.530439 0.525962 0.323229 0.0759338 0.415325 0.000111163
AC 234 -14.5434 -14.5434 -14.5442
OP 235 0.529441 0.520732 0.323826 0.0669568 0.41442 0.00011104
AC 235 2.79698 2.79698 2.79618
OP 236 0.53192 0.517652 0.321093 0.0661171 0.417497 0.000113024
AC 236 4.06898 4.06898 4.06823
OP 237 0.526138 0.524623 0.32886 0.0697597 0.41455 0.000107844
AC 237 -0.0270659 -0.0270659 -0.0279165
OP 238 0.504763 0.52201 0.322158 0.0580062 0.419816 0.000112176
AC 238 10.0265 10.0265 10.0257
OP 239 0.531384 0.512359 0.322367 0.0667136 0.415711 0.000112128
AC 239 2.84366 2.84366 2.84291
OP 240 0.517974 0.52556 0.319947 0.0667374 0.417458 0.000113461
AC 240 -3.75272 -3.75272 -3.75361
OP 241 0.529284 0.509398 0.309931 0.0627479 0.4249 0.00012071
AC 241 7.64684 7.64684 7.64618
OP 242 0.533278 0.515554 0.327514 0.0761816 0.412527 0.000108786
AC 242 -7.13165 -7.13165 -7.13242
OP 243 0.533461 0.510229 0.314091 0.0692506 0.420646 0.000117655
AC 243 2.73302 2.73302 2.73231
OP 244 0.524669 0.52754 0.329769 0.071723 0.413942 0.000106667
AC 244 -15.8049 -15.8049 -15.8058
OP 245 0.536866 0.526062 0.322006 0.0732132 0.417398 0.000111687
AC 245 -10.6166 -10.6166 -10.6175
OP 246 0.519624 0.523255 0.327975 0.0672974 0.416077 0.000108423
AC 246 5.52105 5.52105 5.52028
OP 247 0.526119 0.52229 0.3199 0.0633203 0.418046 0.000113253
AC 247 6.72258 6.72258 6.7218
OP 248 0.522407 0.529701 0.319697 0.0684951 0.415919 0.000113183
AC 248 2.35212 2.35212 2.35133
OP 249 0.519274 0.521402 0.325606 0.0620497 0.414666 0.000109449
AC 249 6.65886 6.65886 6.65807
OP 250 0.520453 0.533964 0.335947 0.0772911 0.409711 0.000102258
AC 250 -17.1311 -17.1311 -17.132
OP 251 0.536959 0.518727 0.321531 0.0668963 0.418001 0.000112888
AC 251 -1.72072 -1.72072 -1.72148
OP 252 0.538763 0.520181 0.31136 0.0642365 0.41916 0.0001195
AC 252 5.80813 5.80813 5.80738
OP 253 0.53165 0.519173 0.31638 0.0695085 0.420699 0.000116368
AC 253 1.51186 1.51186 1.5111
OP 254 0.533918 0.525035 0.334171 0.0793489 0.409578 0.000103964
AC 254 -26.3297 -26.3297 -26.3305
OP 255 0.512435 0.534926 0.321095 0.0646794 0.416768 0.000111653
AC 255 -1.20711 -1.20711 -1.20803
OP 256 0.502808 0.527909 0.324918 0.0622919 0.412461 0.000109438
AC 256 1.23778 1.23778 1.23689
OP 257 0.510573 0.527655 0.319998 0.0567083 0.418033 0.000112862
AC 257 7.89151 7.89151 7.89063
OP 258 0.507385 0.524148 0.327916 0.0594313 0.41579 0.000107746
AC 258 6.11223 6.11223 6.11137
OP 259 0.516799 0.51545 0.316632 0.0627166 0.423392 0.000115868
AC 259 5.85453 5.85453 5.85377
OP 260 0.500559 0.53354 0.334969 0.0650233 0.409566 0.000103298
AC 260 0.336985 0.336985 0.336009
OP 261 0.537293 0.51977 0.333266 0.0679801 0.412268 0.000104452
AC 261 2.79826 2.79826 2.79741
OP 262 0.53405 0.515823 0.323103 0.0681806 0.416505 0.000111614
AC 262 3.35412 3.35412 3.35338
OP 263 0.532011 0.527714 0.335519 0.0814527 0.411101 0.000102715
AC 263 -7.74943 -7.74943 -7.75036
OP 264 0.524519 0.510642 0.320868 0.0631038 0.41985 0.000113296
AC 264 9.025 9.025 9.02431
OP 265 0.537662 0.511778 0.312228 0.0653228 0.420114 0.000119211
AC 265 2.88036 2.88036 2.87961
OP 266 0.534367 0.517036 0.311087 0.0708541 0.421551 0.000119366
AC 266 3.76369 3.76369 3.76301
OP 267 0.5321 0.52984 0.327422 0.069927 0.414942 0.000108013
AC 267 -16.8602 -16.8602 -16.8612
OP 268 0.519199 0.528834 0.321221 0.0621466 0.418254 0.000111996
AC 268 -3.02467 -3.02467 -3.02557
OP 269 0.526774 0.529957 0.327905 0.0700598 0.4123 0.000107032
AC 269 -7.4585 -7.4585 -7.45944
OP 270 0.515756 0.525297 0.320967 0.0643295 0.418926 0.000113143
AC 270 1.70064 1.70064 1.69979
OP 271 0.519268 0.523777 0.323706 0.0684835 0.417435 0.000111144
AC 271 -1.0124 -1.0124 -1.01325
OP 272 0.517145 0.522099 0.327777 0.0648638 0.413877 0.000108772
AC 272 4.92068 4.92068 4.91991
OP 273 0.526585 0.52224 0.327277 0.0616738 0.41325 0.000108183
AC 273 6.2531 6.2531 6.25224
OP 274 0.50713 0.524278 0.336622 0.0674074 0.411151 0.000102701
AC 274 3.2622 3.2622 3.26133
OP 275 0.516952 0.527434 0.321935 0.0624322 0.417599 0.000111535
AC 275 3.70223 3.70223 3.70135
OP 276 0.517436 0.529563 0.335762 0.0669072 0.409107 0.000102462
AC 276 2.67006 2.67006 2.66916
OP 277 0.530334 0.524601 0.325749 0.07002 0.413907 0.000109225
AC 277 -1.35162 -1.35162 -1.35247
OP 278 0.529965 0.51778 0.330669 0.0733447 0.413115 0.000106416
AC 278 1.63985 1.63985 1.63909
OP 279 0.512557 0.533412 0.341365 0.0700692 0.406519 9.87351E-05
AC 279 -2.82272 -2.82272 -2.82374
OP 280 0.522775 0.520076 0.320081 0.0629845 0.418119 0.000113666
AC 280 3.90308 3.90308 3.90226
OP 281 0.522688 0.525908 0.322261 0.069587 0.417972 0.000111128
AC 281 -6.66765 -6.66765 -6.66857
OP 282 0.5344 0.52562 0.320372 0.0753508 0.415293 0.000112712
AC 282 -14.7804 -14.7804 -14.7813
OP 283 0.541972 0.529984 0.324096 0.0768312 0.415311 0.000110476
AC 283 -26.9263 -26.9263 -26.9272
OP 284 0.502166 0.536042 0.324764 0.0647727 0.413696 0.000109428
AC 284 -16.4875 -16.4875 -16.4885
OP 285 0.514344 0.525653 0.333525 0.0697469 0.414255 0.000104119
AC 285 0.917776 0.917776 0.916908
OP 286 0.53486 0.523034 0.321318 0.0744642 0.414405 0.000112599
AC 286 -36.801 -36.801 -36.8018
OP 287 0.5217 0.526884 0.325572 0.0706696 0.415246 0.00010946
AC 287 -0.918868 -0.918868 -0.919746
OP 288 0.510892 0.525156 0.320302 0.0599797 0.418061 0.000113531
AC 288 6.6141 6.6141 6.61329
OP 289 0.521306 0.530276 0.318359 0.0661034 0.420128 0.000114377
AC 289 3.20551 3.20551 3.20468
OP 290 0.517151 0.516971 0.311475 0.0619108 0.42198 0.000120156
AC 290 7.90016 7.90016 7.89951
OP 291 0.527901 0.526156 0.318926 0.0716708 0.420084 0.000113995
AC 291 -5.42168 -5.42168 -5.42248
OP 292 0.522011 0.52484 0.315099 0.0660528 0.418173 0.000116329
AC 292 1.83403 1.83403 1.83322
OP 293 0.542547 0.519208 0.316237 0.0745573 0.418288 0.000115964
AC 293 -8.69058 -8.69058 -8.69137
OP 294 0.533012 0.516804 0.324081 0.0675237 0.416906 0.000111013
AC 294 3.32836 3.32836 3.32758
OP 295 0.527076 0.524978 0.31927 0.0658925 0.418333 0.000113808
AC 295 5.19573 5.19573 5.19494
OP 296 0.512882 0.526641 0.321064 0.0679977 0.418187 0.000112687
AC 296 3.57113 3.57113 3.57033
OP 297 0.529192 0.519305 0.317761 0.0672915 0.416495 0.000114389
AC 297 3.76184 3.76184 3.76106
OP 298 0.532017 0.520651 0.31605 0.0701528 0.419345 0.000116704
AC 298 -1.77364 -1.77364 -1.77447
OP 299 0.537111 0.512228 0.305247 0.0667819 0.42317 0.00012394
AC 299 2.89782 2.89782 2.89711
