OP 0 0.535412 0.539847 0.362109 0.113747 0.3769 0.000122289
AC 0 0.999112 0.999112 0.998618
OP 1 0.525351 0.556524 0.382387 0.107786 0.36907 0.00010807
AC 1 1.37347 1.37347 1.37282
OP 2 0.524716 0.532462 0.36438 0.102943 0.375983 0.00012166
AC 2 -12.0893 -12.0893 -12.0897
OP 3 0.535319 0.561591 0.381777 0.128103 0.365194 0.00010754
AC 3 5.30739 5.30739 5.30667
OP 4 0.524501 0.559458 0.385029 0.111131 0.365642 0.00010559
AC 4 2.04361 2.04361 2.04292
OP 5 0.507141 0.566523 0.387323 0.102029 0.364981 0.000103864
AC 5 0.781087 0.781087 0.780326
OP 6 0.524511 0.560362 0.378929 0.109762 0.368068 0.00010981
AC 6 4.59454 4.59454 4.59382
OP 7 0.541052 0.550946 0.377807 0.117146 0.36956 0.000110958
AC 7 2.74777 2.74777 2.74717
OP 8 0.523684 0.545464 0.376703 0.108644 0.368614 0.000112043
AC 8 0.286227 0.286227 0.285643
OP 9 0.523807 0.555007 0.3829 0.107862 0.366907 0.000107578
AC 9 0.826706 0.826706 0.826096
OP 10 0.534198 0.550612 0.369537 0.115148 0.37056 0.000116806
AC 10 3.17898 3.17898 3.17841
OP 11 0.522414 0.553402 0.38109 0.109812 0.369517 0.000108677
AC 11 1.58747 1.58747 1.58683
OP 12 0.542751 0.5532 0.38688 0.118632 0.362504 0.000105093
AC 12 3.75698 3.75698 3.75633
OP 13 0.530523 0.557104 0.378241 0.109183 0.368223 0.000110488
AC 13 1.0937 1.0937 1.09307
OP 14 0.524126 0.56143 0.38334 0.113222 0.363687 0.000107223
AC 14 3.48474 3.48474 3.48408
OP 15 0.544111 0.555296 0.375611 0.123048 0.368674 0.000112344
AC 15 3.55961 3.55961 3.55902
OP 16 0.541018 0.54327 0.379993 0.114912 0.368474 0.000110175
AC 16 -0.987312 -0.987312 -0.987847
OP 17 0.519047 0.546843 0.366355 0.107108 0.375121 0.000119094
AC 17 -0.472737 -0.472737 -0.473264
OP 18 0.530709 0.550011 0.36448 0.106129 0.374131 0.00012008
AC 18 -0.584977 -0.584977 -0.585519
OP 19 0.519939 0.562279 0.375759 0.10191 0.369763 0.000111018
AC 19 2.39183 2.39183 2.39109
OP 20 0.522081 0.552372 0.381103 0.116563 0.367305 0.000108637
AC 20 2.29948 2.29948 2.29886
OP 21 0.532554 0.551689 0.377959 0.106215 0.36912 0.000110982
AC 21 1.55163 1.55163 1.55097
OP 22 0.528133 0.55149 0.374937 0.120411 0.370163 0.000112139
AC 22 3.8567 3.8567 3.85609
OP 23 0.507761 0.565181 0.381408 0.106976 0.368101 0.000107887
AC 23 3.2395 3.2395 3.2388
OP 24 0.512798 0.550401 0.38437 0.101312 0.36409 0.000107026
AC 24 -4.32594 -4.32594 -4.32654
OP 25 0.517004 0.559042 0.384649 0.108574 0.36645 0.000106092
AC 25 1.71208 1.71208 1.71143
OP 26 0.538324 0.567195 0.372348 0.123572 0.369114 0.000112936
AC 26 6.64252 6.64252 6.64177
OP 27 0.518773 0.553937 0.374797 0.101405 0.372412 0.000113237
AC 27 -0.173309 -0.173309 -0.17393
OP 28 0.522001 0.557438 0.375558 0.105458 0.370344 0.000113043
AC 28 1.927 1.927 1.92639
OP 29 0.523667 0.539299 0.359886 0.106971 0.375831 0.00012441
AC 29 -2.36746 -2.36746 -2.36794
OP 30 0.522602 0.556385 0.383156 0.115252 0.36532 0.000106167
AC 30 3.57279 3.57279 3.57212
OP 31 0.531181 0.566417 0.379933 0.120775 0.364902 0.00010826
AC 31 5.64605 5.64605 5.64531
OP 32 0.526287 0.56605 0.37767 0.115589 0.36656 0.000109927
AC 32 4.73686 4.73686 4.73614
OP 33 0.528364 0.548037 0.37494 0.118674 0.369535 0.000113089
AC 33 2.5263 2.5263 2.52574
OP 34 0.528878 0.551862 0.376473 0.128139 0.368551 0.000111591
AC 34 4.38428 4.38428 4.38367
OP 35 0.53499 0.549593 0.365021 0.114697 0.371984 0.000119877
AC 35 4.3712 4.3712 4.37059
OP 36 0.52889 0.551638 0.373354 0.10561 0.371012 0.000113466
AC 36 -2.19514 -2.19514 -2.19571
OP 37 0.524445 0.57542 0.391472 0.112241 0.36179 0.000100391
AC 37 4.67653 4.67653 4.67564
OP 38 0.540673 0.557079 0.381618 0.121348 0.364446 0.000107905
AC 38 5.1662 5.1662 5.16552
OP 39 0.522904 0.542597 0.368812 0.106587 0.371337 0.000117814
AC 39 -3.15004 -3.15004 -3.15057
OP 40 0.535249 0.544369 0.369796 0.112268 0.372755 0.000117156
AC 40 0.956018 0.956018 0.955483
OP 41 0.522581 0.540856 0.366906 0.107473 0.37394 0.000120039
AC 41 -3.465 -3.465 -3.46551
OP 42 0.518559 0.559151 0.378852 0.107202 0.368843 0.000110166
AC 42 1.53707 1.53707 1.53643
OP 43 0.54072 0.544876 0.372609 0.113583 0.369364 0.000114933
AC 43 0.421676 0.421676 0.421146
OP 44 0.527262 0.54882 0.373162 0.11829 0.368207 0.00011362
AC 44 2.71439 2.71439 2.7138
OP 45 0.52365 0.564845 0.3849 0.110454 0.36268 0.000105432
AC 45 4.16745 4.16745 4.16669
OP 46 0.542008 0.553623 0.369226 0.120528 0.374382 0.000116598
AC 46 5.43912 5.43912 5.43849
OP 47 0.513619 0.555753 0.373528 0.102473 0.370408 0.000113633
AC 47 -5.11132 -5.11132 -5.11188
OP 48 0.52363 0.540368 0.35906 0.105571 0.3766 0.000124841
AC 48 -2.19689 -2.19689 -2.19737
OP 49 0.545152 0.548327 0.36668 0.120266 0.372891 0.000118601
AC 49 3.48669 3.48669 3.48615
OP 50 0.522898 0.546418 0.364697 0.108166 0.374418 0.0001204
AC 50 0.72356 0.72356 0.723016
OP 51 0.519214 0.552162 0.366112 0.106976 0.36888 0.000119209
AC 51 1.92129 1.92129 1.92072
OP 52 0.520638 0.543339 0.370149 0.107668 0.371631 0.000116837
AC 52 -3.08278 -3.08278 -3.0833
OP 53 0.510675 0.563313 0.38263 0.116857 0.365233 0.000106697
AC 53 4.98152 4.98152 4.98077
OP 54 0.537008 0.556517 0.367227 0.119161 0.372113 0.000117844
AC 54 4.49135 4.49135 4.49076
OP 55 0.529114 0.571075 0.386156 0.117839 0.364982 0.000104914
AC 55 6.1525 6.1525 6.1517
OP 56 0.520844 0.563061 0.387245 0.11333 0.364864 0.000104504
AC 56 2.84866 2.84866 2.84796
OP 57 0.524809 0.560979 0.379212 0.115764 0.36642 0.000108709
AC 57 4.41029 4.41029 4.40959
OP 58 0.520843 0.557012 0.383479 0.117436 0.366281 0.000106722
AC 58 3.3093 3.3093 3.30866
OP 59 0.530359 0.546844 0.365824 0.10787 0.374203 0.000119571
AC 59 -1.09837 -1.09837 -1.09889
OP 60 0.523227 0.551815 0.368363 0.104679 0.373551 0.000117757
AC 60 -0.763358 -0.763358 -0.763916
OP 61 0.517316 0.552064 0.377737 0.107278 0.368135 0.0001111
AC 61 -1.86337 -1.86337 -1.86394
OP 62 0.521879 0.555019 0.378477 0.108721 0.367183 0.000109979
AC 62 1.56726 1.56726 1.56661
OP 63 0.525633 0.549907 0.376949 0.105962 0.371424 0.000111904
AC 63 -2.63909 -2.63909 -2.63967
OP 64 0.519679 0.545119 0.373274 0.110077 0.371326 0.000114851
AC 64 -0.189318 -0.189318 -0.189848
OP 65 0.514697 0.556346 0.377542 0.105079 0.371147 0.000110736
AC 65 0.0649957 0.0649957 0.0643847
OP 66 0.523869 0.559933 0.384757 0.117109 0.3631 0.000105417
AC 66 2.93452 2.93452 2.93385
OP 67 0.518736 0.544072 0.371128 0.102083 0.373357 0.00011588
AC 67 -6.28596 -6.28596 -6.28648
OP 68 0.525184 0.555034 0.387508 0.111917 0.363274 0.000104085
AC 68 1.75165 1.75165 1.75099
OP 69 0.523284 0.545606 0.369173 0.109973 0.371883 0.000117557
AC 69 0.692404 0.692404 0.691871
OP 70 0.535335 0.553558 0.384547 0.117603 0.365532 0.000106464
AC 70 3.57631 3.57631 3.57565
OP 71 0.53371 0.5497 0.366841 0.115068 0.370792 0.000118549
AC 71 3.57412 3.57412 3.57354
OP 72 0.513674 0.556147 0.371106 0.102951 0.373138 0.000115131
AC 72 0.190031 0.190031 0.189424
OP 73 0.528006 0.556106 0.376974 0.11722 0.369758 0.000111712
AC 73 4.37729 4.37729 4.37666
OP 74 0.541778 0.535473 0.371753 0.104671 0.370532 0.00011586
AC 74 -13.2039 -13.2039 -13.2044
OP 75 0.526331 0.565107 0.392743 0.120081 0.362544 0.000100278
AC 75 4.5731 4.5731 4.57234
OP 76 0.516237 0.558189 0.382053 0.112442 0.366168 0.000107695
AC 76 1.90166 1.90166 1.90105
OP 77 0.510031 0.539634 0.362128 0.0949096 0.376411 0.000121891
AC 77 -14.1425 -14.1425 -14.143
OP 78 0.52046 0.566316 0.380552 0.115326 0.367668 0.000108473
AC 78 5.11904 5.11904 5.11832
OP 79 0.542668 0.543962 0.372108 0.111403 0.371795 0.000115322
AC 79 0.321583 0.321583 0.321061
OP 80 0.530917 0.563944 0.386612 0.117906 0.362842 0.000104381
AC 80 4.08434 4.08434 4.08363
OP 81 0.516652 0.571952 0.378123 0.116318 0.367282 0.000109086
AC 81 6.76831 6.76831 6.76747
OP 82 0.521667 0.547005 0.37558 0.108787 0.369306 0.000112837
AC 82 -1.11454 -1.11454 -1.1151
OP 83 0.528507 0.545328 0.369667 0.108612 0.370975 0.000116567
AC 83 -1.49895 -1.49895 -1.49949
OP 84 0.520307 0.554915 0.383623 0.11164 0.36376 0.000106567
AC 84 1.81723 1.81723 1.81655
OP 85 0.525574 0.559393 0.380942 0.108624 0.368369 0.000108652
AC 85 2.66374 2.66374 2.66304
OP 86 0.501939 0.560191 0.375905 0.105884 0.368161 0.000111542
AC 86 2.75271 2.75271 2.75202
OP 87 0.537005 0.55 0.377268 0.117212 0.367685 0.000111315
AC 87 3.03203 3.03203 3.03145
OP 88 0.515228 0.552228 0.36307 0.107643 0.374326 0.000121398
AC 88 3.04846 3.04846 3.04785
OP 89 0.511314 0.565612 0.377151 0.107902 0.369124 0.000110901
AC 89 3.64743 3.64743 3.64674
OP 90 0.518251 0.555511 0.366828 0.107368 0.372017 0.000118254
AC 90 2.24697 2.24697 2.24639
OP 91 0.514775 0.547093 0.379519 0.10876 0.370204 0.000110063
AC 91 -0.883241 -0.883241 -0.883818
OP 92 0.522994 0.556289 0.382884 0.1132 0.367398 0.000107548
AC 92 2.61528 2.61528 2.61464
OP 93 0.531275 0.555875 0.377193 0.123337 0.369855 0.000111189
AC 93 4.96518 4.96518 4.96451
OP 94 0.530988 0.566841 0.384879 0.117505 0.36596 0.000105258
AC 94 4.08947 4.08947 4.08877
OP 95 0.519598 0.549044 0.380063 0.105042 0.367377 0.000109497
AC 95 -2.49968 -2.49968 -2.50027
OP 96 0.529136 0.546324 0.369002 0.116618 0.373149 0.000117405
AC 96 2.2388 2.2388 2.23828
OP 97 0.519699 0.549779 0.363131 0.116068 0.37564 0.000121502
AC 97 3.67594 3.67594 3.67544
OP 98 0.527652 0.54159 0.365967 0.11378 0.375426 0.00011966
AC 98 -0.708611 -0.708611 -0.709101
OP 99 0.532621 0.555904 0.365701 0.110585 0.373031 0.000118907
AC 99 4.09386 4.09386 4.09322
OP 100 0.526051 0.542732 0.366129 0.11178 0.373685 0.000119448
AC 100 -0.577411 -0.577411 -0.577913
OP 101 0.516372 0.55963 0.387796 0.107755 0.361586 0.000104348
AC 101 2.06443 2.06443 2.06374
OP 102 0.519407 0.554381 0.376969 0.114919 0.370489 0.000110874
AC 102 3.30559 3.30559 3.30496
OP 103 0.535176 0.547485 0.377001 0.118586 0.367523 0.000111899
AC 103 2.13327 2.13327 2.1327
OP 104 0.52341 0.551102 0.366337 0.107114 0.371365 0.000118566
AC 104 2.24199 2.24199 2.24139
OP 105 0.540179 0.551316 0.380639 0.117552 0.367527 0.000109509
AC 105 2.2317 2.2317 2.23113
OP 106 0.515038 0.553391 0.382209 0.100697 0.367935 0.000108018
AC 106 -2.70787 -2.70787 -2.70852
OP 107 0.526672 0.570877 0.378774 0.115225 0.365492 0.000108763
AC 107 6.38344 6.38344 6.38266
OP 108 0.522358 0.556299 0.37465 0.110181 0.368845 0.000112775
AC 108 3.64301 3.64301 3.64238
OP 109 0.543556 0.550695 0.368208 0.115622 0.372542 0.000117577
AC 109 3.16105 3.16105 3.16048
OP 110 0.515801 0.553258 0.379795 0.104895 0.369083 0.000109593
AC 110 0.930319 0.930319 0.92967
OP 111 0.512535 0.55747 0.377441 0.111604 0.36676 0.000110772
AC 111 2.21101 2.21101 2.2104
OP 112 0.507019 0.562032 0.374267 0.102421 0.371856 0.000113317
AC 112 0.504826 0.504826 0.504198
OP 113 0.523935 0.563843 0.380703 0.117449 0.365877 0.000108336
AC 113 3.69497 3.69497 3.69431
OP 114 0.521084 0.557249 0.372815 0.106869 0.372052 0.000113864
AC 114 1.72209 1.72209 1.72147
OP 115 0.535403 0.559146 0.386175 0.117978 0.364644 0.000104567
AC 115 4.37754 4.37754 4.37683
OP 116 0.525924 0.548723 0.376898 0.109361 0.368287 0.000111599
AC 116 1.09742 1.09742 1.09682
OP 117 0.526661 0.543419 0.37744 0.111766 0.368103 0.00011166
AC 117 0.932557 0.932557 0.931986
OP 118 0.526526 0.561058 0.371797 0.108249 0.368442 0.000114009
AC 118 3.33528 3.33528 3.3346
OP 119 0.534107 0.555913 0.374214 0.11485 0.367836 0.00011285
AC 119 3.64648 3.64648 3.64586
OP 120 0.544316 0.559483 0.370843 0.114262 0.369685 0.000115804
AC 120 4.19247 4.19247 4.19183
OP 121 0.522174 0.548055 0.373056 0.115799 0.369972 0.0001146
AC 121 2.71465 2.71465 2.71407
OP 122 0.513786 0.563105 0.37635 0.106416 0.368672 0.000111021
AC 122 3.05468 3.05468 3.05401
OP 123 0.532662 0.567533 0.387133 0.12375 0.3621 0.000103623
AC 123 5.3237 5.3237 5.32295
OP 124 0.52442 0.542857 0.368818 0.107358 0.371731 0.000117627
AC 124 -2.44156 -2.44156 -2.44208
OP 125 0.524355 0.550241 0.381682 0.11246 0.367593 0.000108943
AC 125 0.318852 0.318852 0.318272
OP 126 0.528068 0.546911 0.382988 0.1094 0.366808 0.00010788
AC 126 -0.845 -0.845 -0.845575
OP 127 0.523512 0.549456 0.37358 0.109459 0.369571 0.00011432
AC 127 0.962874 0.962874 0.962302
OP 128 0.530245 0.548511 0.383509 0.114454 0.365804 0.000107624
AC 128 1.67196 1.67196 1.67136
OP 129 0.532535 0.564286 0.367335 0.115991 0.372345 0.000117638
AC 129 4.90479 4.90479 4.90416
OP 130 0.52829 0.560136 0.377583 0.111138 0.369595 0.000111218
AC 130 3.80761 3.80761 3.80695
OP 131 0.528302 0.549875 0.36843 0.11456 0.371787 0.000117091
AC 131 1.97641 1.97641 1.97586
OP 132 0.534016 0.560005 0.372891 0.116399 0.368675 0.000113828
AC 132 4.41246 4.41246 4.41182
OP 133 0.518649 0.548173 0.366483 0.106864 0.373434 0.000119053
AC 133 -0.616371 -0.616371 -0.61689
OP 134 0.515668 0.543449 0.379366 0.110161 0.369508 0.000111278
AC 134 -0.8556 -0.8556 -0.856144
OP 135 0.520544 0.572093 0.391512 0.107964 0.361884 0.00010055
AC 135 3.7398 3.7398 3.73895
OP 136 0.524095 0.544184 0.369052 0.111726 0.373409 0.000117736
AC 136 -1.10349 -1.10349 -1.10397
OP 137 0.528314 0.550164 0.366878 0.112389 0.371885 0.000118403
AC 137 0.349133 0.349133 0.348623
OP 138 0.533204 0.540013 0.359429 0.108178 0.375205 0.000124394
AC 138 -1.82858 -1.82858 -1.82906
OP 139 0.522622 0.557734 0.367031 0.114816 0.371627 0.000117469
AC 139 3.9782 3.9782 3.97757
OP 140 0.521163 0.555363 0.381233 0.107137 0.366935 0.000108742
AC 140 1.49263 1.49263 1.49196
OP 141 0.540114 0.547421 0.366691 0.114885 0.372986 0.00011828
AC 141 3.22778 3.22778 3.2272
OP 142 0.545272 0.559417 0.380401 0.123378 0.365486 0.0001088
AC 142 4.94121 4.94121 4.94054
OP 143 0.511192 0.562251 0.378405 0.104118 0.367036 0.000109963
AC 143 2.86694 2.86694 2.86624
OP 144 0.523763 0.5538 0.377718 0.116827 0.369704 0.000110594
AC 144 4.28981 4.28981 4.28917
OP 145 0.535963 0.541684 0.368496 0.118672 0.371458 0.000117565
AC 145 2.27909 2.27909 2.27856
OP 146 0.52774 0.541748 0.376983 0.107148 0.369722 0.000112654
AC 146 -4.5808 -4.5808 -4.58131
OP 147 0.527378 0.545003 0.369962 0.106485 0.372526 0.000116641
AC 147 -1.63264 -1.63264 -1.63318
OP 148 0.535763 0.548798 0.382503 0.112982 0.365374 0.000107684
AC 148 0.563911 0.563911 0.563304
OP 149 0.526318 0.553502 0.377892 0.110832 0.366141 0.000110745
AC 149 2.17388 2.17388 2.17327
OP 150 0.52951 0.541778 0.368082 0.113184 0.371145 0.000117943
AC 150 0.606046 0.606046 0.605523
OP 151 0.520399 0.546684 0.365258 0.104775 0.37648 0.000119917
AC 151 -0.978321 -0.978321 -0.978868
OP 152 0.514419 0.544437 0.379398 0.106671 0.36881 0.000111301
AC 152 -3.0158 -3.0158 -3.01635
OP 153 0.526614 0.563327 0.37771 0.123263 0.366669 0.000110157
AC 153 5.15764 5.15764 5.15694
OP 154 0.513197 0.550774 0.377926 0.103682 0.368423 0.000111521
AC 154 -2.52626 -2.52626 -2.52684
OP 155 0.540587 0.55666 0.369114 0.11543 0.370487 0.000116632
AC 155 4.15986 4.15986 4.15924
OP 156 0.523853 0.5466 0.366992 0.106411 0.372657 0.000118762
AC 156 -0.347414 -0.347414 -0.347942
OP 157 0.528064 0.551659 0.375559 0.110486 0.368133 0.000112015
AC 157 2.66219 2.66219 2.66155
OP 158 0.531839 0.552722 0.374198 0.104997 0.368886 0.000113554
AC 158 -0.381024 -0.381024 -0.381599
OP 159 0.522616 0.559359 0.379762 0.111916 0.368003 0.000109059
AC 159 2.91867 2.91867 2.91799
OP 160 0.53813 0.560682 0.380315 0.131486 0.365832 0.000108197
AC 160 6.01521 6.01521 6.01446
OP 161 0.521835 0.556619 0.37556 0.113668 0.368869 0.000111709
AC 161 4.33892 4.33892 4.33824
OP 162 0.517683 0.544897 0.362617 0.103482 0.375121 0.000122088
AC 162 -2.15029 -2.15029 -2.15081
OP 163 0.539163 0.56519 0.387288 0.123274 0.360798 0.000103642
AC 163 4.95829 4.95829 4.95758
OP 164 0.518702 0.543727 0.36606 0.10396 0.372812 0.000119031
AC 164 -1.5605 -1.5605 -1.56106
OP 165 0.512013 0.548589 0.364844 0.105892 0.373717 0.000120264
AC 165 -0.157971 -0.157971 -0.158518
OP 166 0.520071 0.540258 0.361044 0.103834 0.376009 0.000123735
AC 166 -2.46761 -2.46761 -2.4681
OP 167 0.519657 0.562839 0.379445 0.107465 0.367036 0.000109016
AC 167 4.05602 4.05602 4.05528
OP 168 0.521053 0.559257 0.389272 0.111664 0.365621 0.000103334
AC 168 3.76292 3.76292 3.76218
OP 169 0.54545 0.554242 0.382417 0.124028 0.365149 0.000107824
AC 169 4.40381 4.40381 4.40316
OP 170 0.522376 0.552494 0.373994 0.11222 0.371154 0.000113219
AC 170 1.84154 1.84154 1.84095
OP 171 0.540356 0.556033 0.379105 0.113914 0.367433 0.000109258
AC 171 4.27982 4.27982 4.27916
OP 172 0.523986 0.538206 0.363559 0.100271 0.371924 0.000121578
AC 172 -10.3462 -10.3462 -10.3466
OP 173 0.532644 0.565282 0.381864 0.116822 0.362804 0.000107448
AC 173 4.24584 4.24584 4.24515
OP 174 0.511866 0.55592 0.37544 0.10295 0.368598 0.000112077
AC 174 1.13632 1.13632 1.13567
OP 175 0.527082 0.556963 0.366591 0.111421 0.372381 0.00011837
AC 175 2.73947 2.73947 2.73888
OP 176 0.506923 0.544293 0.360368 0.101294 0.378862 0.000124073
AC 176 -4.53577 -4.53577 -4.53627
OP 177 0.516962 0.567989 0.390732 0.110565 0.36408 0.000101063
AC 177 2.8368 2.8368 2.83599
OP 178 0.520027 0.546806 0.364318 0.112537 0.374638 0.000120455
AC 178 2.34359 2.34359 2.34304
OP 179 0.528997 0.554534 0.366168 0.1139 0.372057 0.000118777
AC 179 4.24962 4.24962 4.249
OP 180 0.52625 0.555636 0.373105 0.114497 0.369638 0.000113461
AC 180 3.01277 3.01277 3.01217
OP 181 0.531871 0.539428 0.358981 0.113485 0.37712 0.000124947
AC 181 0.248137 0.248137 0.247672
OP 182 0.518322 0.551117 0.378792 0.108788 0.366401 0.000110491
AC 182 -1.63996 -1.63996 -1.64053
OP 183 0.524827 0.548467 0.371775 0.107487 0.371141 0.000114921
AC 183 1.04196 1.04196 1.04138
OP 184 0.509229 0.550891 0.361119 0.101971 0.375227 0.000123489
AC 184 -1.59973 -1.59973 -1.60025
OP 185 0.53271 0.550882 0.368695 0.118155 0.370679 0.000116595
AC 185 3.84228 3.84228 3.84169
OP 186 0.516002 0.554242 0.361802 0.10545 0.374353 0.000121941
AC 186 1.71821 1.71821 1.71763
OP 187 0.527295 0.55336 0.366928 0.10919 0.374223 0.000118085
AC 187 3.0937 3.0937 3.09311
OP 188 0.530566 0.549983 0.373568 0.120221 0.370063 0.000113588
AC 188 3.9339 3.9339 3.9333
OP 189 0.536528 0.547292 0.377329 0.111883 0.369765 0.000111864
AC 189 -1.16293 -1.16293 -1.16348
OP 190 0.517984 0.548564 0.354725 0.100355 0.377415 0.000127584
AC 190 -2.71408 -2.71408 -2.71459
OP 191 0.522604 0.553449 0.381517 0.106599 0.367287 0.000108713
AC 191 0.625594 0.625594 0.624965
OP 192 0.531464 0.549774 0.369051 0.113264 0.370963 0.000117325
AC 192 0.558871 0.558871 0.558364
OP 193 0.509943 0.559996 0.379017 0.111173 0.36762 0.00010974
AC 193 3.28854 3.28854 3.28788
OP 194 0.518823 0.553989 0.369655 0.0968053 0.371206 0.000116115
AC 194 -4.49352 -4.49352 -4.4941
OP 195 0.522894 0.54518 0.370733 0.103149 0.371486 0.000116237
AC 195 -2.95711 -2.95711 -2.95764
OP 196 0.533278 0.552147 0.37849 0.115714 0.367765 0.000110436
AC 196 2.44963 2.44963 2.44904
OP 197 0.523509 0.559426 0.38799 0.115577 0.363191 0.000103966
AC 197 3.44519 3.44519 3.44449
OP 198 0.534097 0.551502 0.375712 0.116949 0.369336 0.000113055
AC 198 3.24827 3.24827 3.24769
OP 199 0.522813 0.557142 0.372788 0.113215 0.369378 0.00011389
AC 199 3.96307 3.96307 3.96243
OP 200 0.514448 0.571701 0.372925 0.113059 0.369913 0.000113684
AC 200 5.16913 5.16913 5.16843
OP 201 0.525243 0.553425 0.37988 0.102393 0.367605 0.000109222
AC 201 -1.61048 -1.61048 -1.61112
OP 202 0.538235 0.552742 0.372221 0.112763 0.368239 0.000114709
AC 202 3.44649 3.44649 3.44587
OP 203 0.522967 0.552837 0.366118 0.116837 0.371265 0.000117777
AC 203 4.75081 4.75081 4.75017
OP 204 0.531423 0.562292 0.379842 0.114592 0.367274 0.000108624
AC 204 5.09457 5.09457 5.09384
OP 205 0.523275 0.567243 0.379687 0.113772 0.366073 0.000109112
AC 205 5.27208 5.27208 5.27133
OP 206 0.507029 0.554905 0.376928 0.105898 0.369768 0.000111415
AC 206 0.764831 0.764831 0.764217
OP 207 0.514047 0.552569 0.381578 0.107944 0.370478 0.000108382
AC 207 -1.33038 -1.33038 -1.33097
OP 208 0.515885 0.566212 0.374854 0.108713 0.367211 0.000112119
AC 208 4.17766 4.17766 4.17697
OP 209 0.525959 0.553195 0.365941 0.112393 0.371563 0.000118807
AC 209 2.90088 2.90088 2.90029
OP 210 0.52227 0.556234 0.371693 0.107097 0.370066 0.000114541
AC 210 2.37666 2.37666 2.37603
OP 211 0.530002 0.561354 0.391025 0.115199 0.361872 0.000101703
AC 211 3.70072 3.70072 3.69998
OP 212 0.536826 0.556811 0.366817 0.121302 0.3703 0.0001181
AC 212 4.66711 4.66711 4.66652
OP 213 0.527582 0.548735 0.377858 0.107681 0.370284 0.000111371
AC 213 -1.28511 -1.28511 -1.28568
OP 214 0.525485 0.54419 0.367406 0.104586 0.372146 0.000119346
AC 214 -6.2526 -6.2526 -6.25309
OP 215 0.540585 0.561111 0.383212 0.123243 0.365054 0.000106592
AC 215 5.52702 5.52702 5.5263
OP 216 0.52133 0.559511 0.373994 0.115029 0.369897 0.000112568
AC 216 3.87869 3.87869 3.87806
OP 217 0.521479 0.552776 0.376235 0.109137 0.368472 0.000112474
AC 217 0.548422 0.548422 0.547841
OP 218 0.528675 0.556896 0.378173 0.114122 0.367931 0.000109886
AC 218 2.46841 2.46841 2.46775
OP 219 0.526447 0.542809 0.37309 0.108929 0.369693 0.000115094
AC 219 -0.333465 -0.333465 -0.33399
OP 220 0.526587 0.555631 0.374309 0.119025 0.370754 0.00011326
AC 220 3.94892 3.94892 3.94831
OP 221 0.53907 0.550729 0.37678 0.117956 0.370282 0.00011176
AC 221 2.65525 2.65525 2.65468
OP 222 0.528481 0.55396 0.374975 0.111686 0.371185 0.000112197
AC 222 1.55796 1.55796 1.55734
OP 223 0.525805 0.556087 0.375009 0.111423 0.370411 0.00011245
AC 223 3.82684 3.82684 3.82618
OP 224 0.522798 0.549835 0.375808 0.107013 0.368669 0.000112196
AC 224 -0.514448 -0.514448 -0.515029
OP 225 0.52339 0.543795 0.372271 0.106995 0.371221 0.000115177
AC 225 -2.65953 -2.65953 -2.66005
OP 226 0.534938 0.548904 0.37043 0.117877 0.369917 0.000115842
AC 226 2.50607 2.50607 2.50549
OP 227 0.526273 0.551022 0.374094 0.109527 0.370577 0.00011371
AC 227 0.899841 0.899841 0.89924
OP 228 0.534619 0.554614 0.374307 0.117703 0.367601 0.000112768
AC 228 3.28605 3.28605 3.28544
OP 229 0.51535 0.556823 0.376944 0.110729 0.367113 0.000110649
AC 229 3.28737 3.28737 3.28671
OP 230 0.546261 0.554471 0.378146 0.115192 0.369507 0.000110692
AC 230 3.36673 3.36673 3.36612
OP 231 0.526495 0.558542 0.385593 0.111537 0.364225 0.000105974
AC 231 3.50579 3.50579 3.50508
OP 232 0.523881 0.551676 0.36859 0.103355 0.370951 0.000117082
AC 232 -1.03264 -1.03264 -1.03321
OP 233 0.532489 0.538052 0.366955 0.104844 0.375305 0.000119441
AC 233 -12.3549 -12.3549 -12.3554
OP 234 0.534437 0.550797 0.377298 0.116154 0.37001 0.000111451
AC 234 2.95453 2.95453 2.95395
OP 235 0.518365 0.562036 0.383007 0.111035 0.366605 0.000106877
AC 235 3.5982 3.5982 3.5975
OP 236 0.534912 0.559596 0.379615 0.120209 0.365417 0.000108943
AC 236 4.60997 4.60997 4.60926
OP 237 0.527041 0.556928 0.369609 0.118687 0.372351 0.000116502
AC 237 4.07984 4.07984 4.07923
OP 238 0.527722 0.555713 0.384661 0.110735 0.367895 0.000106147
AC 238 1.43211 1.43211 1.43148
OP 239 0.536235 0.575034 0.397469 0.123984 0.358809 9.6057E-05
AC 239 6.32086 6.32086 6.3199
OP 240 0.528461 0.554047 0.363908 0.110264 0.376141 0.000121209
AC 240 1.48532 1.48532 1.48481
OP 241 0.524885 0.547566 0.381847 0.0999378 0.366859 0.000108311
AC 241 -5.88404 -5.88404 -5.88463
OP 242 0.539987 0.546562 0.373501 0.115613 0.371412 0.000114313
AC 242 2.21262 2.21262 2.21206
OP 243 0.526082 0.55684 0.382212 0.114668 0.365883 0.000107299
AC 243 3.21332 3.21332 3.21268
OP 244 0.531008 0.562785 0.375823 0.108805 0.366754 0.000111492
AC 244 4.70082 4.70082 4.70009
OP 245 0.536837 0.543286 0.362115 0.113201 0.373708 0.000121791
AC 245 0.567354 0.567354 0.566844
OP 246 0.513505 0.546646 0.385941 0.102987 0.365831 0.000106556
AC 246 -6.64294 -6.64294 -6.64356
OP 247 0.524242 0.545485 0.371262 0.0988747 0.369172 0.000116065
AC 247 -17.3473 -17.3473 -17.3478
OP 248 0.528402 0.555389 0.375711 0.108349 0.36993 0.000112139
AC 248 0.787532 0.787532 0.786935
OP 249 0.525715 0.55659 0.379697 0.110886 0.368036 0.000109294
AC 249 3.38401 3.38401 3.38336
OP 250 0.521586 0.550545 0.377327 0.112602 0.367906 0.000111274
AC 250 0.778645 0.778645 0.778057
OP 251 0.529507 0.555047 0.374982 0.114047 0.36879 0.000112644
AC 251 2.75258 2.75258 2.75199
OP 252 0.529038 0.539624 0.36529 0.107164 0.374107 0.0001202
AC 252 -3.46008 -3.46008 -3.46058
OP 253 0.518637 0.545999 0.366821 0.103431 0.370949 0.000118822
AC 253 -3.27479 -3.27479 -3.27531
OP 254 0.526747 0.5499 0.378344 0.106748 0.367401 0.000110604
AC 254 0.149611 0.149611 0.148994
OP 255 0.521592 0.550936 0.380088 0.112121 0.367574 0.000109845
AC 255 1.93698 1.93698 1.93636
OP 256 0.511339 0.548497 0.365526 0.0956825 0.374455 0.000119651
AC 256 -6.85089 -6.85089 -6.85145
OP 257 0.520712 0.555994 0.377183 0.109981 0.368038 0.000111141
AC 257 2.82226 2.82226 2.82159
OP 258 0.536487 0.541974 0.360748 0.111823 0.374237 0.00012362
AC 258 0.755691 0.755691 0.755198
OP 259 0.522398 0.564647 0.368701 0.110095 0.371065 0.00011621
AC 259 4.13058 4.13058 4.1299
OP 260 0.531391 0.552919 0.378849 0.119125 0.367257 0.000109935
AC 260 2.53665 2.53665 2.53608
OP 261 0.512248 0.558659 0.382475 0.108019 0.364897 0.000108022
AC 261 2.00156 2.00156 2.00089
OP 262 0.524764 0.547894 0.375111 0.116401 0.369799 0.000113349
AC 262 2.03704 2.03704 2.0365
OP 263 0.529018 0.557606 0.381055 0.114791 0.367132 0.000108868
AC 263 3.2874 3.2874 3.28673
OP 264 0.524088 0.548375 0.375166 0.109434 0.368395 0.000112713
AC 264 0.381536 0.381536 0.380965
OP 265 0.542748 0.548391 0.373704 0.120115 0.370132 0.000113766
AC 265 3.71341 3.71341 3.71285
OP 266 0.531325 0.555519 0.381868 0.114398 0.366918 0.000107437
AC 266 3.34325 3.34325 3.34259
OP 267 0.522169 0.557899 0.371595 0.109413 0.37124 0.000114567
AC 267 3.05299 3.05299 3.05236
OP 268 0.5144 0.539884 0.365414 0.10051 0.3748 0.000120339
AC 268 -7.3167 -7.3167 -7.31719
OP 269 0.516239 0.564654 0.38307 0.11236 0.362689 0.000106808
AC 269 3.4292 3.4292 3.42852
OP 270 0.544987 0.561012 0.368164 0.123681 0.368493 0.000116775
AC 270 6.37219 6.37219 6.37151
OP 271 0.521797 0.550645 0.389333 0.114096 0.364982 0.000103545
AC 271 1.43502 1.43502 1.43439
OP 272 0.537443 0.556858 0.385043 0.119584 0.367369 0.000105894
AC 272 2.66215 2.66215 2.66152
OP 273 0.535465 0.561452 0.382645 0.117075 0.363748 0.000106993
AC 273 4.22015 4.22015 4.21946
OP 274 0.526479 0.545775 0.375923 0.116514 0.366277 0.000112843
AC 274 1.94713 1.94713 1.94658
OP 275 0.524117 0.550756 0.369712 0.102442 0.373749 0.000117008
AC 275 -0.751418 -0.751418 -0.75199
OP 276 0.534318 0.538418 0.36501 0.108381 0.371625 0.00011973
AC 276 -1.19383 -1.19383 -1.19433
OP 277 0.514779 0.55539 0.365868 0.100758 0.375949 0.000118851
AC 277 -0.0515477 -0.0515477 -0.0521377
OP 278 0.517361 0.546512 0.36754 0.101832 0.374623 0.00011817
AC 278 -2.95678 -2.95678 -2.95733
OP 279 0.508316 0.569457 0.390316 0.10433 0.362817 0.000101462
AC 279 2.81934 2.81934 2.81855
OP 280 0.522487 0.562457 0.366057 0.111021 0.373185 0.00011786
AC 280 4.58607 4.58607 4.5854
OP 281 0.524509 0.546205 0.370919 0.109788 0.371528 0.000115694
AC 281 0.0849836 0.0849836 0.0844408
OP 282 0.520495 0.545554 0.369658 0.108142 0.370639 0.000116606
AC 282 -0.0330401 -0.0330401 -0.0336027
OP 283 0.52528 0.557561 0.37756 0.110918 0.368557 0.000110798
AC 283 2.60747 2.60747 2.60682
OP 284 0.529994 0.569132 0.389114 0.127312 0.360137 0.000101956
AC 284 6.23397 6.23397 6.23317
OP 285 0.528515 0.56359 0.379708 0.117844 0.366166 0.000109142
AC 285 4.56283 4.56283 4.56214
OP 286 0.521005 0.572092 0.38557 0.109468 0.363049 0.000104443
AC 286 5.18353 5.18353 5.18268
OP 287 0.535061 0.528086 0.371206 0.109492 0.371495 0.000116821
AC 287 -10.1963 -10.1963 -10.1968
OP 288 0.516605 0.558393 0.376456 0.108026 0.368415 0.00011119
AC 288 1.50166 1.50166 1.50105
OP 289 0.51092 0.54707 0.370408 0.0972225 0.370888 0.000116407
AC 289 -31.5367 -31.5367 -31.5373
OP 290 0.531609 0.549619 0.360469 0.105263 0.37447 0.000122828
AC 290 0.634823 0.634823 0.634283
OP 291 0.538862 0.559886 0.376038 0.122537 0.366892 0.000111174
AC 291 6.10211 6.10211 6.10141
OP 292 0.526602 0.56186 0.384515 0.114365 0.365792 0.000105543
AC 292 4.38796 4.38796 4.38722
OP 293 0.535621 0.55106 0.371877 0.118258 0.368167 0.000114896
AC 293 3.69059 3.69059 3.69001
OP 294 0.539452 0.559171 0.37695 0.114459 0.366785 0.000110945
AC 294 3.01619 3.01619 3.01559
OP 295 0.535436 0.554892 0.369293 0.113315 0.370328 0.000116338
AC 295 3.41972 3.41972 3.41912
OP 296 0.518885 0.557156 0.375657 0.102559 0.367803 0.000111202
AC 296 1.96802 1.96802 1.96734
OP 297 0.531899 0.557414 0.380408 0.11751 0.367214 0.000109067
AC 297 4.11942 4.11942 4.11876
OP 298 0.53343 0.551687 0.383902 0.112089 0.364997 0.000106952
AC 298 2.18289 2.18289 2.18225
OP 299 0.535363 0.558804 0.375534 0.117799 0.366216 0.000111827
AC 299 4.35747 4.35747 4.35682
