OP 0 0.578636 0.661226 0.498655 0.164232 0.366229 0.000111706
AC 0 6.2464 6.2464 6.24574
OP 1 0.596296 0.672324 0.508554 0.175068 0.360278 0.000103871
AC 1 6.88668 6.88668 6.88579
OP 2 0.578007 0.68304 0.502094 0.169232 0.362669 0.000107358
AC 2 7.75555 7.75555 7.75464
OP 3 0.574905 0.665492 0.49259 0.169783 0.368567 0.000115494
AC 3 6.28931 6.28931 6.28866
OP 4 0.578887 0.655655 0.478701 0.164531 0.374643 0.000125511
AC 4 6.27731 6.27731 6.27677
OP 5 0.598396 0.655432 0.489555 0.170759 0.371788 0.000118292
AC 5 6.50806 6.50806 6.50742
OP 6 0.605994 0.669446 0.488345 0.175821 0.36995 0.000118258
AC 6 7.8037 7.8037 7.80299
OP 7 0.582734 0.668775 0.493806 0.159401 0.367017 0.000114618
AC 7 7.24816 7.24816 7.24746
OP 8 0.5963 0.665076 0.4872 0.169958 0.370693 0.000118736
AC 8 7.3412 7.3412 7.34049
OP 9 0.604714 0.653864 0.481945 0.167476 0.37091 0.000123118
AC 9 5.59761 5.59761 5.59706
OP 10 0.601503 0.667618 0.496298 0.18034 0.365092 0.000112916
AC 10 6.78864 6.78864 6.78797
OP 11 0.584319 0.675287 0.494505 0.162712 0.367344 0.000113206
AC 11 7.04809 7.04809 7.04736
OP 12 0.602129 0.668193 0.496994 0.172534 0.366991 0.00011208
AC 12 6.93327 6.93327 6.93253
OP 13 0.587824 0.674517 0.490636 0.170778 0.369433 0.000116603
AC 13 7.60689 7.60689 7.60622
OP 14 0.596554 0.675604 0.497891 0.181899 0.363422 0.00011076
AC 14 7.86973 7.86973 7.86892
OP 15 0.58124 0.669823 0.492785 0.162672 0.369875 0.00011499
AC 15 6.97152 6.97152 6.97079
OP 16 0.577003 0.671875 0.497404 0.16229 0.366878 0.000111748
AC 16 6.62278 6.62278 6.62204
OP 17 0.585813 0.660746 0.499162 0.163123 0.368476 0.000111785
AC 17 5.85167 5.85167 5.85099
OP 18 0.594672 0.665878 0.481797 0.170768 0.373259 0.000122876
AC 18 7.08 7.08 7.07938
OP 19 0.591446 0.662669 0.494449 0.163375 0.367907 0.000114629
AC 19 6.20313 6.20313 6.2025
OP 20 0.583311 0.667403 0.491719 0.159796 0.368296 0.000116068
AC 20 6.78858 6.78858 6.78794
OP 21 0.589019 0.669763 0.497129 0.170675 0.367906 0.00011189
AC 21 7.234 7.234 7.23327
OP 22 0.572247 0.680406 0.499487 0.166742 0.366128 0.000110058
AC 22 7.85896 7.85896 7.85817
OP 23 0.595429 0.67754 0.484124 0.178352 0.370611 0.000119709
AC 23 8.35514 8.35514 8.35439
OP 24 0.593538 0.675215 0.499195 0.174684 0.366199 0.000110186
AC 24 7.52695 7.52695 7.52613
OP 25 0.573555 0.671373 0.491033 0.16222 0.370766 0.000116289
AC 25 6.94944 6.94944 6.94874
OP 26 0.57869 0.661943 0.489687 0.161011 0.37143 0.000118041
AC 26 6.15952 6.15952 6.1589
OP 27 0.579539 0.676446 0.49696 0.168631 0.367126 0.000111248
AC 27 7.59395 7.59395 7.59315
OP 28 0.59365 0.6651 0.483959 0.171166 0.373134 0.000121772
AC 28 6.90121 6.90121 6.9006
OP 29 0.583699 0.663134 0.497739 0.166876 0.364534 0.00011196
AC 29 6.05866 6.05866 6.05797
OP 30 0.576082 0.683031 0.499633 0.174535 0.366092 0.000109588
AC 30 7.45047 7.45047 7.44962
OP 31 0.579809 0.654006 0.487196 0.160768 0.37382 0.000120152
AC 31 5.31514 5.31514 5.31455
OP 32 0.570363 0.669159 0.484189 0.164978 0.373555 0.000121357
AC 32 7.38221 7.38221 7.38155
OP 33 0.582441 0.661955 0.490408 0.161719 0.369971 0.000117092
AC 33 6.0323 6.0323 6.03167
OP 34 0.574289 0.663346 0.494642 0.165693 0.3698 0.000114324
AC 34 6.41333 6.41333 6.41264
OP 35 0.591882 0.662498 0.484668 0.167764 0.373004 0.000120999
AC 35 6.5399 6.5399 6.5393
OP 36 0.584078 0.658852 0.495021 0.165235 0.368868 0.000114375
AC 36 5.76267 5.76267 5.76203
OP 37 0.584498 0.663134 0.49151 0.170263 0.371272 0.000116876
AC 37 6.36813 6.36813 6.36747
OP 38 0.584386 0.66916 0.49105 0.167332 0.369348 0.000116259
AC 38 6.97228 6.97228 6.97159
OP 39 0.578525 0.661763 0.500512 0.165673 0.366452 0.000110467
AC 39 5.56483 5.56483 5.56417
OP 40 0.594523 0.671612 0.498727 0.180025 0.364126 0.000110645
AC 40 7.10294 7.10294 7.10221
OP 41 0.592686 0.661435 0.486726 0.166069 0.371133 0.000119299
AC 41 6.51277 6.51277 6.51217
OP 42 0.591999 0.679575 0.492399 0.166085 0.366877 0.000115082
AC 42 7.69286 7.69286 7.69206
OP 43 0.598154 0.681265 0.506336 0.177755 0.363536 0.000104952
AC 43 7.84201 7.84201 7.84115
OP 44 0.583992 0.676893 0.49618 0.17802 0.367356 0.00011269
AC 44 7.60556 7.60556 7.60476
OP 45 0.579669 0.659343 0.490306 0.158753 0.36942 0.000117277
AC 45 5.3007 5.3007 5.30005
OP 46 0.585369 0.673981 0.496556 0.174417 0.369946 0.000112224
AC 46 7.03885 7.03885 7.03809
OP 47 0.586015 0.670576 0.486938 0.165194 0.369649 0.000119046
AC 47 7.15537 7.15537 7.15468
OP 48 0.584332 0.667247 0.492735 0.164275 0.366344 0.000115135
AC 48 6.95398 6.95398 6.95328
OP 49 0.57512 0.677482 0.500096 0.1638 0.366075 0.000109364
AC 49 6.94424 6.94424 6.9434
OP 50 0.577096 0.655923 0.480023 0.152914 0.373475 0.000125192
AC 50 5.40061 5.40061 5.40002
OP 51 0.595121 0.669954 0.494704 0.17122 0.36555 0.000113813
AC 51 7.64499 7.64499 7.64421
OP 52 0.586113 0.678713 0.487573 0.174526 0.368932 0.000117851
AC 52 8.43155 8.43155 8.43075
OP 53 0.595021 0.666437 0.490304 0.173163 0.370429 0.000117004
AC 53 6.03033 6.03033 6.02969
OP 54 0.57657 0.671977 0.499868 0.168387 0.367711 0.00011026
AC 54 6.90387 6.90387 6.90311
OP 55 0.570553 0.668024 0.496794 0.162905 0.366853 0.000112368
AC 55 5.69147 5.69147 5.69075
OP 56 0.588696 0.670165 0.503889 0.166439 0.364225 0.00010749
AC 56 6.31312 6.31312 6.31238
OP 57 0.584412 0.653523 0.474545 0.155554 0.375151 0.000129268
AC 57 6.09516 6.09516 6.09463
OP 58 0.600678 0.676489 0.499976 0.173009 0.367679 0.00010948
AC 58 7.9325 7.9325 7.93167
OP 59 0.593145 0.659723 0.478018 0.166898 0.37527 0.000126073
AC 59 6.84198 6.84198 6.84141
OP 60 0.586992 0.675693 0.50155 0.169512 0.364484 0.000108855
AC 60 6.87798 6.87798 6.87725
OP 61 0.582781 0.667044 0.494297 0.171854 0.367316 0.00011442
AC 61 6.87382 6.87382 6.87314
OP 62 0.588386 0.66302 0.487983 0.168725 0.371202 0.000118912
AC 62 7.00191 7.00191 7.00128
OP 63 0.576991 0.645784 0.480651 0.157877 0.374264 0.000125734
AC 63 4.60842 4.60842 4.60792
OP 64 0.571685 0.675517 0.493235 0.158011 0.369145 0.000114097
AC 64 7.82761 7.82761 7.8268
OP 65 0.60212 0.661195 0.491865 0.168366 0.368429 0.000116297
AC 65 6.96208 6.96208 6.96142
OP 66 0.583984 0.654008 0.489867 0.164581 0.371974 0.000118233
AC 66 5.81212 5.81212 5.81157
OP 67 0.587269 0.665801 0.489173 0.167094 0.370183 0.000117312
AC 67 6.93064 6.93064 6.92994
OP 68 0.582066 0.66228 0.501705 0.162079 0.366177 0.000108839
AC 68 5.23753 5.23753 5.23682
OP 69 0.583092 0.670513 0.489709 0.163656 0.371186 0.00011716
AC 69 7.36713 7.36713 7.3664
OP 70 0.593029 0.660181 0.487921 0.163604 0.369556 0.00011943
AC 70 6.22123 6.22123 6.22061
OP 71 0.570655 0.68882 0.505555 0.174319 0.361721 0.000104874
AC 71 7.86732 7.86732 7.86635
OP 72 0.592786 0.672247 0.495221 0.174165 0.364869 0.000113695
AC 72 6.74951 6.74951 6.74884
OP 73 0.581329 0.662999 0.482221 0.161216 0.371935 0.000122746
AC 73 6.32209 6.32209 6.3215
OP 74 0.595724 0.670872 0.502122 0.169278 0.363105 0.000109018
AC 74 6.46008 6.46008 6.45931
OP 75 0.593544 0.653519 0.484576 0.169514 0.373706 0.000122051
AC 75 5.64507 5.64507 5.64452
OP 76 0.581237 0.66237 0.487317 0.16513 0.367959 0.000118897
AC 76 6.62937 6.62937 6.62875
OP 77 0.584381 0.662566 0.497985 0.16399 0.364342 0.000111899
AC 77 5.9831 5.9831 5.98243
OP 78 0.588469 0.657724 0.489866 0.163518 0.370912 0.000117194
AC 78 6.0968 6.0968 6.09618
OP 79 0.584047 0.667164 0.499757 0.164676 0.366775 0.000110587
AC 79 6.39509 6.39509 6.39439
OP 80 0.59535 0.670354 0.488452 0.171814 0.370406 0.000117627
AC 80 7.11644 7.11644 7.11576
OP 81 0.582236 0.664743 0.488176 0.175701 0.37055 0.000117928
AC 81 7.15947 7.15947 7.15877
OP 82 0.57707 0.667151 0.494606 0.165874 0.367298 0.000113839
AC 82 6.95018 6.95018 6.94949
OP 83 0.573382 0.672395 0.500932 0.166997 0.367368 0.000109054
AC 83 6.61651 6.61651 6.61571
OP 84 0.585997 0.665545 0.490805 0.168089 0.37113 0.000116655
AC 84 6.9622 6.9622 6.96153
OP 85 0.584502 0.672053 0.488058 0.173492 0.371459 0.000118342
AC 85 7.43629 7.43629 7.4356
OP 86 0.578865 0.676286 0.498971 0.167049 0.36576 0.000110474
AC 86 7.55392 7.55392 7.55309
OP 87 0.590007 0.660295 0.495757 0.166566 0.367577 0.000113764
AC 87 6.71415 6.71415 6.71349
OP 88 0.572227 0.680866 0.501164 0.166474 0.363238 0.00010856
AC 88 7.30515 7.30515 7.30428
OP 89 0.584933 0.666942 0.486649 0.168762 0.371915 0.00011933
AC 89 6.6528 6.6528 6.65216
OP 90 0.589614 0.660279 0.485604 0.16271 0.373248 0.000120735
AC 90 6.78601 6.78601 6.7854
OP 91 0.59637 0.660698 0.49062 0.163784 0.370015 0.000117804
AC 91 6.47856 6.47856 6.47792
OP 92 0.601848 0.662024 0.483872 0.172704 0.370763 0.000121835
AC 92 7.30899 7.30899 7.30841
OP 93 0.592898 0.670872 0.493965 0.178691 0.367743 0.00011436
AC 93 7.07889 7.07889 7.07821
OP 94 0.595079 0.675196 0.50154 0.170758 0.365815 0.000108763
AC 94 7.87159 7.87159 7.87072
OP 95 0.554824 0.681168 0.502315 0.156757 0.362683 0.00010765
AC 95 7.63991 7.63991 7.63903
OP 96 0.566367 0.66632 0.497385 0.1525 0.367415 0.00011302
AC 96 4.9533 4.9533 4.95266
OP 97 0.584066 0.67632 0.500254 0.169869 0.362561 0.000109564
AC 97 7.63014 7.63014 7.62931
OP 98 0.575046 0.665711 0.489041 0.157722 0.372216 0.000117704
AC 98 6.60296 6.60296 6.6023
OP 99 0.599741 0.661507 0.492109 0.169808 0.368152 0.000116223
AC 99 5.77862 5.77862 5.778
OP 100 0.592673 0.673423 0.493336 0.172236 0.370129 0.000114252
AC 100 7.88315 7.88315 7.88237
OP 101 0.590571 0.667633 0.505454 0.164334 0.364191 0.000107008
AC 101 5.38934 5.38934 5.38859
OP 102 0.574449 0.676666 0.494946 0.164933 0.368227 0.000113306
AC 102 7.35297 7.35297 7.35222
OP 103 0.595518 0.664711 0.491755 0.172575 0.371258 0.0001159
AC 103 7.24016 7.24016 7.23948
OP 104 0.583122 0.671773 0.509287 0.171709 0.360876 0.000102997
AC 104 6.90502 6.90502 6.90415
OP 105 0.57533 0.662536 0.489921 0.155409 0.369944 0.00011773
AC 105 7.31652 7.31652 7.31585
OP 106 0.584248 0.666759 0.491365 0.165845 0.365396 0.000116445
AC 106 6.82698 6.82698 6.82631
OP 107 0.587014 0.673884 0.492709 0.169993 0.365206 0.000114042
AC 107 7.72114 7.72114 7.72038
OP 108 0.594342 0.658462 0.481708 0.166786 0.372911 0.00012352
AC 108 6.60278 6.60278 6.60219
OP 109 0.58286 0.673707 0.492014 0.167521 0.370661 0.00011555
AC 109 7.47726 7.47726 7.47654
OP 110 0.587067 0.680177 0.499515 0.170937 0.36604 0.000109848
AC 110 7.56532 7.56532 7.56447
OP 111 0.587494 0.670885 0.495419 0.16879 0.368682 0.000112904
AC 111 7.3296 7.3296 7.32889
OP 112 0.602472 0.664969 0.489074 0.173841 0.370425 0.000117891
AC 112 6.76261 6.76261 6.76197
OP 113 0.580255 0.664754 0.488047 0.1675 0.370418 0.000118048
AC 113 7.20405 7.20405 7.20337
OP 114 0.56881 0.670669 0.502442 0.166709 0.36511 0.000108058
AC 114 5.98177 5.98177 5.98101
OP 115 0.589042 0.66969 0.499698 0.175955 0.363825 0.000109778
AC 115 6.80365 6.80365 6.80291
OP 116 0.58499 0.671623 0.482842 0.170794 0.371825 0.000121575
AC 116 8.06546 8.06546 8.06476
OP 117 0.592269 0.667354 0.483627 0.1704 0.37574 0.000120931
AC 117 7.21944 7.21944 7.21877
OP 118 0.583115 0.675671 0.50215 0.174259 0.364933 0.000108527
AC 118 7.71064 7.71064 7.70982
OP 119 0.578978 0.679282 0.482682 0.16865 0.370353 0.000121205
AC 119 7.99389 7.99389 7.9932
OP 120 0.610121 0.662474 0.477234 0.172946 0.374787 0.000126566
AC 120 7.1659 7.1659 7.16531
OP 121 0.587786 0.664726 0.494947 0.171845 0.366133 0.000114011
AC 121 6.85279 6.85279 6.85206
OP 122 0.599056 0.667658 0.495937 0.173718 0.36604 0.000112714
AC 122 6.86323 6.86323 6.86253
OP 123 0.579425 0.646363 0.478773 0.157924 0.377095 0.000126165
AC 123 4.76962 4.76962 4.76911
OP 124 0.59762 0.654113 0.488633 0.165313 0.366958 0.000118944
AC 124 6.162 6.162 6.1614
OP 125 0.57721 0.660282 0.496427 0.160238 0.366459 0.000113082
AC 125 5.44956 5.44956 5.4489
OP 126 0.589419 0.667798 0.492115 0.171193 0.369096 0.000115435
AC 126 6.99468 6.99468 6.99399
OP 127 0.590561 0.660234 0.487792 0.162965 0.372219 0.000119384
AC 127 6.61017 6.61017 6.60953
OP 128 0.591874 0.658303 0.490825 0.157522 0.37005 0.000117797
AC 128 5.88176 5.88176 5.88115
OP 129 0.578502 0.672061 0.499394 0.164871 0.366003 0.000109971
AC 129 7.16617 7.16617 7.16538
OP 130 0.57696 0.679942 0.499914 0.162783 0.365358 0.000109662
AC 130 7.23676 7.23676 7.23594
OP 131 0.594793 0.665234 0.488587 0.171581 0.370458 0.000118721
AC 131 6.73742 6.73742 6.73677
OP 132 0.594465 0.678408 0.504263 0.174912 0.364296 0.000106401
AC 132 7.37059 7.37059 7.36977
OP 133 0.597165 0.665191 0.489197 0.167217 0.3699 0.000117977
AC 133 6.88891 6.88891 6.88828
OP 134 0.601946 0.653565 0.480603 0.165478 0.372322 0.000124947
AC 134 5.66533 5.66533 5.66476
OP 135 0.585724 0.655438 0.4854 0.173071 0.370343 0.00012159
AC 135 5.76465 5.76465 5.76408
OP 136 0.579396 0.685013 0.501928 0.174641 0.364023 0.000107537
AC 136 7.99874 7.99874 7.9978
OP 137 0.576853 0.670836 0.500173 0.159317 0.363583 0.000109857
AC 137 6.36145 6.36145 6.3607
OP 138 0.553776 0.680689 0.492256 0.164695 0.368316 0.000114629
AC 138 7.64477 7.64477 7.64399
OP 139 0.574442 0.665922 0.501544 0.161993 0.367845 0.000109944
AC 139 6.01379 6.01379 6.01313
OP 140 0.582168 0.668425 0.493179 0.170848 0.369559 0.000115333
AC 140 6.74883 6.74883 6.74818
OP 141 0.578349 0.674126 0.50188 0.163721 0.363191 0.000108625
AC 141 5.90648 5.90648 5.90568
OP 142 0.582675 0.67036 0.492675 0.167797 0.36989 0.00011484
AC 142 6.61726 6.61726 6.61658
OP 143 0.589992 0.669088 0.493925 0.17052 0.369302 0.000114337
AC 143 7.2722 7.2722 7.27149
OP 144 0.598988 0.668778 0.487738 0.16704 0.371164 0.000118053
AC 144 7.7088 7.7088 7.70806
OP 145 0.595828 0.671724 0.491822 0.174324 0.367461 0.0001154
AC 145 7.33292 7.33292 7.3322
OP 146 0.583198 0.674388 0.488825 0.171325 0.368222 0.000117499
AC 146 8.2255 8.2255 8.22477
OP 147 0.572157 0.670477 0.501639 0.16403 0.364766 0.00010886
AC 147 7.21746 7.21746 7.21665
OP 148 0.589705 0.669397 0.493253 0.161677 0.368512 0.000115092
AC 148 7.21092 7.21092 7.21021
OP 149 0.579918 0.676906 0.496524 0.172309 0.365828 0.000111283
AC 149 7.22487 7.22487 7.22414
OP 150 0.590611 0.670229 0.497668 0.166817 0.365837 0.000111664
AC 150 6.58352 6.58352 6.5828
OP 151 0.592147 0.670163 0.49321 0.169493 0.367615 0.000114717
AC 151 6.70804 6.70804 6.70735
OP 152 0.592221 0.677872 0.500251 0.174964 0.365145 0.000109471
AC 152 7.14414 7.14414 7.14339
OP 153 0.593855 0.662559 0.491584 0.164753 0.370525 0.000116484
AC 153 6.93384 6.93384 6.93319
OP 154 0.585606 0.675508 0.488406 0.160821 0.369736 0.000118347
AC 154 6.98858 6.98858 6.9879
OP 155 0.588904 0.665294 0.50333 0.168313 0.363393 0.000108613
AC 155 5.90706 5.90706 5.90637
OP 156 0.594296 0.670887 0.501815 0.166445 0.366145 0.000109138
AC 156 6.34604 6.34604 6.3453
OP 157 0.588276 0.657934 0.47951 0.164682 0.372558 0.000125146
AC 157 6.63111 6.63111 6.63052
OP 158 0.578403 0.66887 0.486162 0.17281 0.372438 0.000119566
AC 158 6.95857 6.95857 6.95791
OP 159 0.586308 0.650835 0.467527 0.159383 0.380916 0.000134916
AC 159 6.03457 6.03457 6.03406
OP 160 0.584798 0.669952 0.49624 0.169527 0.368999 0.000112378
AC 160 6.7749 6.7749 6.77414
OP 161 0.582176 0.668624 0.493752 0.174358 0.369882 0.000113812
AC 161 7.16128 7.16128 7.16056
OP 162 0.594297 0.674749 0.498869 0.177005 0.366776 0.000109832
AC 162 7.19963 7.19963 7.19886
OP 163 0.583106 0.685741 0.494425 0.166907 0.365063 0.000112093
AC 163 8.56907 8.56907 8.56815
OP 164 0.585667 0.666495 0.485546 0.168882 0.372251 0.000119526
AC 164 7.19435 7.19435 7.19367
OP 165 0.590359 0.675012 0.495476 0.176865 0.368277 0.0001132
AC 165 7.80511 7.80511 7.80434
OP 166 0.585225 0.652673 0.48615 0.164038 0.369065 0.000121131
AC 166 4.89158 4.89158 4.89103
OP 167 0.576578 0.65972 0.496327 0.162988 0.366617 0.000113062
AC 167 4.60698 4.60698 4.60633
OP 168 0.594333 0.674472 0.490042 0.172688 0.370092 0.00011588
AC 168 8.05332 8.05332 8.05258
OP 169 0.578157 0.679335 0.494985 0.168826 0.366254 0.000112463
AC 169 8.00329 8.00329 8.00241
OP 170 0.590474 0.675289 0.494539 0.169637 0.365696 0.000113503
AC 170 7.53317 7.53317 7.53238
OP 171 0.592723 0.671201 0.496705 0.172557 0.366915 0.000111898
AC 171 7.79574 7.79574 7.79501
OP 172 0.578799 0.667342 0.498517 0.160621 0.365328 0.000110619
AC 172 5.98878 5.98878 5.98806
OP 173 0.598207 0.652021 0.482055 0.164152 0.373556 0.000123861
AC 173 6.06341 6.06341 6.06284
OP 174 0.58715 0.664073 0.492594 0.161068 0.367376 0.000115329
AC 174 5.74015 5.74015 5.73951
OP 175 0.583608 0.658262 0.486755 0.157263 0.371802 0.00012024
AC 175 5.8447 5.8447 5.84414
OP 176 0.596743 0.665326 0.492521 0.177547 0.370851 0.000115642
AC 176 7.18021 7.18021 7.17954
OP 177 0.598182 0.668326 0.504722 0.173537 0.367001 0.000107554
AC 177 6.27086 6.27086 6.27012
OP 178 0.592197 0.661135 0.491713 0.175726 0.367458 0.000116056
AC 178 6.40165 6.40165 6.40098
OP 179 0.580575 0.658249 0.483578 0.158793 0.372723 0.000122193
AC 179 6.16909 6.16909 6.16848
OP 180 0.572543 0.65803 0.497601 0.155389 0.367405 0.000113233
AC 180 5.89471 5.89471 5.89405
OP 181 0.581065 0.670488 0.497319 0.169087 0.368137 0.000112276
AC 181 6.57847 6.57847 6.57778
OP 182 0.583064 0.672106 0.495581 0.166046 0.36809 0.000113295
AC 182 7.17448 7.17448 7.17376
OP 183 0.600985 0.665745 0.491404 0.173249 0.371632 0.000116651
AC 183 7.08233 7.08233 7.08168
OP 184 0.590999 0.674776 0.491956 0.167079 0.369157 0.000114518
AC 184 7.80608 7.80608 7.80529
OP 185 0.585001 0.664075 0.489303 0.163859 0.368177 0.000118475
AC 185 6.45098 6.45098 6.45036
OP 186 0.578748 0.681536 0.508115 0.165692 0.362898 0.000103968
AC 186 7.23226 7.23226 7.23138
OP 187 0.591511 0.665215 0.500911 0.175478 0.365992 0.000109769
AC 187 6.69054 6.69054 6.68984
OP 188 0.586114 0.667672 0.491614 0.165597 0.368723 0.000115737
AC 188 6.04035 6.04035 6.03966
OP 189 0.582195 0.650474 0.482717 0.153188 0.373323 0.000123467
AC 189 4.61462 4.61462 4.61408
OP 190 0.595266 0.671158 0.481964 0.175702 0.372918 0.000122604
AC 190 7.8877 7.8877 7.88704
OP 191 0.586092 0.658306 0.473052 0.1715 0.375881 0.00013028
AC 191 6.93392 6.93392 6.93334
OP 192 0.58277 0.659968 0.491152 0.171464 0.370142 0.000116813
AC 192 6.29415 6.29415 6.29354
OP 193 0.573195 0.681979 0.503612 0.167998 0.361882 0.000106605
AC 193 7.20675 7.20675 7.20586
OP 194 0.59201 0.673537 0.502611 0.174915 0.363349 0.000108082
AC 194 7.30771 7.30771 7.307
OP 195 0.573381 0.674533 0.493727 0.164105 0.369036 0.000113605
AC 195 7.02822 7.02822 7.02747
OP 196 0.578978 0.660536 0.485987 0.165342 0.371035 0.000120278
AC 196 6.58054 6.58054 6.57988
OP 197 0.592638 0.666681 0.491348 0.177161 0.369141 0.000115795
AC 197 7.36505 7.36505 7.36437
OP 198 0.581394 0.665687 0.50753 0.170825 0.363268 0.000105566
AC 198 6.1258 6.1258 6.12504
OP 199 0.575578 0.668893 0.495292 0.166932 0.36736 0.000113052
AC 199 6.51365 6.51365 6.51295
OP 200 0.592079 0.652676 0.478504 0.170225 0.378156 0.000126324
AC 200 5.71325 5.71325 5.71272
OP 201 0.576938 0.663299 0.490021 0.159971 0.371082 0.000118006
AC 201 6.09815 6.09815 6.09751
OP 202 0.606138 0.668131 0.495099 0.183534 0.365948 0.000112927
AC 202 7.43568 7.43568 7.43498
OP 203 0.594237 0.669763 0.499356 0.169754 0.365866 0.000110102
AC 203 7.02896 7.02896 7.02824
OP 204 0.585666 0.664389 0.491808 0.166706 0.371423 0.000116439
AC 204 6.05337 6.05337 6.05273
OP 205 0.593385 0.665607 0.491493 0.166595 0.368045 0.000115877
AC 205 7.18448 7.18448 7.18379
OP 206 0.576977 0.679581 0.506768 0.16999 0.360357 0.000104685
AC 206 7.46234 7.46234 7.46147
OP 207 0.597441 0.660425 0.485728 0.171077 0.370651 0.000120364
AC 207 7.01987 7.01987 7.01922
OP 208 0.594621 0.659032 0.491777 0.164987 0.37032 0.000116342
AC 208 6.0375 6.0375 6.03687
OP 209 0.589656 0.648877 0.475141 0.165832 0.376537 0.000128863
AC 209 6.26802 6.26802 6.26751
OP 210 0.597917 0.670726 0.501731 0.178962 0.366178 0.000109214
AC 210 6.90421 6.90421 6.90346
OP 211 0.595508 0.656872 0.484656 0.172931 0.370715 0.00012171
AC 211 6.21874 6.21874 6.21817
OP 212 0.592016 0.655966 0.486482 0.170151 0.371004 0.000120021
AC 212 5.65225 5.65225 5.65167
OP 213 0.580602 0.662816 0.489635 0.159158 0.374513 0.000117715
AC 213 6.25794 6.25794 6.25729
OP 214 0.582941 0.670158 0.500553 0.173167 0.363634 0.000109642
AC 214 6.8931 6.8931 6.89234
OP 215 0.598668 0.663347 0.496132 0.177516 0.367225 0.000113164
AC 215 6.07587 6.07587 6.07523
OP 216 0.594857 0.666414 0.494963 0.174496 0.368236 0.000113757
AC 216 6.6393 6.6393 6.63861
OP 217 0.601208 0.65402 0.474976 0.163754 0.375908 0.000128557
AC 217 6.41007 6.41007 6.40953
OP 218 0.587707 0.671271 0.502549 0.173996 0.364632 0.000108878
AC 218 7.47874 7.47874 7.47798
OP 219 0.59181 0.671928 0.50248 0.165053 0.364974 0.00010852
AC 219 6.97001 6.97001 6.96922
OP 220 0.574335 0.669646 0.49894 0.169178 0.366181 0.000110537
AC 220 7.22569 7.22569 7.22494
OP 221 0.595881 0.684873 0.501496 0.177474 0.362603 0.0001079
AC 221 7.7109 7.7109 7.71004
OP 222 0.590253 0.673814 0.49765 0.174916 0.366292 0.0001115
AC 222 6.63372 6.63372 6.63301
OP 223 0.589465 0.658529 0.491123 0.166625 0.369977 0.000116864
AC 223 6.30369 6.30369 6.30305
OP 224 0.596702 0.666594 0.489907 0.180306 0.369757 0.000117411
AC 224 7.22262 7.22262 7.22196
OP 225 0.594879 0.653777 0.478775 0.163262 0.372256 0.000125706
AC 225 5.91227 5.91227 5.91173
OP 226 0.587398 0.669095 0.502318 0.173271 0.363913 0.000108264
AC 226 6.72195 6.72195 6.72117
OP 227 0.587417 0.671215 0.498453 0.168081 0.367823 0.000110866
AC 227 7.0438 7.0438 7.04299
OP 228 0.586065 0.66938 0.490016 0.170905 0.368267 0.000117039
AC 228 6.68739 6.68739 6.68671
OP 229 0.590567 0.65812 0.491733 0.172017 0.372704 0.000116839
AC 229 6.62912 6.62912 6.62852
OP 230 0.590605 0.66713 0.500697 0.175239 0.36484 0.000109844
AC 230 6.24357 6.24357 6.24284
OP 231 0.579681 0.687626 0.499169 0.170148 0.363878 0.000109375
AC 231 8.62326 8.62326 8.62235
OP 232 0.592871 0.673914 0.49636 0.176344 0.368427 0.000112556
AC 232 7.45112 7.45112 7.45036
OP 233 0.593099 0.65991 0.47337 0.16418 0.376619 0.000129183
AC 233 6.94753 6.94753 6.94694
OP 234 0.57874 0.669132 0.484305 0.162931 0.372125 0.000121076
AC 234 7.36423 7.36423 7.36354
OP 235 0.597787 0.666503 0.492086 0.1768 0.368809 0.000115421
AC 235 7.33339 7.33339 7.3327
OP 236 0.580805 0.668933 0.485176 0.163931 0.372604 0.000121029
AC 236 7.44459 7.44459 7.44396
OP 237 0.597878 0.6715 0.489494 0.175694 0.367824 0.000116911
AC 237 7.44695 7.44695 7.44624
OP 238 0.584989 0.660508 0.487368 0.165749 0.372532 0.00011951
AC 238 6.79907 6.79907 6.79848
OP 239 0.590718 0.662067 0.492133 0.161726 0.369229 0.000116022
AC 239 6.92257 6.92257 6.92191
OP 240 0.57805 0.667414 0.49338 0.162654 0.366981 0.000114604
AC 240 6.5177 6.5177 6.51698
OP 241 0.580841 0.666718 0.499259 0.168675 0.365816 0.000110083
AC 241 6.38183 6.38183 6.38106
OP 242 0.561299 0.670238 0.491983 0.158383 0.367779 0.000115344
AC 242 6.58995 6.58995 6.58926
OP 243 0.574273 0.675497 0.494608 0.166591 0.367634 0.000113374
AC 243 7.53212 7.53212 7.53137
OP 244 0.590396 0.665019 0.502569 0.168276 0.365896 0.000108657
AC 244 5.88186 5.88186 5.88119
OP 245 0.582598 0.666628 0.496189 0.170289 0.368249 0.000112703
AC 245 6.41032 6.41032 6.40967
OP 246 0.580355 0.664573 0.498184 0.166577 0.36626 0.00011149
AC 246 6.32342 6.32342 6.32273
OP 247 0.588987 0.671016 0.490593 0.164539 0.369887 0.000116355
AC 247 7.05167 7.05167 7.05095
OP 248 0.608134 0.662042 0.489735 0.173443 0.369276 0.000117571
AC 248 7.01925 7.01925 7.01861
OP 249 0.588469 0.663367 0.492113 0.167007 0.37011 0.000116141
AC 249 6.57571 6.57571 6.57507
OP 250 0.577031 0.693161 0.49977 0.17291 0.364208 0.000108581
AC 250 8.72401 8.72401 8.72301
OP 251 0.577785 0.671504 0.50165 0.171201 0.364135 0.000108911
AC 251 7.61002 7.61002 7.60922
OP 252 0.591298 0.667511 0.484792 0.173094 0.371816 0.000120953
AC 252 7.0644 7.0644 7.06378
OP 253 0.562986 0.665446 0.48531 0.156206 0.373836 0.000120651
AC 253 6.69784 6.69784 6.69721
OP 254 0.597857 0.659724 0.491331 0.169852 0.373501 0.000117526
AC 254 6.38619 6.38619 6.38558
OP 255 0.577686 0.658341 0.486873 0.17095 0.37279 0.000120589
AC 255 5.68829 5.68829 5.68773
OP 256 0.578475 0.670213 0.502405 0.169703 0.366608 0.000108446
AC 256 6.51168 6.51168 6.51094
OP 257 0.579632 0.673786 0.493229 0.165372 0.368218 0.000114324
AC 257 6.84417 6.84417 6.84342
OP 258 0.584202 0.668159 0.498973 0.165575 0.366328 0.000110798
AC 258 6.76251 6.76251 6.76175
OP 259 0.57947 0.673616 0.496621 0.166793 0.366403 0.000111857
AC 259 7.43988 7.43988 7.4391
OP 260 0.581161 0.677764 0.491274 0.169799 0.369025 0.000115457
AC 260 8.19016 8.19016 8.18941
OP 261 0.589461 0.659668 0.484847 0.164273 0.373288 0.000121304
AC 261 5.84605 5.84605 5.84548
OP 262 0.5952 0.668827 0.50226 0.177774 0.36478 0.000108476
AC 262 6.40024 6.40024 6.39949
OP 263 0.601173 0.649306 0.477762 0.168041 0.37264 0.000126984
AC 263 5.73445 5.73445 5.73393
OP 264 0.581924 0.661717 0.487535 0.163284 0.372814 0.000119513
AC 264 6.29931 6.29931 6.29874
OP 265 0.593129 0.665953 0.495834 0.171453 0.365756 0.000113208
AC 265 6.46274 6.46274 6.46205
OP 266 0.597331 0.671119 0.496555 0.169756 0.365892 0.000112343
AC 266 7.38272 7.38272 7.38197
OP 267 0.583981 0.657822 0.491251 0.158139 0.367642 0.000117325
AC 267 5.28918 5.28918 5.28856
OP 268 0.586345 0.672287 0.493171 0.166193 0.367061 0.000114649
AC 268 8.07092 8.07092 8.0701
OP 269 0.59535 0.668166 0.490434 0.168751 0.36884 0.000116583
AC 269 7.27782 7.27782 7.27715
OP 270 0.572183 0.657417 0.482463 0.155654 0.374078 0.000123122
AC 270 5.38092 5.38092 5.38033
OP 271 0.583656 0.665839 0.484895 0.172606 0.372799 0.00012059
AC 271 7.72546 7.72546 7.72479
OP 272 0.583179 0.675762 0.491727 0.162956 0.367894 0.000115389
AC 272 7.53852 7.53852 7.53778
OP 273 0.581183 0.664046 0.491645 0.17107 0.368918 0.000115939
AC 273 6.93256 6.93256 6.93188
OP 274 0.582408 0.66629 0.493045 0.165484 0.370981 0.000115182
AC 274 6.70041 6.70041 6.69975
OP 275 0.605031 0.677669 0.502454 0.18562 0.362655 0.000107978
AC 275 7.08438 7.08438 7.08362
OP 276 0.594666 0.67075 0.49317 0.179449 0.368088 0.000114453
AC 276 7.32725 7.32725 7.32651
OP 277 0.588201 0.672043 0.486682 0.169026 0.369943 0.000119152
AC 277 7.71539 7.71539 7.7147
OP 278 0.58849 0.664215 0.490731 0.165277 0.369623 0.00011702
AC 278 6.63365 6.63365 6.63299
OP 279 0.590729 0.668714 0.493493 0.16605 0.368546 0.000114533
AC 279 7.28131 7.28131 7.28057
OP 280 0.586402 0.674375 0.503699 0.172235 0.36373 0.000107695
AC 280 7.03112 7.03112 7.03034
OP 281 0.587369 0.659781 0.499237 0.169627 0.366661 0.000111911
AC 281 5.84847 5.84847 5.84783
OP 282 0.576939 0.669946 0.489181 0.164433 0.371861 0.000117818
AC 282 7.13681 7.13681 7.13608
OP 283 0.583659 0.669566 0.492441 0.171084 0.366234 0.000115462
AC 283 7.29001 7.29001 7.28934
OP 284 0.593867 0.663904 0.495488 0.16911 0.366039 0.000113201
AC 284 6.36964 6.36964 6.36896
OP 285 0.576709 0.686715 0.498954 0.170035 0.364806 0.000109683
AC 285 8.31481 8.31481 8.3139
OP 286 0.591608 0.666099 0.495103 0.172669 0.366293 0.000113501
AC 286 6.76116 6.76116 6.76048
OP 287 0.605129 0.673406 0.499712 0.178807 0.364895 0.000110144
AC 287 7.26031 7.26031 7.25954
OP 288 0.576001 0.677403 0.498753 0.16305 0.365283 0.000110387
AC 288 7.36138 7.36138 7.36055
OP 289 0.585938 0.680967 0.498251 0.171891 0.36692 0.000110532
AC 289 8.06919 8.06919 8.06836
OP 290 0.578562 0.657049 0.479773 0.159903 0.374102 0.000125099
AC 290 6.4839 6.4839 6.48335
OP 291 0.579939 0.647917 0.486117 0.159375 0.372168 0.000121747
AC 291 5.18859 5.18859 5.18809
OP 292 0.584412 0.683785 0.494222 0.173206 0.365762 0.000113163
AC 292 8.24291 8.24291 8.2421
OP 293 0.582473 0.654138 0.483744 0.154424 0.373709 0.000122745
AC 293 5.54033 5.54033 5.53977
OP 294 0.606207 0.662559 0.492737 0.179166 0.368252 0.000115387
AC 294 6.81091 6.81091 6.81024
OP 295 0.576449 0.6528 0.488982 0.161273 0.370979 0.000118786
AC 295 4.5549 4.5549 4.55436
OP 296 0.594621 0.674725 0.493592 0.173557 0.367655 0.000114593
AC 296 7.50707 7.50707 7.50633
OP 297 0.600949 0.662981 0.495837 0.166458 0.36571 0.000113037
AC 297 6.7251 6.7251 6.72441
OP 298 0.576659 0.670757 0.499846 0.159007 0.366968 0.000110272
AC 298 6.14813 6.14813 6.14739
OP 299 0.58429 0.667545 0.495879 0.170624 0.366068 0.000113479
AC 299 7.05911 7.05911 7.05843
