OP 0 0.659686 0.767857 0.581703 0.16171 0.440592 0.000119061
AC 0 8.73347 8.73347 8.73238
OP 1 0.642789 0.771621 0.590221 0.14699 0.43754 0.000112197
AC 1 6.80439 6.80439 6.80318
OP 2 0.641828 0.769371 0.580795 0.143721 0.440925 0.000119205
AC 2 6.52747 6.52747 6.52635
OP 3 0.643411 0.76663 0.59146 0.146331 0.435736 0.00011216
AC 3 6.69254 6.69254 6.69131
OP 4 0.653074 0.764199 0.574632 0.15654 0.443733 0.000123691
AC 4 8.45297 8.45297 8.45198
OP 5 0.646395 0.771049 0.579697 0.156031 0.439712 0.000119361
AC 5 8.46928 8.46928 8.46819
OP 6 0.650496 0.768257 0.577175 0.151609 0.443666 0.000121329
AC 6 6.50729 6.50729 6.50621
OP 7 0.637442 0.765967 0.58461 0.150725 0.440842 0.000116837
AC 7 7.17006 7.17006 7.169
OP 8 0.658681 0.773891 0.584656 0.160675 0.43639 0.000115929
AC 8 7.71246 7.71246 7.71136
OP 9 0.647492 0.778184 0.59053 0.159637 0.436153 0.000112024
AC 9 8.17765 8.17765 8.17635
OP 10 0.645432 0.763268 0.572077 0.154705 0.445402 0.000125839
AC 10 7.86351 7.86351 7.86253
OP 11 0.628659 0.776974 0.582368 0.15402 0.441339 0.000117559
AC 11 7.20956 7.20956 7.2084
OP 12 0.625008 0.760073 0.568441 0.137741 0.447784 0.000128835
AC 12 6.2531 6.2531 6.2522
OP 13 0.631877 0.780718 0.584938 0.157777 0.439099 0.000115516
AC 13 8.90613 8.90613 8.90479
OP 14 0.655832 0.777753 0.589538 0.157401 0.437969 0.000112876
AC 14 8.41916 8.41916 8.41784
OP 15 0.639785 0.770815 0.580631 0.143598 0.442779 0.000119614
AC 15 7.96576 7.96576 7.96472
OP 16 0.639415 0.751935 0.581209 0.151116 0.441031 0.000120323
AC 16 6.31018 6.31018 6.30929
OP 17 0.637303 0.765666 0.575328 0.152653 0.446124 0.000122732
AC 17 8.72113 8.72113 8.72012
OP 18 0.642007 0.764875 0.575385 0.146919 0.44369 0.000123821
AC 18 8.23972 8.23972 8.23869
OP 19 0.649955 0.762647 0.595318 0.15011 0.435824 0.000109693
AC 19 6.57837 6.57837 6.57732
OP 20 0.650922 0.777549 0.583791 0.163193 0.440795 0.000116949
AC 20 9.24885 9.24885 9.24764
OP 21 0.635947 0.776084 0.582727 0.148412 0.440728 0.00011725
AC 21 7.63814 7.63814 7.63699
OP 22 0.640958 0.769202 0.584707 0.160523 0.440019 0.000116126
AC 22 7.68882 7.68882 7.68771
OP 23 0.656391 0.75685 0.576179 0.159607 0.441783 0.000123203
AC 23 8.60985 8.60985 8.6089
OP 24 0.675258 0.76741 0.585548 0.166847 0.441864 0.000116022
AC 24 8.59335 8.59335 8.59219
OP 25 0.644669 0.764942 0.56737 0.154669 0.445599 0.000129344
AC 25 9.1062 9.1062 9.10524
OP 26 0.665246 0.767368 0.590884 0.165143 0.436085 0.000112193
AC 26 7.78355 7.78355 7.78235
OP 27 0.640038 0.76862 0.587735 0.150462 0.436535 0.000114848
AC 27 7.32502 7.32502 7.32395
OP 28 0.650131 0.76026 0.572995 0.149829 0.445374 0.00012598
AC 28 7.66011 7.66011 7.65914
OP 29 0.651098 0.785271 0.587609 0.155925 0.435203 0.00011343
AC 29 8.82501 8.82501 8.82354
OP 30 0.647655 0.77515 0.586698 0.160306 0.440373 0.000114962
AC 30 8.50959 8.50959 8.50843
OP 31 0.660067 0.762976 0.585383 0.162357 0.439639 0.000116462
AC 31 7.79247 7.79247 7.79139
OP 32 0.653708 0.769611 0.576901 0.161183 0.443492 0.000121275
AC 32 8.68215 8.68215 8.68103
OP 33 0.650151 0.780789 0.591552 0.161744 0.434761 0.000111455
AC 33 9.33433 9.33433 9.33302
OP 34 0.630399 0.769038 0.5803 0.156017 0.441727 0.00011956
AC 34 8.80453 8.80453 8.80338
OP 35 0.65864 0.760771 0.586328 0.158037 0.437127 0.000116689
AC 35 5.9419 5.9419 5.94094
OP 36 0.641446 0.775991 0.586627 0.152296 0.439058 0.000114717
AC 36 7.49146 7.49146 7.49027
OP 37 0.651263 0.774124 0.576044 0.156276 0.442352 0.00012228
AC 37 8.52079 8.52079 8.51961
OP 38 0.651972 0.760767 0.573069 0.148183 0.445748 0.000125228
AC 38 7.05128 7.05128 7.05028
OP 39 0.662621 0.757946 0.577722 0.15747 0.439424 0.00012162
AC 39 7.93096 7.93096 7.92995
OP 40 0.648621 0.779798 0.590389 0.158104 0.436408 0.000112679
AC 40 8.99918 8.99918 8.99795
OP 41 0.65281 0.778689 0.584526 0.161421 0.436748 0.000115983
AC 41 9.60235 9.60235 9.60108
OP 42 0.66106 0.762963 0.572994 0.159666 0.445563 0.000124251
AC 42 8.25571 8.25571 8.25463
OP 43 0.638953 0.770912 0.575926 0.148574 0.443584 0.000122631
AC 43 7.64426 7.64426 7.64322
OP 44 0.656439 0.771874 0.576067 0.152356 0.443605 0.000122338
AC 44 9.342 9.342 9.3409
OP 45 0.642383 0.770041 0.580232 0.151782 0.443998 0.000119666
AC 45 8.3898 8.3898 8.3887
OP 46 0.656241 0.778551 0.581966 0.159393 0.43912 0.000117773
AC 46 9.47679 9.47679 9.47538
OP 47 0.650507 0.768432 0.577549 0.160752 0.443463 0.000121826
AC 47 8.81418 8.81418 8.81314
OP 48 0.648127 0.762123 0.584764 0.157617 0.438079 0.000116641
AC 48 7.22584 7.22584 7.22482
OP 49 0.645 0.770218 0.592569 0.159031 0.438234 0.000111372
AC 49 7.4377 7.4377 7.43648
OP 50 0.64725 0.768 0.584847 0.156533 0.438779 0.000116583
AC 50 7.36025 7.36025 7.35915
OP 51 0.649772 0.759769 0.578628 0.148887 0.441661 0.000121082
AC 51 6.83106 6.83106 6.83005
OP 52 0.638979 0.76928 0.581071 0.155155 0.440664 0.000118856
AC 52 8.01068 8.01068 8.00954
OP 53 0.653802 0.762791 0.574526 0.15308 0.442865 0.000124156
AC 53 7.2738 7.2738 7.27282
OP 54 0.644421 0.772371 0.595627 0.161535 0.435141 0.000109015
AC 54 7.42115 7.42115 7.41995
OP 55 0.640674 0.768707 0.57645 0.154864 0.44315 0.000121992
AC 55 8.82613 8.82613 8.82513
OP 56 0.652504 0.772936 0.573986 0.161973 0.447016 0.0001237
AC 56 10.0107 10.0107 10.0096
OP 57 0.650205 0.768947 0.581047 0.158329 0.44233 0.000119021
AC 57 8.17773 8.17773 8.17665
OP 58 0.655816 0.7719 0.571276 0.152292 0.444272 0.000125307
AC 58 7.93777 7.93777 7.93669
OP 59 0.640783 0.762846 0.589407 0.150686 0.43745 0.000113287
AC 59 6.80776 6.80776 6.8066
OP 60 0.657172 0.763012 0.587245 0.153892 0.437231 0.000115809
AC 60 8.53535 8.53535 8.53426
OP 61 0.636771 0.763969 0.578336 0.146663 0.441734 0.000121486
AC 61 6.93645 6.93645 6.93545
OP 62 0.647509 0.769274 0.577075 0.151063 0.443304 0.000121784
AC 62 8.16202 8.16202 8.16092
OP 63 0.652425 0.768 0.580668 0.157908 0.43938 0.000119156
AC 63 7.82575 7.82575 7.82459
OP 64 0.646849 0.776917 0.593358 0.155652 0.436682 0.000109945
AC 64 8.61698 8.61698 8.61572
OP 65 0.646228 0.769228 0.590603 0.152998 0.437538 0.000112841
AC 65 6.3841 6.3841 6.38297
OP 66 0.664013 0.761005 0.576258 0.15948 0.442093 0.000122562
AC 66 8.52585 8.52585 8.52486
OP 67 0.669025 0.765425 0.573196 0.169411 0.444866 0.000124098
AC 67 8.98104 8.98104 8.97997
OP 68 0.634242 0.765681 0.579583 0.143124 0.441795 0.000119849
AC 68 7.18377 7.18377 7.18266
OP 69 0.66278 0.776218 0.581835 0.161206 0.441589 0.000118314
AC 69 9.14853 9.14853 9.14736
OP 70 0.651271 0.767248 0.57833 0.160904 0.442945 0.000121024
AC 70 7.64574 7.64574 7.64472
OP 71 0.656041 0.754277 0.571459 0.152921 0.443186 0.000127046
AC 71 8.6543 8.6543 8.65337
OP 72 0.644272 0.763501 0.580499 0.146276 0.44028 0.000119941
AC 72 5.62837 5.62837 5.6274
OP 73 0.626672 0.765294 0.574566 0.147165 0.443995 0.000123517
AC 73 7.0249 7.0249 7.02383
OP 74 0.634364 0.771616 0.574136 0.14915 0.444291 0.000123959
AC 74 8.11642 8.11642 8.11532
OP 75 0.646358 0.758714 0.575108 0.154203 0.442713 0.000123687
AC 75 8.1256 8.1256 8.12464
OP 76 0.651934 0.780459 0.58598 0.161869 0.438998 0.000114928
AC 76 9.15027 9.15027 9.14899
OP 77 0.657336 0.755224 0.583167 0.153053 0.43925 0.000119122
AC 77 6.51595 6.51595 6.51506
OP 78 0.653241 0.772739 0.575402 0.162323 0.440541 0.000122229
AC 78 9.24302 9.24302 9.24192
OP 79 0.642589 0.760635 0.588975 0.1467 0.438358 0.00011458
AC 79 5.86335 5.86335 5.86231
OP 80 0.652915 0.755994 0.576531 0.153603 0.443019 0.000122829
AC 80 6.99019 6.99019 6.9893
OP 81 0.637214 0.778242 0.589618 0.157432 0.437182 0.00011283
AC 81 9.11715 9.11715 9.11583
OP 82 0.647442 0.771935 0.579525 0.156223 0.440178 0.000120238
AC 82 8.48434 8.48434 8.48323
OP 83 0.649809 0.775906 0.586774 0.160183 0.439487 0.000114778
AC 83 8.77943 8.77943 8.77825
OP 84 0.630965 0.762886 0.582203 0.14372 0.442282 0.000118862
AC 84 5.07924 5.07924 5.07822
OP 85 0.647472 0.757928 0.568165 0.161091 0.446468 0.000128731
AC 85 8.64307 8.64307 8.64214
OP 86 0.643476 0.762396 0.576421 0.15037 0.442543 0.000122953
AC 86 6.05262 6.05262 6.05166
OP 87 0.659212 0.769408 0.579741 0.156982 0.443783 0.000120013
AC 87 8.1946 8.1946 8.19347
OP 88 0.650412 0.771405 0.574541 0.153974 0.443322 0.000123468
AC 88 8.52443 8.52443 8.52326
OP 89 0.657727 0.757876 0.58592 0.164299 0.440742 0.000116941
AC 89 6.8021 6.8021 6.80117
OP 90 0.643681 0.769601 0.578948 0.149904 0.442575 0.000120499
AC 90 8.06114 8.06114 8.06003
OP 91 0.64694 0.771444 0.579373 0.151955 0.441162 0.000119617
AC 91 8.46756 8.46756 8.46637
OP 92 0.635699 0.780974 0.591164 0.16375 0.440194 0.000111299
AC 92 8.90602 8.90602 8.90482
OP 93 0.647412 0.756198 0.572712 0.148132 0.443408 0.000125476
AC 93 7.71498 7.71498 7.714
OP 94 0.639543 0.773063 0.579217 0.15604 0.441504 0.000119349
AC 94 7.91644 7.91644 7.91522
OP 95 0.655091 0.782082 0.589918 0.160141 0.43465 0.000112004
AC 95 9.29492 9.29492 9.2935
OP 96 0.654516 0.769313 0.570498 0.16171 0.445217 0.000126134
AC 96 8.89069 8.89069 8.88963
OP 97 0.638855 0.772519 0.580231 0.145545 0.44268 0.000119686
AC 97 8.48732 8.48732 8.48617
OP 98 0.650331 0.778489 0.58832 0.162298 0.437753 0.000113336
AC 98 8.84527 8.84527 8.84391
OP 99 0.643093 0.762372 0.574299 0.155338 0.444558 0.000124388
AC 99 6.83637 6.83637 6.8354
OP 100 0.65065 0.768841 0.580063 0.160091 0.439097 0.000119942
AC 100 7.43021 7.43021 7.42921
OP 101 0.656792 0.762943 0.570485 0.163154 0.446789 0.000126615
AC 101 8.14533 8.14533 8.14435
OP 102 0.652416 0.767724 0.586061 0.161944 0.438741 0.000115447
AC 102 8.23841 8.23841 8.23736
OP 103 0.645286 0.773123 0.580835 0.162658 0.439439 0.000119218
AC 103 8.41931 8.41931 8.41812
OP 104 0.650689 0.765567 0.582094 0.160279 0.439081 0.000118327
AC 104 7.61944 7.61944 7.61848
OP 105 0.644229 0.752191 0.58018 0.142822 0.441188 0.00012117
AC 105 4.16826 4.16826 4.16736
OP 106 0.643913 0.769834 0.585157 0.157028 0.43721 0.000115757
AC 106 8.56166 8.56166 8.56041
OP 107 0.65422 0.769649 0.579821 0.16067 0.442181 0.000119716
AC 107 8.1405 8.1405 8.13932
OP 108 0.648694 0.754619 0.584797 0.145305 0.441735 0.000118047
AC 108 4.38041 4.38041 4.37946
OP 109 0.643135 0.776521 0.589691 0.158311 0.437179 0.000112847
AC 109 9.1318 9.1318 9.13054
OP 110 0.650848 0.759474 0.568981 0.150353 0.446138 0.000128274
AC 110 7.9713 7.9713 7.97036
OP 111 0.654314 0.767202 0.579026 0.164674 0.440481 0.000120862
AC 111 8.79441 8.79441 8.79339
OP 112 0.633293 0.764692 0.579134 0.144337 0.440599 0.00012117
AC 112 7.0705 7.0705 7.06947
OP 113 0.634554 0.762135 0.575699 0.147724 0.444006 0.000123802
AC 113 6.20362 6.20362 6.2027
OP 114 0.640064 0.771276 0.581411 0.148559 0.441749 0.000118852
AC 114 7.95648 7.95648 7.95533
OP 115 0.650833 0.762213 0.575984 0.146199 0.441029 0.000123615
AC 115 8.67552 8.67552 8.67452
OP 116 0.653096 0.770225 0.57562 0.149137 0.441773 0.000122331
AC 116 8.49162 8.49162 8.49053
OP 117 0.659922 0.761335 0.569833 0.158589 0.445977 0.000127876
AC 117 6.91113 6.91113 6.91017
OP 118 0.652285 0.770486 0.57624 0.155607 0.443332 0.00012282
AC 118 9.06617 9.06617 9.06505
OP 119 0.652128 0.783039 0.58761 0.155298 0.437906 0.00011383
AC 119 9.50562 9.50562 9.50425
OP 120 0.655287 0.770441 0.582432 0.164393 0.437688 0.000117486
AC 120 7.91622 7.91622 7.91506
OP 121 0.655549 0.75999 0.571793 0.15933 0.443996 0.000125591
AC 121 8.66706 8.66706 8.66602
OP 122 0.64835 0.781422 0.585301 0.15436 0.436854 0.000115042
AC 122 9.33498 9.33498 9.33364
OP 123 0.660757 0.77049 0.574608 0.159366 0.442923 0.000122871
AC 123 8.74663 8.74663 8.74549
OP 124 0.657172 0.769931 0.577442 0.159697 0.438943 0.000121426
AC 124 8.67475 8.67475 8.67361
OP 125 0.64476 0.768837 0.584868 0.151161 0.440118 0.000116017
AC 125 7.27432 7.27432 7.27323
OP 126 0.640003 0.779196 0.581817 0.15728 0.441286 0.00011803
AC 126 9.32405 9.32405 9.32288
OP 127 0.671989 0.74513 0.568184 0.158891 0.447098 0.00012987
AC 127 7.94828 7.94828 7.9475
OP 128 0.646557 0.766935 0.586048 0.155725 0.439488 0.000115926
AC 128 7.2883 7.2883 7.2872
OP 129 0.642272 0.770867 0.57657 0.157683 0.441649 0.000122394
AC 129 8.08796 8.08796 8.0869
OP 130 0.64659 0.775342 0.588564 0.155686 0.435821 0.000113191
AC 130 8.60544 8.60544 8.60411
OP 131 0.653889 0.768252 0.577933 0.154862 0.439939 0.00012097
AC 131 8.37544 8.37544 8.37434
OP 132 0.648808 0.772827 0.58145 0.157749 0.44062 0.000118977
AC 132 9.29448 9.29448 9.2933
OP 133 0.640669 0.773679 0.581125 0.151744 0.439271 0.000118634
AC 133 7.60751 7.60751 7.60626
OP 134 0.635532 0.767206 0.585831 0.148556 0.438993 0.000115503
AC 134 7.16806 7.16806 7.16695
OP 135 0.646645 0.76634 0.582355 0.147257 0.440339 0.00011866
AC 135 4.59504 4.59504 4.59395
OP 136 0.656662 0.763186 0.576095 0.160232 0.441329 0.000122792
AC 136 7.95412 7.95412 7.95315
OP 137 0.652802 0.757945 0.580355 0.143967 0.443324 0.000120549
AC 137 6.61949 6.61949 6.61852
OP 138 0.644664 0.768505 0.582142 0.157327 0.439249 0.000117949
AC 138 6.60749 6.60749 6.60645
OP 139 0.645859 0.768129 0.575895 0.156544 0.441505 0.00012247
AC 139 7.8518 7.8518 7.85069
OP 140 0.646367 0.766914 0.577476 0.15103 0.442672 0.000121915
AC 140 7.69252 7.69252 7.69151
OP 141 0.65873 0.76568 0.586861 0.156158 0.436189 0.000114835
AC 141 8.14848 8.14848 8.14742
OP 142 0.660256 0.770588 0.577919 0.155668 0.44231 0.000120908
AC 142 9.5632 9.5632 9.56206
OP 143 0.655317 0.764689 0.576409 0.158618 0.443866 0.000122851
AC 143 9.19349 9.19349 9.19247
OP 144 0.667375 0.755568 0.581049 0.160126 0.441974 0.000119569
AC 144 7.48342 7.48342 7.4825
OP 145 0.653603 0.769517 0.582112 0.156819 0.440452 0.000118767
AC 145 9.50948 9.50948 9.50828
OP 146 0.652059 0.773016 0.577552 0.160493 0.44228 0.00012092
AC 146 8.78756 8.78756 8.78644
OP 147 0.646936 0.759615 0.574953 0.148392 0.444848 0.000124033
AC 147 6.38537 6.38537 6.38446
OP 148 0.639949 0.773441 0.576922 0.153424 0.444568 0.000122163
AC 148 8.11869 8.11869 8.11759
OP 149 0.65418 0.75443 0.564761 0.157377 0.449004 0.000132088
AC 149 7.89526 7.89526 7.89442
OP 150 0.631468 0.773192 0.588793 0.148977 0.438999 0.000113447
AC 150 7.13258 7.13258 7.13142
OP 151 0.661344 0.750629 0.566237 0.151365 0.447303 0.000131023
AC 151 7.521 7.521 7.52016
OP 152 0.646938 0.760546 0.580314 0.152407 0.442384 0.000120264
AC 152 7.87071 7.87071 7.86972
OP 153 0.65679 0.772579 0.578468 0.153819 0.442231 0.000120734
AC 153 8.42306 8.42306 8.42198
OP 154 0.649269 0.766287 0.57296 0.155051 0.442437 0.00012569
AC 154 7.8811 7.8811 7.88012
OP 155 0.652411 0.766106 0.577724 0.161354 0.441501 0.000121872
AC 155 7.81057 7.81057 7.80957
OP 156 0.652426 0.758071 0.574528 0.15672 0.444034 0.000124185
AC 156 7.22197 7.22197 7.22101
OP 157 0.653857 0.778984 0.591895 0.164973 0.438018 0.000111031
AC 157 9.80076 9.80076 9.79933
OP 158 0.660401 0.777945 0.57833 0.160826 0.443106 0.000120111
AC 158 8.17615 8.17615 8.17493
OP 159 0.638111 0.769569 0.581068 0.153332 0.442307 0.000118729
AC 159 7.76287 7.76287 7.76171
OP 160 0.644574 0.778264 0.594904 0.160026 0.436078 0.000108596
AC 160 8.70158 8.70158 8.70026
OP 161 0.650184 0.778423 0.588471 0.158719 0.440007 0.000113219
AC 161 8.76386 8.76386 8.76243
OP 162 0.651221 0.762583 0.578683 0.154682 0.442559 0.000121027
AC 162 8.36873 8.36873 8.36769
OP 163 0.636105 0.766334 0.585845 0.147679 0.439887 0.000115681
AC 163 6.95969 6.95969 6.95859
OP 164 0.646016 0.769745 0.577401 0.158435 0.442677 0.000121975
AC 164 8.5463 8.5463 8.54526
OP 165 0.65432 0.760038 0.571853 0.148092 0.445404 0.000125643
AC 165 7.70125 7.70125 7.70022
OP 166 0.651954 0.758698 0.575522 0.155905 0.444207 0.000124301
AC 166 7.01868 7.01868 7.01775
OP 167 0.640916 0.755316 0.571981 0.144549 0.444309 0.000127042
AC 167 6.33837 6.33837 6.33751
OP 168 0.648237 0.767612 0.576341 0.149766 0.441326 0.000122028
AC 168 7.38329 7.38329 7.38222
OP 169 0.655314 0.769069 0.57955 0.160834 0.441175 0.000119759
AC 169 8.19518 8.19518 8.19412
OP 170 0.65498 0.760945 0.569254 0.156386 0.444956 0.000127464
AC 170 8.85432 8.85432 8.85337
OP 171 0.647827 0.761167 0.581799 0.154865 0.439085 0.000118948
AC 171 8.28947 8.28947 8.28845
OP 172 0.637208 0.775491 0.591246 0.155101 0.436581 0.000111268
AC 172 8.57952 8.57952 8.57831
OP 173 0.639919 0.770589 0.579726 0.146556 0.440499 0.0001192
AC 173 7.78044 7.78044 7.77932
OP 174 0.664301 0.780708 0.589571 0.165471 0.433674 0.000112029
AC 174 9.61039 9.61039 9.60895
OP 175 0.63647 0.773769 0.581069 0.154063 0.441367 0.000118533
AC 175 7.94511 7.94511 7.94392
OP 176 0.657829 0.769967 0.583765 0.15781 0.439671 0.00011686
AC 176 8.27717 8.27717 8.27599
OP 177 0.645948 0.778293 0.586094 0.158114 0.438722 0.000114979
AC 177 8.89716 8.89716 8.89582
OP 178 0.645304 0.769724 0.584248 0.146497 0.440308 0.000116431
AC 178 8.81963 8.81963 8.81836
OP 179 0.665089 0.77493 0.586152 0.16114 0.437574 0.000115178
AC 179 9.20597 9.20597 9.20473
OP 180 0.641482 0.762316 0.587873 0.154731 0.43908 0.00011456
AC 180 7.7862 7.7862 7.7851
OP 181 0.647616 0.781024 0.586647 0.164708 0.438072 0.000114351
AC 181 9.50699 9.50699 9.5057
OP 182 0.634354 0.760703 0.580446 0.151966 0.439669 0.000120082
AC 182 6.94557 6.94557 6.94455
OP 183 0.632774 0.764183 0.571071 0.147828 0.446724 0.000126909
AC 183 6.90737 6.90737 6.90638
OP 184 0.650207 0.767611 0.582307 0.153938 0.441575 0.000118493
AC 184 7.74839 7.74839 7.74726
OP 185 0.638208 0.765628 0.578239 0.155734 0.440342 0.00012089
AC 185 7.6217 7.6217 7.62067
OP 186 0.655742 0.753236 0.587333 0.158852 0.435471 0.000115796
AC 186 6.76405 6.76405 6.7631
OP 187 0.661437 0.758859 0.576874 0.158401 0.441799 0.000122832
AC 187 7.90194 7.90194 7.90096
OP 188 0.64144 0.771304 0.591839 0.147712 0.434709 0.000111392
AC 188 8.1979 8.1979 8.19666
OP 189 0.646241 0.768701 0.583089 0.156262 0.440711 0.000118223
AC 189 8.22958 8.22958 8.22842
OP 190 0.63862 0.768627 0.572945 0.153505 0.441731 0.000124791
AC 190 8.50066 8.50066 8.49964
OP 191 0.654851 0.765095 0.579908 0.157543 0.440071 0.000119867
AC 191 8.53425 8.53425 8.53315
OP 192 0.655073 0.776413 0.580278 0.158887 0.439084 0.000118996
AC 192 8.16008 8.16008 8.15888
OP 193 0.646378 0.783784 0.594249 0.162522 0.432013 0.000108668
AC 193 9.45584 9.45584 9.45432
OP 194 0.654173 0.772262 0.592422 0.153804 0.435248 0.000111314
AC 194 8.00678 8.00678 8.00551
OP 195 0.637394 0.77994 0.587807 0.151083 0.43674 0.00011349
AC 195 8.59603 8.59603 8.59464
OP 196 0.619993 0.753387 0.571994 0.133091 0.444871 0.000127309
AC 196 4.03083 4.03083 4.03001
OP 197 0.636339 0.760513 0.584601 0.14928 0.441198 0.000117649
AC 197 6.01 6.01 6.00902
OP 198 0.644501 0.755972 0.580894 0.150605 0.442482 0.000120476
AC 198 5.20208 5.20208 5.20114
OP 199 0.646631 0.750301 0.58536 0.150462 0.442488 0.000117699
AC 199 4.95024 4.95024 4.94935
OP 200 0.659007 0.764532 0.573778 0.157261 0.443839 0.000124026
AC 200 8.97612 8.97612 8.97516
OP 201 0.646695 0.767736 0.579526 0.159941 0.443944 0.0001202
AC 201 7.16408 7.16408 7.16306
OP 202 0.644645 0.760888 0.58786 0.15276 0.434826 0.00011463
AC 202 6.44158 6.44158 6.44048
OP 203 0.63118 0.774688 0.586795 0.151151 0.439396 0.000115153
AC 203 7.79432 7.79432 7.79312
OP 204 0.653259 0.768597 0.583258 0.165014 0.440137 0.000117787
AC 204 9.24233 9.24233 9.24122
OP 205 0.650805 0.774609 0.574058 0.155136 0.443259 0.000123502
AC 205 8.50399 8.50399 8.50284
OP 206 0.647829 0.771534 0.58531 0.152245 0.43834 0.000115816
AC 206 8.57718 8.57718 8.57601
OP 207 0.643836 0.788081 0.598219 0.168071 0.431854 0.000106168
AC 207 9.51466 9.51466 9.51316
OP 208 0.643553 0.777222 0.588473 0.156648 0.436774 0.000112711
AC 208 8.01976 8.01976 8.01849
OP 209 0.663358 0.764274 0.578489 0.157536 0.441677 0.000121019
AC 209 8.5165 8.5165 8.5154
OP 210 0.655672 0.776021 0.583587 0.158528 0.440963 0.00011653
AC 210 8.65065 8.65065 8.64937
OP 211 0.653669 0.772929 0.588403 0.157415 0.436995 0.000113665
AC 211 6.80925 6.80925 6.80814
OP 212 0.634944 0.767302 0.581778 0.151189 0.440533 0.000118492
AC 212 7.62669 7.62669 7.62553
OP 213 0.637153 0.777837 0.582628 0.145999 0.441095 0.00011741
AC 213 8.00259 8.00259 8.00134
OP 214 0.662826 0.771827 0.580098 0.158919 0.442838 0.000119401
AC 214 8.86757 8.86757 8.86652
OP 215 0.656723 0.772246 0.586238 0.153901 0.435921 0.000115216
AC 215 8.06365 8.06365 8.06246
OP 216 0.645504 0.763413 0.568784 0.150588 0.449162 0.000127816
AC 216 7.96342 7.96342 7.96244
OP 217 0.640743 0.771033 0.591105 0.15824 0.436149 0.000112287
AC 217 7.60778 7.60778 7.60654
OP 218 0.640312 0.771422 0.577668 0.156637 0.440607 0.000121216
AC 218 8.81667 8.81667 8.81559
OP 219 0.641598 0.77486 0.589044 0.150846 0.439147 0.000112721
AC 219 7.5982 7.5982 7.59684
OP 220 0.634933 0.757193 0.579579 0.141527 0.440987 0.000121201
AC 220 6.84089 6.84089 6.83997
OP 221 0.628271 0.785668 0.593304 0.152973 0.435336 0.000109636
AC 221 7.96666 7.96666 7.96521
OP 222 0.649196 0.758192 0.574857 0.148663 0.44335 0.000124259
AC 222 7.26586 7.26586 7.26494
OP 223 0.66181 0.772751 0.584976 0.159829 0.437731 0.00011591
AC 223 8.79565 8.79565 8.79446
OP 224 0.646848 0.775948 0.582022 0.155239 0.439615 0.000117959
AC 224 8.55927 8.55927 8.55806
OP 225 0.655671 0.771637 0.5813 0.163767 0.441912 0.000118367
AC 225 9.05479 9.05479 9.05366
OP 226 0.658325 0.757145 0.571513 0.161368 0.444497 0.000127054
AC 226 6.93064 6.93064 6.92975
OP 227 0.653403 0.750257 0.571486 0.144995 0.444807 0.000127388
AC 227 6.98337 6.98337 6.98255
OP 228 0.660284 0.763146 0.57742 0.15621 0.445262 0.000121538
AC 228 7.29883 7.29883 7.29783
OP 229 0.648368 0.772723 0.576488 0.156239 0.442359 0.00012209
AC 229 9.09348 9.09348 9.09232
OP 230 0.63895 0.765224 0.583473 0.145663 0.441146 0.00011776
AC 230 6.63854 6.63854 6.63756
OP 231 0.634512 0.766116 0.586026 0.148291 0.440436 0.000115788
AC 231 8.51453 8.51453 8.51345
OP 232 0.659649 0.760412 0.580192 0.154714 0.441868 0.000120191
AC 232 8.3659 8.3659 8.36489
OP 233 0.653477 0.75606 0.567925 0.15735 0.443993 0.00012939
AC 233 7.95767 7.95767 7.95675
OP 234 0.650776 0.775695 0.587838 0.159504 0.435973 0.000113173
AC 234 8.55372 8.55372 8.55245
OP 235 0.665514 0.775848 0.587797 0.168335 0.437546 0.000113738
AC 235 9.02934 9.02934 9.02811
OP 236 0.657745 0.761501 0.575777 0.151043 0.443946 0.000122861
AC 236 8.39642 8.39642 8.39535
OP 237 0.646625 0.770166 0.588751 0.150324 0.435587 0.000113643
AC 237 6.53896 6.53896 6.5378
OP 238 0.640156 0.770565 0.573183 0.155018 0.443267 0.00012486
AC 238 8.52924 8.52924 8.52825
OP 239 0.64052 0.776451 0.583996 0.152008 0.437757 0.000116492
AC 239 8.10049 8.10049 8.09935
OP 240 0.652963 0.763064 0.573915 0.153885 0.444252 0.000124045
AC 240 6.74198 6.74198 6.74103
OP 241 0.640486 0.778927 0.587196 0.168133 0.437491 0.000114613
AC 241 9.18167 9.18167 9.18044
OP 242 0.653708 0.769576 0.58083 0.161831 0.438528 0.000119493
AC 242 8.59927 8.59927 8.59814
OP 243 0.651864 0.761153 0.577899 0.157592 0.443103 0.000121766
AC 243 8.44671 8.44671 8.44576
OP 244 0.640999 0.782356 0.578371 0.150572 0.442647 0.000120219
AC 244 9.138 9.138 9.1367
OP 245 0.63941 0.771344 0.584507 0.149336 0.441083 0.000116185
AC 245 7.80664 7.80664 7.80548
OP 246 0.656798 0.757455 0.574905 0.1586 0.442455 0.000123915
AC 246 7.52183 7.52183 7.52091
OP 247 0.642818 0.759381 0.5833 0.151492 0.437493 0.000118567
AC 247 7.41775 7.41775 7.4168
OP 248 0.652608 0.769316 0.578786 0.154526 0.443469 0.000120105
AC 248 7.38393 7.38393 7.38292
OP 249 0.640066 0.762568 0.57961 0.144702 0.441079 0.000120598
AC 249 5.54764 5.54764 5.54664
OP 250 0.643967 0.765649 0.577945 0.156084 0.444117 0.000121141
AC 250 5.96013 5.96013 5.95911
OP 251 0.630804 0.7772 0.571807 0.148453 0.44623 0.000124936
AC 251 9.16984 9.16984 9.16867
OP 252 0.650781 0.767064 0.585259 0.151629 0.441825 0.000116811
AC 252 8.0911 8.0911 8.08997
OP 253 0.653586 0.760589 0.574057 0.15962 0.444511 0.000124406
AC 253 7.42142 7.42142 7.4205
OP 254 0.648901 0.771231 0.576937 0.154888 0.442518 0.000120998
AC 254 7.91402 7.91402 7.91288
OP 255 0.649056 0.772126 0.592226 0.150248 0.435797 0.000110886
AC 255 8.7357 8.7357 8.73435
OP 256 0.659754 0.763877 0.57593 0.156253 0.443726 0.00012339
AC 256 8.00159 8.00159 8.00065
OP 257 0.645008 0.772695 0.583719 0.147771 0.440122 0.000117153
AC 257 8.29454 8.29454 8.29341
OP 258 0.654359 0.766264 0.579228 0.15803 0.442697 0.000120009
AC 258 8.44769 8.44769 8.44661
OP 259 0.650738 0.767829 0.589914 0.155575 0.437144 0.000113166
AC 259 7.15155 7.15155 7.15042
OP 260 0.639555 0.782237 0.58597 0.161939 0.435538 0.000114621
AC 260 8.50378 8.50378 8.50247
OP 261 0.651164 0.76535 0.576123 0.150014 0.443228 0.000122849
AC 261 7.61879 7.61879 7.61774
OP 262 0.633564 0.755591 0.577866 0.137961 0.44046 0.000122143
AC 262 5.61645 5.61645 5.61552
OP 263 0.637637 0.772243 0.584951 0.149923 0.438301 0.000116181
AC 263 7.60072 7.60072 7.59956
OP 264 0.66525 0.775462 0.586938 0.159491 0.434809 0.000114096
AC 264 8.98756 8.98756 8.98625
OP 265 0.641196 0.75659 0.570611 0.146413 0.44559 0.000127254
AC 265 5.93589 5.93589 5.935
OP 266 0.645151 0.77955 0.584569 0.148551 0.437931 0.000115879
AC 266 8.98791 8.98791 8.98657
OP 267 0.667977 0.770965 0.582289 0.164681 0.441118 0.000118344
AC 267 9.30772 9.30772 9.30652
OP 268 0.647457 0.773184 0.581046 0.152784 0.439104 0.000118587
AC 268 8.28673 8.28673 8.2855
OP 269 0.668488 0.772492 0.574732 0.166224 0.443217 0.000122459
AC 269 9.05027 9.05027 9.04908
OP 270 0.645323 0.765863 0.593568 0.150687 0.436272 0.000110801
AC 270 8.1836 8.1836 8.18246
OP 271 0.646085 0.753947 0.5808 0.142929 0.443098 0.000120423
AC 271 4.99654 4.99654 4.99563
OP 272 0.657052 0.767406 0.583035 0.151895 0.442692 0.00011688
AC 272 7.6685 7.6685 7.66732
OP 273 0.637309 0.773218 0.586297 0.148149 0.43763 0.00011493
AC 273 7.1701 7.1701 7.16891
OP 274 0.641668 0.765831 0.578684 0.145703 0.44416 0.000121028
AC 274 8.43048 8.43048 8.42945
OP 275 0.63462 0.77268 0.588033 0.150819 0.438216 0.000114018
AC 275 7.33741 7.33741 7.33622
OP 276 0.663805 0.760134 0.569772 0.154477 0.444678 0.000127564
AC 276 8.46377 8.46377 8.46285
OP 277 0.647311 0.775441 0.579286 0.152927 0.442883 0.000119609
AC 277 8.77127 8.77127 8.77008
OP 278 0.64086 0.770966 0.575715 0.15153 0.44449 0.00012285
AC 278 8.17407 8.17407 8.17308
OP 279 0.646644 0.769881 0.58449 0.151807 0.436669 0.000116283
AC 279 7.33107 7.33107 7.32987
OP 280 0.635679 0.766491 0.579741 0.145445 0.443561 0.000120618
AC 280 8.49155 8.49155 8.49049
OP 281 0.661086 0.766008 0.573035 0.157479 0.442519 0.000124278
AC 281 8.76866 8.76866 8.76758
OP 282 0.649716 0.781091 0.583054 0.154586 0.442452 0.000117053
AC 282 8.92449 8.92449 8.92311
OP 283 0.650697 0.757429 0.570837 0.153397 0.445908 0.000127225
AC 283 8.14272 8.14272 8.14179
OP 284 0.640614 0.76457 0.585701 0.15463 0.439087 0.000116438
AC 284 6.17024 6.17024 6.1692
OP 285 0.647366 0.767898 0.579367 0.15575 0.442822 0.000120097
AC 285 7.04452 7.04452 7.04355
OP 286 0.669889 0.760121 0.579381 0.163932 0.439762 0.000120699
AC 286 7.96452 7.96452 7.96347
OP 287 0.637475 0.773801 0.579568 0.145707 0.43975 0.000120607
AC 287 7.99919 7.99919 7.99808
OP 288 0.651866 0.766012 0.572584 0.15684 0.444324 0.000125505
AC 288 9.42033 9.42033 9.41933
OP 289 0.64765 0.763105 0.586937 0.151453 0.438832 0.000115362
AC 289 7.34427 7.34427 7.3432
OP 290 0.638866 0.763389 0.576021 0.151508 0.444638 0.000123057
AC 290 6.69604 6.69604 6.69504
OP 291 0.631069 0.75353 0.574102 0.141205 0.447106 0.000125413
AC 291 5.20223 5.20223 5.20139
OP 292 0.637395 0.773265 0.5715 0.149012 0.444054 0.000125206
AC 292 8.36598 8.36598 8.36487
OP 293 0.654274 0.779278 0.596326 0.163121 0.431949 0.00010735
AC 293 8.66888 8.66888 8.66742
OP 294 0.635781 0.766745 0.582682 0.146553 0.439461 0.000117873
AC 294 6.96485 6.96485 6.96375
OP 295 0.641762 0.779996 0.580849 0.155816 0.440684 0.000118932
AC 295 9.20599 9.20599 9.20475
OP 296 0.637713 0.77897 0.579308 0.153925 0.441871 0.000119698
AC 296 8.82826 8.82826 8.82709
OP 297 0.641356 0.787743 0.590994 0.162274 0.433647 0.000110708
AC 297 8.33432 8.33432 8.33285
OP 298 0.641194 0.761995 0.580879 0.149716 0.440346 0.000119981
AC 298 5.93282 5.93282 5.93185
OP 299 0.653173 0.771077 0.5884 0.163319 0.439608 0.000113894
AC 299 8.5683 8.5683 8.56718
