OP 0 0.502647 0.570256 0.389254 0.135572 0.371634 0.000100641
AC 0 -5.32236 -5.32236 -5.32288
OP 1 0.526977 0.573265 0.389267 0.146898 0.369898 0.000100949
AC 1 2.24645 2.24645 2.2459
OP 2 0.513121 0.574907 0.388033 0.13598 0.371507 0.000101119
AC 2 -2.47451 -2.47451 -2.4751
OP 3 0.512663 0.573885 0.393217 0.132766 0.369043 9.89616E-05
AC 3 -3.83365 -3.83365 -3.83422
OP 4 0.528179 0.577021 0.390102 0.133601 0.370051 0.000100112
AC 4 -3.78299 -3.78299 -3.78358
OP 5 0.509134 0.589924 0.39298 0.135366 0.366501 9.77648E-05
AC 5 0.686533 0.686533 0.685852
OP 6 0.519846 0.580708 0.388132 0.146644 0.370381 0.000100742
AC 6 4.65431 4.65431 4.65369
OP 7 0.53083 0.574396 0.386842 0.140736 0.371028 0.000102085
AC 7 2.36775 2.36775 2.36722
OP 8 0.506194 0.564073 0.38379 0.12504 0.37687 0.000104107
AC 8 -23.5155 -23.5155 -23.516
OP 9 0.539972 0.573888 0.387303 0.148929 0.372466 0.000101283
AC 9 3.47225 3.47225 3.4717
OP 10 0.530923 0.574112 0.383568 0.138941 0.371946 0.000103369
AC 10 0.535562 0.535562 0.535019
OP 11 0.520399 0.574718 0.382658 0.135308 0.377602 0.000104084
AC 11 -2.22272 -2.22272 -2.22324
OP 12 0.533978 0.570118 0.382176 0.142031 0.375169 0.000104156
AC 12 0.732917 0.732917 0.732388
OP 13 0.511532 0.572581 0.398887 0.140355 0.366824 9.61688E-05
AC 13 -0.16565 -0.16565 -0.166243
OP 14 0.521249 0.576468 0.392294 0.133887 0.367868 9.90478E-05
AC 14 -2.05549 -2.05549 -2.0561
OP 15 0.521171 0.569459 0.387994 0.136039 0.370809 0.000101053
AC 15 -1.80163 -1.80163 -1.8022
OP 16 0.503476 0.568413 0.379707 0.129733 0.377116 0.000106083
AC 16 -13.0284 -13.0284 -13.0289
OP 17 0.531466 0.577986 0.386699 0.141258 0.371475 0.000101853
AC 17 3.01198 3.01198 3.01143
OP 18 0.521951 0.566005 0.373782 0.134239 0.378872 0.000108621
AC 18 -6.32681 -6.32681 -6.32726
OP 19 0.528455 0.5703 0.391214 0.141547 0.369096 9.96225E-05
AC 19 -1.13063 -1.13063 -1.13117
OP 20 0.521558 0.56435 0.38905 0.132504 0.373566 0.00010152
AC 20 -6.57548 -6.57548 -6.57599
OP 21 0.526409 0.554937 0.376882 0.138198 0.380321 0.000107873
AC 21 -6.51062 -6.51062 -6.51105
OP 22 0.514961 0.586598 0.391935 0.131055 0.367834 9.82454E-05
AC 22 1.29881 1.29881 1.29813
OP 23 0.531103 0.570429 0.391705 0.142513 0.3698 9.92353E-05
AC 23 0.268829 0.268829 0.268279
OP 24 0.519915 0.585505 0.396379 0.139527 0.367208 9.70428E-05
AC 24 1.35751 1.35751 1.35685
OP 25 0.530113 0.577818 0.384728 0.139292 0.370879 0.000102341
AC 25 1.6387 1.6387 1.63814
OP 26 0.524862 0.574629 0.394384 0.144055 0.367728 9.82144E-05
AC 26 -0.320215 -0.320215 -0.320786
OP 27 0.509518 0.569852 0.398084 0.138363 0.365916 9.69146E-05
AC 27 -3.84895 -3.84895 -3.8495
OP 28 0.514837 0.57835 0.394537 0.14193 0.368767 9.79003E-05
AC 28 -0.376206 -0.376206 -0.376788
OP 29 0.529779 0.577509 0.388146 0.144586 0.370185 0.000101169
AC 29 3.38254 3.38254 3.38197
OP 30 0.531185 0.563764 0.382662 0.145925 0.374842 0.000104651
AC 30 1.10488 1.10488 1.10441
OP 31 0.523854 0.568578 0.393081 0.131859 0.371071 9.91166E-05
AC 31 -16.4556 -16.4556 -16.4561
OP 32 0.508588 0.579109 0.388787 0.135104 0.372657 0.00010048
AC 32 -1.50472 -1.50472 -1.50528
OP 33 0.514874 0.571898 0.390702 0.132454 0.36901 0.0001003
AC 33 -9.15757 -9.15757 -9.15812
OP 34 0.528514 0.563495 0.388238 0.136149 0.372399 0.000101607
AC 34 -8.52925 -8.52925 -8.52975
OP 35 0.529803 0.57763 0.399369 0.144735 0.366918 9.5966E-05
AC 35 3.02754 3.02754 3.02693
OP 36 0.511998 0.582748 0.39269 0.134973 0.366243 9.87005E-05
AC 36 -3.19244 -3.19244 -3.19308
OP 37 0.523192 0.567187 0.392354 0.129576 0.370164 9.93584E-05
AC 37 -17.1554 -17.1554 -17.156
OP 38 0.513951 0.562672 0.385672 0.13848 0.373512 0.000103047
AC 38 -6.90992 -6.90992 -6.91042
OP 39 0.502391 0.591777 0.387456 0.136015 0.369924 0.000100667
AC 39 2.35859 2.35859 2.35795
OP 40 0.527062 0.563977 0.377914 0.139476 0.375765 0.000106595
AC 40 -4.04467 -4.04467 -4.04514
OP 41 0.517885 0.582611 0.389037 0.13167 0.370606 0.000100383
AC 41 -2.78874 -2.78874 -2.78937
OP 42 0.514038 0.577505 0.387008 0.141466 0.369751 0.000101286
AC 42 2.12671 2.12671 2.12612
OP 43 0.53409 0.584638 0.401474 0.148824 0.361157 9.4186E-05
AC 43 4.33181 4.33181 4.33117
OP 44 0.506581 0.586213 0.395783 0.134371 0.365996 9.68346E-05
AC 44 0.954544 0.954544 0.953877
OP 45 0.523179 0.588692 0.397141 0.143043 0.36572 9.63252E-05
AC 45 1.64886 1.64886 1.64819
OP 46 0.516944 0.578932 0.386435 0.140175 0.372326 0.000101594
AC 46 1.6308 1.6308 1.63024
OP 47 0.516026 0.565085 0.386735 0.144173 0.371591 0.000102268
AC 47 -0.891955 -0.891955 -0.892453
OP 48 0.508971 0.576859 0.386939 0.126943 0.37187 0.00010196
AC 48 -5.91499 -5.91499 -5.91554
OP 49 0.521577 0.584195 0.393882 0.138727 0.368351 9.8108E-05
AC 49 1.42803 1.42803 1.4274
OP 50 0.532306 0.566771 0.388073 0.133792 0.372478 0.000101804
AC 50 -6.96221 -6.96221 -6.96273
OP 51 0.524346 0.581128 0.399304 0.140861 0.364862 9.56488E-05
AC 51 0.135291 0.135291 0.134629
OP 52 0.532473 0.578351 0.388685 0.137923 0.370398 0.000101038
AC 52 -0.698063 -0.698063 -0.698643
OP 53 0.524409 0.575825 0.388307 0.143054 0.371127 0.000101449
AC 53 1.36541 1.36541 1.36486
OP 54 0.523796 0.558533 0.374566 0.130725 0.379744 0.000108485
AC 54 -9.40394 -9.40394 -9.40439
OP 55 0.523043 0.572434 0.392233 0.132154 0.370308 9.94875E-05
AC 55 -2.75354 -2.75354 -2.75411
OP 56 0.523418 0.578686 0.395561 0.143012 0.366909 9.75469E-05
AC 56 1.69286 1.69286 1.69227
OP 57 0.513585 0.572532 0.383794 0.132989 0.375016 0.000103427
AC 57 -3.84382 -3.84382 -3.84435
OP 58 0.535379 0.578334 0.392179 0.141395 0.366932 9.90895E-05
AC 58 0.878013 0.878013 0.87743
OP 59 0.516406 0.582355 0.395 0.136908 0.367388 9.75981E-05
AC 59 -0.00932703 -0.00932703 -0.00996059
OP 60 0.524284 0.573921 0.384366 0.137359 0.372287 0.000102592
AC 60 0.665879 0.665879 0.665306
OP 61 0.527439 0.568314 0.393105 0.137211 0.369128 9.91474E-05
AC 61 -5.21452 -5.21452 -5.21508
OP 62 0.530655 0.570291 0.386612 0.132425 0.371224 0.000102232
AC 62 -4.1396 -4.1396 -4.14015
OP 63 0.528818 0.574746 0.383813 0.138727 0.37428 0.000103625
AC 63 2.2747 2.2747 2.27418
OP 64 0.528548 0.582597 0.395756 0.140958 0.368181 9.75578E-05
AC 64 1.29461 1.29461 1.294
OP 65 0.516966 0.569083 0.380082 0.131335 0.374943 0.000105805
AC 65 -8.32074 -8.32074 -8.32122
OP 66 0.512486 0.568637 0.378771 0.13842 0.377413 0.000106542
AC 66 -1.23581 -1.23581 -1.23629
OP 67 0.498342 0.574909 0.38766 0.1223 0.375284 0.000101751
AC 67 -31.6745 -31.6745 -31.6751
OP 68 0.524257 0.570411 0.386629 0.146711 0.372935 0.00010225
AC 68 1.7805 1.7805 1.77998
OP 69 0.533396 0.573111 0.390085 0.149404 0.368982 9.9891E-05
AC 69 2.08724 2.08724 2.0867
OP 70 0.517969 0.579517 0.394937 0.139882 0.367057 9.74071E-05
AC 70 1.80297 1.80297 1.80234
OP 71 0.530823 0.57323 0.389593 0.14044 0.371578 0.000100873
AC 71 0.243275 0.243275 0.242724
OP 72 0.526429 0.577925 0.384162 0.147693 0.37464 0.000103188
AC 72 2.83019 2.83019 2.82965
OP 73 0.530922 0.588314 0.39325 0.151233 0.365199 9.8009E-05
AC 73 4.02325 4.02325 4.02261
OP 74 0.527173 0.575126 0.38283 0.138833 0.371928 0.000103931
AC 74 1.37314 1.37314 1.3726
OP 75 0.526407 0.574889 0.391483 0.135773 0.368168 9.94474E-05
AC 75 -4.93082 -4.93082 -4.93143
OP 76 0.51374 0.566839 0.382876 0.139183 0.375134 0.000104071
AC 76 -3.06309 -3.06309 -3.06358
OP 77 0.527877 0.571877 0.391025 0.135722 0.368552 9.93839E-05
AC 77 -1.76409 -1.76409 -1.76466
OP 78 0.528122 0.582326 0.396223 0.142864 0.365952 9.69506E-05
AC 78 1.59492 1.59492 1.59431
OP 79 0.517248 0.575994 0.394284 0.131687 0.368539 9.81199E-05
AC 79 -3.31027 -3.31027 -3.3109
OP 80 0.51665 0.57384 0.388781 0.139766 0.37224 0.000100989
AC 80 0.762282 0.762282 0.761718
OP 81 0.517647 0.5811 0.398529 0.137785 0.367405 9.57973E-05
AC 81 0.826957 0.826957 0.826306
OP 82 0.534669 0.570363 0.382434 0.140676 0.373704 0.000103521
AC 82 -0.398762 -0.398762 -0.399303
OP 83 0.514368 0.570742 0.384661 0.13516 0.372796 0.000103281
AC 83 -3.14288 -3.14288 -3.14342
OP 84 0.514802 0.57285 0.387046 0.13648 0.370001 0.000102014
AC 84 -2.83619 -2.83619 -2.83673
OP 85 0.520711 0.57754 0.398779 0.136403 0.367785 9.62663E-05
AC 85 0.186323 0.186323 0.185693
OP 86 0.531861 0.568653 0.39124 0.143143 0.369228 0.0001001
AC 86 1.83171 1.83171 1.83119
OP 87 0.516437 0.584636 0.40165 0.143579 0.36306 9.45713E-05
AC 87 0.572585 0.572585 0.571925
OP 88 0.520562 0.557558 0.387178 0.141454 0.371423 0.000102382
AC 88 -1.00001 -1.00001 -1.00051
OP 89 0.508032 0.574467 0.389811 0.120442 0.371138 0.000100395
AC 89 -11.0667 -11.0667 -11.0672
OP 90 0.515137 0.572524 0.383596 0.135926 0.373322 0.000103949
AC 90 -1.70548 -1.70548 -1.706
OP 91 0.5322 0.577337 0.388118 0.144964 0.370338 0.000100908
AC 91 3.01212 3.01212 3.01152
OP 92 0.518702 0.576068 0.394459 0.138407 0.368177 9.83523E-05
AC 92 -0.0272062 -0.0272062 -0.0277732
OP 93 0.524591 0.570154 0.37812 0.134686 0.375659 0.000106044
AC 93 -1.50213 -1.50213 -1.50263
OP 94 0.521529 0.57008 0.39124 0.14554 0.372126 9.98935E-05
AC 94 1.17641 1.17641 1.17589
OP 95 0.521264 0.568986 0.393553 0.13743 0.368219 9.89304E-05
AC 95 -2.66508 -2.66508 -2.66566
OP 96 0.533699 0.576627 0.395099 0.145389 0.368197 9.76668E-05
AC 96 1.96394 1.96394 1.96334
OP 97 0.535763 0.57714 0.397312 0.145752 0.366156 9.7105E-05
AC 97 0.812714 0.812714 0.812127
OP 98 0.528755 0.571694 0.38742 0.143335 0.370711 0.000101584
AC 98 2.26876 2.26876 2.26822
OP 99 0.51638 0.571089 0.387115 0.136864 0.373088 0.000101856
AC 99 -2.90654 -2.90654 -2.90708
OP 100 0.527867 0.564114 0.387581 0.140491 0.372086 0.000101751
AC 100 -1.44433 -1.44433 -1.44484
OP 101 0.518787 0.582618 0.393652 0.134065 0.368779 9.82723E-05
AC 101 0.268707 0.268707 0.268059
OP 102 0.518622 0.563724 0.38287 0.13431 0.372503 0.000104218
AC 102 -6.25464 -6.25464 -6.25513
OP 103 0.513144 0.56705 0.376314 0.129365 0.376398 0.000106929
AC 103 -13.862 -13.862 -13.8625
OP 104 0.531659 0.569684 0.379723 0.137673 0.374032 0.000105189
AC 104 -0.426616 -0.426616 -0.427139
OP 105 0.527379 0.569421 0.383545 0.143999 0.370729 0.000104
AC 105 2.25973 2.25973 2.25921
OP 106 0.526695 0.573857 0.390278 0.136649 0.371488 0.000100276
AC 106 -0.835911 -0.835911 -0.836471
OP 107 0.506972 0.579595 0.394142 0.131184 0.369146 9.82373E-05
AC 107 -8.48272 -8.48272 -8.48334
OP 108 0.524443 0.584575 0.396033 0.14363 0.370028 9.67391E-05
AC 108 1.57522 1.57522 1.57459
OP 109 0.516207 0.575697 0.390096 0.138889 0.370385 0.000100218
AC 109 -1.27448 -1.27448 -1.27503
OP 110 0.514765 0.572621 0.390806 0.14056 0.365824 0.000100148
AC 110 2.59388 2.59388 2.59332
OP 111 0.523292 0.577779 0.399191 0.138241 0.3655 9.61749E-05
AC 111 -0.680662 -0.680662 -0.681235
OP 112 0.52872 0.582532 0.394816 0.15301 0.36733 9.76687E-05
AC 112 3.22873 3.22873 3.22813
OP 113 0.514451 0.577496 0.386805 0.13733 0.371629 0.000101725
AC 113 -1.94482 -1.94482 -1.94536
OP 114 0.511058 0.568186 0.379595 0.1285 0.377337 0.000106244
AC 114 -14.8159 -14.8159 -14.8164
OP 115 0.510404 0.565533 0.370865 0.129372 0.379769 0.000110722
AC 115 -5.53382 -5.53382 -5.53429
OP 116 0.520339 0.572852 0.395534 0.142007 0.366954 9.79081E-05
AC 116 -0.580034 -0.580034 -0.580583
OP 117 0.520202 0.569234 0.388723 0.130895 0.372249 0.000101292
AC 117 -4.53016 -4.53016 -4.53071
OP 118 0.517219 0.588151 0.398968 0.140897 0.365028 9.5203E-05
AC 118 1.62924 1.62924 1.62854
OP 119 0.520367 0.574048 0.384555 0.140798 0.372767 0.000102798
AC 119 0.727265 0.727265 0.726709
OP 120 0.522241 0.566685 0.38665 0.138258 0.375045 0.000102791
AC 120 -3.78553 -3.78553 -3.78603
OP 121 0.509414 0.578497 0.390714 0.132259 0.368424 9.99075E-05
AC 121 -2.03023 -2.03023 -2.03082
OP 122 0.526112 0.57618 0.395005 0.140313 0.369142 9.77792E-05
AC 122 -1.0893 -1.0893 -1.08988
OP 123 0.52563 0.57981 0.385776 0.144695 0.373066 0.000102061
AC 123 1.87111 1.87111 1.87054
OP 124 0.533573 0.574353 0.390935 0.142544 0.367857 9.97514E-05
AC 124 -1.3255 -1.3255 -1.32605
OP 125 0.522662 0.562357 0.384402 0.145188 0.373723 0.000103025
AC 125 -3.15101 -3.15101 -3.15149
OP 126 0.509937 0.56929 0.380744 0.136429 0.374787 0.000104836
AC 126 -7.86698 -7.86698 -7.86748
OP 127 0.517982 0.569096 0.381451 0.129446 0.376486 0.000104528
AC 127 -7.67099 -7.67099 -7.6715
OP 128 0.537777 0.57431 0.394006 0.146877 0.365915 9.82887E-05
AC 128 3.68352 3.68352 3.68291
OP 129 0.512963 0.564551 0.385011 0.135791 0.371315 0.000103276
AC 129 -5.67405 -5.67405 -5.67454
OP 130 0.523961 0.577981 0.392277 0.143476 0.367936 9.89842E-05
AC 130 1.52416 1.52416 1.52358
OP 131 0.519109 0.584718 0.393005 0.147615 0.367511 9.77844E-05
AC 131 3.48829 3.48829 3.48765
OP 132 0.526153 0.562423 0.37969 0.133189 0.375314 0.000105838
AC 132 -5.4315 -5.4315 -5.432
OP 133 0.537992 0.569247 0.378664 0.143671 0.374334 0.000106368
AC 133 1.22498 1.22498 1.2245
OP 134 0.52089 0.573929 0.381565 0.13453 0.373794 0.000104333
AC 134 -3.75655 -3.75655 -3.75707
OP 135 0.520339 0.568904 0.386809 0.13634 0.373003 0.000102361
AC 135 -2.87991 -2.87991 -2.88043
OP 136 0.531006 0.569051 0.388313 0.142576 0.370969 0.000101409
AC 136 1.18313 1.18313 1.18258
OP 137 0.534912 0.574965 0.381844 0.141524 0.372532 0.000103947
AC 137 2.84776 2.84776 2.84722
OP 138 0.523459 0.577211 0.392404 0.138031 0.37017 9.91948E-05
AC 138 -4.87469 -4.87469 -4.87526
OP 139 0.525384 0.57649 0.389727 0.137579 0.369902 0.000100657
AC 139 -0.924766 -0.924766 -0.925344
OP 140 0.525925 0.564678 0.387084 0.146403 0.369645 0.000102159
AC 140 -0.0727174 -0.0727174 -0.073209
OP 141 0.515724 0.579311 0.386098 0.141302 0.372144 0.000101742
AC 141 2.74609 2.74609 2.74551
OP 142 0.533588 0.570562 0.38517 0.145099 0.37174 0.000102737
AC 142 0.786388 0.786388 0.785854
OP 143 0.514966 0.584546 0.394802 0.138259 0.366195 9.76505E-05
AC 143 1.5355 1.5355 1.53488
OP 144 0.528149 0.569722 0.394175 0.142205 0.367277 9.86187E-05
AC 144 -1.34994 -1.34994 -1.35049
OP 145 0.516803 0.579277 0.389669 0.134943 0.369426 0.000100028
AC 145 -0.751175 -0.751175 -0.751783
OP 146 0.534515 0.569291 0.37781 0.138146 0.375714 0.000106516
AC 146 1.51188 1.51188 1.51137
OP 147 0.530153 0.573472 0.394544 0.139712 0.369073 9.85851E-05
AC 147 -0.403447 -0.403447 -0.404027
OP 148 0.516849 0.573402 0.390326 0.135855 0.370888 0.000100455
AC 148 -1.39975 -1.39975 -1.4003
OP 149 0.515464 0.584932 0.402042 0.141782 0.364173 9.40399E-05
AC 149 0.933043 0.933043 0.932358
OP 150 0.518961 0.572075 0.394866 0.134998 0.369636 9.84565E-05
AC 150 -6.24924 -6.24924 -6.24982
OP 151 0.512464 0.568627 0.391488 0.140141 0.369936 9.99205E-05
AC 151 -5.18386 -5.18386 -5.18437
OP 152 0.527535 0.574744 0.389201 0.135931 0.372047 0.000100316
AC 152 -5.25293 -5.25293 -5.25351
OP 153 0.527852 0.569965 0.381396 0.133018 0.376826 0.000104869
AC 153 -2.37687 -2.37687 -2.37741
OP 154 0.515081 0.575384 0.392347 0.138042 0.370176 9.92153E-05
AC 154 -8.29166 -8.29166 -8.29223
OP 155 0.500512 0.578626 0.388372 0.132399 0.37138 0.000100766
AC 155 -5.135 -5.135 -5.13559
OP 156 0.528783 0.571095 0.387359 0.147307 0.371159 0.000101782
AC 156 1.24997 1.24997 1.24946
OP 157 0.501125 0.58909 0.393946 0.133055 0.367454 9.79773E-05
AC 157 0.253128 0.253128 0.252453
OP 158 0.524292 0.574315 0.380432 0.137545 0.375113 0.000104971
AC 158 0.693048 0.693048 0.692516
OP 159 0.507102 0.577146 0.38289 0.135635 0.374232 0.000103562
AC 159 -2.90223 -2.90223 -2.90279
OP 160 0.511286 0.585087 0.402598 0.135252 0.36389 9.40334E-05
AC 160 -1.90282 -1.90282 -1.90348
OP 161 0.528331 0.573625 0.386654 0.144689 0.37127 0.000101777
AC 161 2.92775 2.92775 2.92717
OP 162 0.518376 0.585794 0.396345 0.137527 0.366438 9.68668E-05
AC 162 1.74888 1.74888 1.7482
OP 163 0.53304 0.580169 0.387297 0.141432 0.371985 0.000101397
AC 163 1.01653 1.01653 1.01597
OP 164 0.522987 0.576 0.388879 0.134546 0.371802 0.000101073
AC 164 -7.19604 -7.19604 -7.19661
OP 165 0.519756 0.567496 0.39311 0.137609 0.370031 9.92648E-05
AC 165 -4.84684 -4.84684 -4.84738
OP 166 0.514515 0.575234 0.400214 0.145238 0.365039 9.55128E-05
AC 166 0.860631 0.860631 0.860032
OP 167 0.520511 0.577096 0.393893 0.142479 0.368752 9.83365E-05
AC 167 2.94337 2.94337 2.94276
OP 168 0.526141 0.574076 0.386532 0.139116 0.371991 0.000102113
AC 168 0.865859 0.865859 0.865294
OP 169 0.526001 0.573673 0.394334 0.13855 0.366738 9.82131E-05
AC 169 -0.628066 -0.628066 -0.628668
OP 170 0.541876 0.57278 0.381814 0.144192 0.374464 0.000105016
AC 170 2.19912 2.19912 2.1986
OP 171 0.514527 0.581001 0.393607 0.140041 0.369063 9.82092E-05
AC 171 1.06028 1.06028 1.05969
OP 172 0.525709 0.576341 0.393274 0.141789 0.369515 9.87327E-05
AC 172 -1.28517 -1.28517 -1.28572
OP 173 0.536534 0.569257 0.386886 0.140542 0.374784 0.00010206
AC 173 1.08539 1.08539 1.08483
OP 174 0.517467 0.580042 0.391041 0.13275 0.371106 9.97947E-05
AC 174 -5.77003 -5.77003 -5.77061
OP 175 0.539271 0.56608 0.382052 0.139755 0.37498 0.00010404
AC 175 -1.33599 -1.33599 -1.33651
OP 176 0.505589 0.585596 0.394375 0.136794 0.365638 9.73672E-05
AC 176 -0.439005 -0.439005 -0.439637
OP 177 0.526545 0.572212 0.391631 0.133711 0.36884 9.97883E-05
AC 177 -0.805174 -0.805174 -0.805748
OP 178 0.525619 0.581594 0.395968 0.140846 0.366662 9.70735E-05
AC 178 0.953402 0.953402 0.952793
OP 179 0.516943 0.567308 0.385078 0.132836 0.37518 0.000103176
AC 179 -9.32365 -9.32365 -9.32415
OP 180 0.512944 0.577425 0.394512 0.138005 0.36802 9.81081E-05
AC 180 -4.46497 -4.46497 -4.46557
OP 181 0.530256 0.565379 0.380406 0.138669 0.376231 0.000105103
AC 181 -0.274923 -0.274923 -0.275418
OP 182 0.52286 0.576414 0.396259 0.134392 0.369223 9.73875E-05
AC 182 -3.04486 -3.04486 -3.04545
OP 183 0.530879 0.575477 0.386541 0.141631 0.372253 0.000101884
AC 183 1.85319 1.85319 1.85263
OP 184 0.515861 0.570971 0.389318 0.135194 0.373247 0.000100937
AC 184 -8.65528 -8.65528 -8.65583
OP 185 0.514426 0.577779 0.3883 0.137964 0.37364 0.000100794
AC 185 -0.432203 -0.432203 -0.432773
OP 186 0.516085 0.588908 0.395904 0.136374 0.366791 9.66698E-05
AC 186 2.40705 2.40705 2.40636
OP 187 0.506195 0.582521 0.388297 0.137975 0.368845 0.000100944
AC 187 1.31972 1.31972 1.31912
OP 188 0.538826 0.566335 0.380212 0.14585 0.374177 0.000105168
AC 188 1.94664 1.94664 1.94616
OP 189 0.533447 0.568871 0.388319 0.143177 0.372974 0.000101272
AC 189 0.49016 0.49016 0.489643
OP 190 0.522721 0.567757 0.38972 0.134849 0.368845 0.000101133
AC 190 -5.37014 -5.37014 -5.37065
OP 191 0.506623 0.570189 0.386568 0.130102 0.374089 0.000102507
AC 191 -13.5668 -13.5668 -13.5673
OP 192 0.533721 0.577327 0.389504 0.137007 0.368686 0.000100417
AC 192 0.76971 0.76971 0.769121
OP 193 0.511943 0.571805 0.37604 0.140007 0.375514 0.000107017
AC 193 -0.563623 -0.563623 -0.564132
OP 194 0.507964 0.575104 0.38743 0.134775 0.371999 0.000101759
AC 194 -0.704912 -0.704912 -0.705492
OP 195 0.502168 0.580116 0.393487 0.138614 0.369245 9.85375E-05
AC 195 1.05756 1.05756 1.05691
OP 196 0.522914 0.566882 0.390748 0.134769 0.369517 0.000100223
AC 196 -7.23791 -7.23791 -7.23845
OP 197 0.507811 0.578639 0.386139 0.127509 0.373898 0.000101997
AC 197 -5.43043 -5.43043 -5.43102
OP 198 0.50571 0.576422 0.397961 0.13922 0.36727 9.67901E-05
AC 198 -2.29689 -2.29689 -2.2975
OP 199 0.532389 0.55888 0.383875 0.133967 0.376338 0.000104344
AC 199 -13.7053 -13.7053 -13.7057
OP 200 0.519227 0.581452 0.393552 0.146856 0.367873 9.84391E-05
AC 200 1.87482 1.87482 1.87424
OP 201 0.522442 0.571199 0.385955 0.142578 0.373102 0.000102114
AC 201 1.80683 1.80683 1.8063
OP 202 0.509627 0.578784 0.394468 0.135401 0.368696 9.79694E-05
AC 202 -2.4098 -2.4098 -2.41037
OP 203 0.527775 0.579463 0.395422 0.143413 0.365787 9.72087E-05
AC 203 1.19646 1.19646 1.19586
OP 204 0.532243 0.56592 0.388356 0.142245 0.3705 0.000101537
AC 204 0.791137 0.791137 0.790601
OP 205 0.526715 0.573391 0.386649 0.138999 0.374002 0.000101354
AC 205 2.70431 2.70431 2.70376
OP 206 0.507776 0.582424 0.395982 0.136358 0.366951 9.72783E-05
AC 206 -4.9786 -4.9786 -4.97922
OP 207 0.523477 0.578191 0.397733 0.133182 0.364777 9.62949E-05
AC 207 0.00751316 0.00751316 0.00688038
OP 208 0.527471 0.571787 0.388166 0.149061 0.370738 0.000101466
AC 208 2.53024 2.53024 2.52972
OP 209 0.517002 0.581189 0.395695 0.137461 0.367182 9.74242E-05
AC 209 -2.01088 -2.01088 -2.0115
OP 210 0.525923 0.580253 0.391602 0.144291 0.370791 9.87039E-05
AC 210 4.61604 4.61604 4.61541
OP 211 0.539396 0.569009 0.3819 0.140389 0.373757 0.00010446
AC 211 1.57885 1.57885 1.57832
OP 212 0.528123 0.564458 0.386707 0.139124 0.371905 0.000102624
AC 212 -3.95967 -3.95967 -3.96016
OP 213 0.519273 0.576309 0.385796 0.134655 0.371697 0.000102321
AC 213 1.11186 1.11186 1.11127
OP 214 0.510797 0.58602 0.394965 0.132782 0.366398 9.73766E-05
AC 214 -0.352435 -0.352435 -0.353147
OP 215 0.516105 0.580339 0.391941 0.133661 0.370873 9.90885E-05
AC 215 -6.6885 -6.6885 -6.68911
OP 216 0.53921 0.578346 0.393389 0.146661 0.368483 9.84235E-05
AC 216 1.93342 1.93342 1.93284
OP 217 0.526663 0.574365 0.386893 0.140876 0.369841 0.000101804
AC 217 1.10568 1.10568 1.10513
OP 218 0.514627 0.569968 0.390103 0.13152 0.369682 0.00010046
AC 218 -3.4086 -3.4086 -3.40917
OP 219 0.525134 0.562079 0.384058 0.13627 0.373922 0.000103862
AC 219 -4.0155 -4.0155 -4.016
OP 220 0.518198 0.56772 0.387117 0.135499 0.371441 0.000102101
AC 220 -4.47688 -4.47688 -4.47743
OP 221 0.513031 0.581902 0.391676 0.142738 0.369448 9.91234E-05
AC 221 2.20154 2.20154 2.20092
OP 222 0.512818 0.578103 0.393927 0.133132 0.366377 9.84927E-05
AC 222 -2.7569 -2.7569 -2.7575
OP 223 0.535856 0.572811 0.385499 0.14297 0.371942 0.000102597
AC 223 0.822216 0.822216 0.821679
OP 224 0.515621 0.581958 0.399635 0.131764 0.36342 9.547E-05
AC 224 -0.961937 -0.961937 -0.962632
OP 225 0.512909 0.577863 0.382271 0.134525 0.373363 0.000104126
AC 225 -0.0391655 -0.0391655 -0.0396923
OP 226 0.529407 0.568406 0.39088 0.137558 0.372358 0.000100628
AC 226 -1.13472 -1.13472 -1.13528
OP 227 0.524138 0.580717 0.396363 0.141869 0.366494 9.69203E-05
AC 227 2.52139 2.52139 2.52075
OP 228 0.516014 0.575923 0.38894 0.133963 0.371291 0.00010061
AC 228 -3.1916 -3.1916 -3.19219
OP 229 0.520459 0.574531 0.384015 0.145057 0.372833 0.000103284
AC 229 2.51207 2.51207 2.51153
OP 230 0.511741 0.581674 0.385664 0.143408 0.374982 0.000102634
AC 230 2.39048 2.39048 2.38993
OP 231 0.531338 0.559991 0.378661 0.137322 0.37908 0.000106729
AC 231 -2.20555 -2.20555 -2.20601
OP 232 0.518118 0.575575 0.387459 0.141688 0.36879 0.00010151
AC 232 1.13861 1.13861 1.13804
OP 233 0.532114 0.575131 0.390686 0.141985 0.367481 9.91762E-05
AC 233 1.00933 1.00933 1.00873
OP 234 0.534064 0.580145 0.389793 0.151842 0.369723 0.000100231
AC 234 5.25703 5.25703 5.25647
OP 235 0.532862 0.565724 0.386362 0.143475 0.369975 0.000102795
AC 235 -0.326713 -0.326713 -0.327213
OP 236 0.5184 0.573998 0.394442 0.138925 0.365642 9.79046E-05
AC 236 -2.1678 -2.1678 -2.16837
OP 237 0.515992 0.569648 0.385814 0.129816 0.373458 0.000102324
AC 237 -2.79396 -2.79396 -2.79452
OP 238 0.53747 0.577596 0.386792 0.13454 0.372447 0.000101695
AC 238 1.21766 1.21766 1.21709
OP 239 0.533951 0.594179 0.405611 0.144277 0.358157 9.1847E-05
AC 239 2.111 2.111 2.11026
OP 240 0.515639 0.559357 0.377829 0.136197 0.377729 0.000107242
AC 240 -12.6135 -12.6135 -12.6139
OP 241 0.513389 0.57122 0.379766 0.13549 0.376945 0.000105618
AC 241 -3.48934 -3.48934 -3.48985
OP 242 0.52085 0.571251 0.38273 0.133843 0.374565 0.000103779
AC 242 -6.21302 -6.21302 -6.21354
OP 243 0.517225 0.5674 0.392218 0.13237 0.371209 9.99931E-05
AC 243 -9.03393 -9.03393 -9.03446
OP 244 0.518428 0.576473 0.388554 0.135188 0.370832 0.000100857
AC 244 -0.0419341 -0.0419341 -0.0425272
OP 245 0.530897 0.576174 0.392661 0.146324 0.369067 9.89748E-05
AC 245 2.66295 2.66295 2.66239
OP 246 0.517127 0.577716 0.402347 0.144642 0.363791 9.45013E-05
AC 246 -0.180489 -0.180489 -0.181107
OP 247 0.514696 0.577498 0.38868 0.13349 0.369418 0.000100762
AC 247 -2.93814 -2.93814 -2.93873
OP 248 0.515526 0.560452 0.388278 0.13665 0.373359 0.000101688
AC 248 -7.13141 -7.13141 -7.13189
OP 249 0.523757 0.571003 0.387176 0.137454 0.369733 0.000101774
AC 249 -3.05356 -3.05356 -3.0541
OP 250 0.530312 0.576996 0.38879 0.14425 0.368722 0.000100837
AC 250 3.21926 3.21926 3.21869
OP 251 0.522269 0.579931 0.402018 0.145911 0.36239 9.45988E-05
AC 251 2.10871 2.10871 2.10807
OP 252 0.51219 0.576786 0.384881 0.13307 0.374678 0.000102813
AC 252 -0.642812 -0.642812 -0.643361
OP 253 0.521548 0.565504 0.382346 0.134575 0.373381 0.000104042
AC 253 -3.56466 -3.56466 -3.56518
OP 254 0.515339 0.579969 0.388573 0.137607 0.368162 0.000100353
AC 254 -0.0957496 -0.0957496 -0.0963782
OP 255 0.520644 0.573768 0.392596 0.139813 0.369706 9.92413E-05
AC 255 -2.11451 -2.11451 -2.11507
OP 256 0.521065 0.575956 0.386563 0.138013 0.372707 0.000102148
AC 256 -0.0675053 -0.0675053 -0.0680551
OP 257 0.508395 0.583492 0.402478 0.140333 0.364973 9.42074E-05
AC 257 -1.03952 -1.03952 -1.04015
OP 258 0.521988 0.571182 0.390488 0.136887 0.369186 0.000100147
AC 258 -7.73755 -7.73755 -7.7381
OP 259 0.537909 0.570507 0.382328 0.13702 0.371368 0.000103716
AC 259 -0.361489 -0.361489 -0.362037
OP 260 0.524473 0.586793 0.400972 0.140819 0.362995 9.47626E-05
AC 260 1.06388 1.06388 1.06323
OP 261 0.532995 0.572009 0.391519 0.135474 0.370242 9.95248E-05
AC 261 -2.05682 -2.05682 -2.05738
OP 262 0.513147 0.584014 0.406851 0.132088 0.361405 9.21257E-05
AC 262 -13.079 -13.079 -13.0797
OP 263 0.529705 0.588857 0.396696 0.144025 0.363156 9.64845E-05
AC 263 4.59733 4.59733 4.59665
OP 264 0.520924 0.582902 0.404871 0.139113 0.36263 9.32832E-05
AC 264 0.0187585 0.0187585 0.0180531
OP 265 0.528994 0.576364 0.387748 0.140088 0.37142 0.000101119
AC 265 2.48513 2.48513 2.48456
OP 266 0.521696 0.575215 0.395375 0.138311 0.364825 9.75497E-05
AC 266 0.0891818 0.0891818 0.0885782
OP 267 0.511235 0.570079 0.390601 0.135319 0.368919 0.000100126
AC 267 -3.84597 -3.84597 -3.84653
OP 268 0.523868 0.57776 0.387723 0.141201 0.370073 0.000101503
AC 268 0.621491 0.621491 0.620922
OP 269 0.531611 0.573618 0.388225 0.141124 0.371587 0.000101299
AC 269 0.133964 0.133964 0.133439
OP 270 0.526046 0.571601 0.389279 0.137324 0.371558 0.000100619
AC 270 -5.45764 -5.45764 -5.45818
OP 271 0.520024 0.577963 0.390356 0.14226 0.370636 9.96428E-05
AC 271 1.70104 1.70104 1.70047
OP 272 0.523428 0.578273 0.386307 0.140853 0.371856 0.000101903
AC 272 0.851452 0.851452 0.850869
OP 273 0.51577 0.571566 0.384233 0.138026 0.377182 0.000103716
AC 273 -2.31807 -2.31807 -2.31855
OP 274 0.522646 0.574705 0.392749 0.13534 0.368054 9.87993E-05
AC 274 -2.90047 -2.90047 -2.90105
OP 275 0.523831 0.576825 0.391548 0.139351 0.368642 9.9784E-05
AC 275 1.72395 1.72395 1.72336
OP 276 0.532321 0.57463 0.384179 0.136719 0.372777 0.000102881
AC 276 0.89898 0.89898 0.898426
OP 277 0.524372 0.576041 0.388526 0.134704 0.370466 0.00010069
AC 277 -2.26125 -2.26125 -2.26182
OP 278 0.509672 0.576818 0.388009 0.125096 0.373262 0.000101281
AC 278 -7.46928 -7.46928 -7.46987
OP 279 0.515614 0.584067 0.397443 0.134654 0.369338 9.67195E-05
AC 279 -1.5126 -1.5126 -1.51324
OP 280 0.530217 0.573536 0.38273 0.136824 0.373942 0.000103922
AC 280 2.8554 2.8554 2.85485
OP 281 0.524318 0.567967 0.380998 0.141127 0.373359 0.000104819
AC 281 0.806036 0.806036 0.805551
OP 282 0.523678 0.581797 0.389124 0.136007 0.372674 0.000100574
AC 282 1.24529 1.24529 1.2447
OP 283 0.515241 0.581165 0.390812 0.138706 0.368887 9.97753E-05
AC 283 0.316896 0.316896 0.316292
OP 284 0.508708 0.589567 0.398607 0.137953 0.364755 9.51251E-05
AC 284 0.535652 0.535652 0.534992
OP 285 0.510857 0.57433 0.392535 0.134093 0.36899 9.91939E-05
AC 285 -3.87657 -3.87657 -3.87715
OP 286 0.532242 0.588146 0.392163 0.143085 0.368208 9.87723E-05
AC 286 4.17547 4.17547 4.17479
OP 287 0.51848 0.579408 0.389295 0.13419 0.371351 0.000100511
AC 287 -1.98102 -1.98102 -1.98162
OP 288 0.522408 0.579397 0.396692 0.14086 0.3676 9.71218E-05
AC 288 1.32728 1.32728 1.32666
OP 289 0.524723 0.574667 0.397372 0.135977 0.367543 9.68005E-05
AC 289 -4.78493 -4.78493 -4.78552
OP 290 0.51992 0.57564 0.398158 0.138736 0.36489 9.66887E-05
AC 290 -3.55516 -3.55516 -3.55574
OP 291 0.520067 0.561797 0.389169 0.13885 0.371487 0.000101433
AC 291 -9.0644 -9.0644 -9.06488
OP 292 0.512368 0.574484 0.387708 0.134432 0.374976 0.000102129
AC 292 -6.9623 -6.9623 -6.96282
OP 293 0.51265 0.576147 0.380269 0.136174 0.374125 0.000104748
AC 293 1.92224 1.92224 1.9217
OP 294 0.516292 0.573588 0.383283 0.133029 0.374232 0.000104078
AC 294 -1.91476 -1.91476 -1.9153
OP 295 0.50868 0.583767 0.395653 0.132436 0.367987 9.71926E-05
AC 295 -1.35155 -1.35155 -1.35223
OP 296 0.519054 0.575235 0.389829 0.138867 0.372072 0.000100669
AC 296 -0.226801 -0.226801 -0.227376
OP 297 0.517402 0.583062 0.395801 0.134472 0.365781 9.76246E-05
AC 297 -1.17133 -1.17133 -1.17194
OP 298 0.529292 0.581983 0.394698 0.144603 0.364299 9.78092E-05
AC 298 3.52626 3.52626 3.52564
OP 299 0.518696 0.575785 0.386842 0.139896 0.372185 0.000101671
AC 299 0.109819 0.109819 0.109246
