OP 0 0.515498 0.486212 0.306729 0.119222 0.367672 0.000105521
AC 0 -2.14073 -2.14073 -2.1412
OP 1 0.520404 0.479705 0.301468 0.119733 0.367449 0.000109152
AC 1 -1.83851 -1.83851 -1.83894
OP 2 0.542989 0.478612 0.302408 0.125457 0.365096 0.000108588
AC 2 -0.0370042 -0.0370042 -0.0374284
OP 3 0.524467 0.49009 0.312273 0.116049 0.361699 0.000102424
AC 3 -0.972781 -0.972781 -0.973314
OP 4 0.503408 0.493962 0.312919 0.114768 0.362862 0.000101297
AC 4 -1.89975 -1.89975 -1.9003
OP 5 0.495773 0.483576 0.300904 0.0996289 0.370859 0.000109563
AC 5 -7.65699 -7.65699 -7.65743
OP 6 0.510092 0.488858 0.312124 0.118165 0.361829 0.000102459
AC 6 -1.17266 -1.17266 -1.17316
OP 7 0.522339 0.481539 0.313785 0.121144 0.361888 0.00010175
AC 7 -4.23875 -4.23875 -4.23923
OP 8 0.511441 0.474781 0.301704 0.108556 0.371128 0.000109667
AC 8 -28.2591 -28.2591 -28.2596
OP 9 0.527476 0.493447 0.302978 0.130706 0.366803 0.000107522
AC 9 5.0286 5.0286 5.0281
OP 10 0.51376 0.479018 0.304429 0.1145 0.367909 0.000107266
AC 10 -6.08982 -6.08982 -6.09027
OP 11 0.519713 0.4824 0.304957 0.116663 0.36666 0.000106348
AC 11 -2.99905 -2.99905 -2.9995
OP 12 0.516259 0.487722 0.309882 0.11621 0.363961 0.000104167
AC 12 -1.14149 -1.14149 -1.14198
OP 13 0.523671 0.488103 0.312361 0.132238 0.362778 0.000102409
AC 13 2.65051 2.65051 2.65002
OP 14 0.51759 0.489304 0.297755 0.120778 0.368963 0.000110974
AC 14 2.45972 2.45972 2.45926
OP 15 0.530087 0.480193 0.306389 0.127524 0.366941 0.000106167
AC 15 0.996334 0.996334 0.995886
OP 16 0.521322 0.487687 0.314074 0.122541 0.362514 0.000101469
AC 16 1.06295 1.06295 1.06243
OP 17 0.532966 0.491256 0.31011 0.128506 0.361335 0.000103141
AC 17 4.06432 4.06432 4.06378
OP 18 0.520992 0.483825 0.304722 0.119648 0.365035 0.000106714
AC 18 -1.75264 -1.75264 -1.75309
OP 19 0.516038 0.492541 0.314584 0.116233 0.362354 0.000101151
AC 19 -0.916029 -0.916029 -0.916555
OP 20 0.519773 0.491456 0.307535 0.122845 0.364484 0.0001055
AC 20 2.10851 2.10851 2.10804
OP 21 0.525182 0.498512 0.304033 0.130578 0.365568 0.000106599
AC 21 5.12233 5.12233 5.1218
OP 22 0.516417 0.488168 0.303243 0.114051 0.366167 0.000108171
AC 22 -6.09714 -6.09714 -6.09758
OP 23 0.525172 0.492335 0.307541 0.121641 0.36175 0.000104872
AC 23 2.07836 2.07836 2.07784
OP 24 0.528331 0.494748 0.305947 0.120459 0.363224 0.000105648
AC 24 2.56474 2.56474 2.56421
OP 25 0.536769 0.490696 0.304631 0.124397 0.36198 0.000106294
AC 25 3.16967 3.16967 3.16916
OP 26 0.519183 0.487582 0.299354 0.111911 0.366791 0.000109887
AC 26 -2.65007 -2.65007 -2.65054
OP 27 0.530859 0.487966 0.313793 0.12498 0.363074 0.000101351
AC 27 1.09975 1.09975 1.09923
OP 28 0.523069 0.493305 0.309499 0.125717 0.361333 0.000103304
AC 28 3.83977 3.83977 3.8392
OP 29 0.532049 0.4848 0.301727 0.122283 0.367396 0.000108659
AC 29 0.449838 0.449838 0.449419
OP 30 0.517562 0.491815 0.313679 0.121064 0.362599 0.000101208
AC 30 -0.140258 -0.140258 -0.140768
OP 31 0.537805 0.478699 0.296615 0.120855 0.37058 0.000111858
AC 31 -0.898026 -0.898026 -0.898434
OP 32 0.516442 0.497105 0.312157 0.123475 0.364161 0.000102496
AC 32 1.58503 1.58503 1.5845
OP 33 0.522397 0.484922 0.308749 0.120006 0.366094 0.000105179
AC 33 -1.64744 -1.64744 -1.64788
OP 34 0.509558 0.501563 0.312989 0.127692 0.363227 0.000100845
AC 34 3.71566 3.71566 3.71508
OP 35 0.533288 0.511201 0.315662 0.136058 0.36161 9.94691E-05
AC 35 7.09071 7.09071 7.09006
OP 36 0.518582 0.482466 0.309248 0.118247 0.362028 0.000104828
AC 36 -2.66873 -2.66873 -2.66919
OP 37 0.524703 0.486334 0.30599 0.116633 0.366144 0.00010609
AC 37 -0.308283 -0.308283 -0.308785
OP 38 0.525486 0.486137 0.31422 0.116078 0.361522 0.00010105
AC 38 -4.91932 -4.91932 -4.91982
OP 39 0.51924 0.500687 0.317127 0.120346 0.361465 9.86811E-05
AC 39 2.41786 2.41786 2.41727
OP 40 0.52755 0.487754 0.310708 0.121891 0.365249 0.000103264
AC 40 0.390244 0.390244 0.38975
OP 41 0.530359 0.481521 0.305304 0.124798 0.367033 0.000106928
AC 41 1.04267 1.04267 1.04222
OP 42 0.522742 0.492211 0.300865 0.112325 0.367156 0.000108881
AC 42 -0.506641 -0.506641 -0.507122
OP 43 0.517167 0.486569 0.300382 0.120773 0.365379 0.000109101
AC 43 0.890458 0.890458 0.890016
OP 44 0.516017 0.492347 0.303328 0.121183 0.367697 0.000107151
AC 44 0.949878 0.949878 0.949396
OP 45 0.523545 0.494077 0.306085 0.118432 0.365036 0.000105567
AC 45 0.305078 0.305078 0.304553
OP 46 0.53262 0.48785 0.303805 0.124204 0.367356 0.000107008
AC 46 1.91001 1.91001 1.90954
OP 47 0.528297 0.491541 0.305072 0.123915 0.363239 0.000105854
AC 47 4.25803 4.25803 4.25747
OP 48 0.514783 0.483913 0.304251 0.113096 0.366353 0.000107439
AC 48 -8.2576 -8.2576 -8.25804
OP 49 0.523066 0.484545 0.30382 0.118684 0.365454 0.000107689
AC 49 -0.50414 -0.50414 -0.504588
OP 50 0.515079 0.484338 0.300164 0.111239 0.368146 0.000109759
AC 50 -6.70895 -6.70895 -6.70938
OP 51 0.525635 0.483245 0.294778 0.118395 0.367878 0.000112907
AC 51 0.68581 0.68581 0.685383
OP 52 0.5271 0.487683 0.295415 0.122083 0.368626 0.00011246
AC 52 2.91199 2.91199 2.91156
OP 53 0.529029 0.479634 0.291055 0.115133 0.372046 0.000115145
AC 53 -0.70896 -0.70896 -0.709383
OP 54 0.511502 0.4795 0.303722 0.114351 0.369127 0.000107797
AC 54 -6.17833 -6.17833 -6.17877
OP 55 0.527602 0.477994 0.296172 0.127328 0.370609 0.000112285
AC 55 1.57873 1.57873 1.57834
OP 56 0.511371 0.486597 0.301957 0.111204 0.367112 0.000108751
AC 56 -6.21259 -6.21259 -6.21303
OP 57 0.529278 0.493064 0.308754 0.116846 0.365557 0.00010377
AC 57 0.522243 0.522243 0.521715
OP 58 0.527684 0.488155 0.30473 0.11661 0.365623 0.000107027
AC 58 0.317074 0.317074 0.316577
OP 59 0.528659 0.476583 0.294733 0.122507 0.371436 0.00011301
AC 59 0.0682827 0.0682827 0.0678922
OP 60 0.512902 0.488807 0.303873 0.113142 0.365438 0.000107153
AC 60 -3.89756 -3.89756 -3.89803
OP 61 0.534276 0.496731 0.312797 0.127114 0.361318 0.000101917
AC 61 4.22253 4.22253 4.22198
OP 62 0.525293 0.475676 0.309269 0.115384 0.363709 0.000104692
AC 62 -4.73381 -4.73381 -4.73427
OP 63 0.529297 0.482438 0.308713 0.118576 0.363126 0.000104778
AC 63 -4.98968 -4.98968 -4.99012
OP 64 0.53261 0.471346 0.303365 0.121192 0.36568 0.000108538
AC 64 -2.51712 -2.51712 -2.51753
OP 65 0.519811 0.491862 0.3075 0.116052 0.362853 0.000104958
AC 65 0.195508 0.195508 0.195013
OP 66 0.516742 0.470285 0.296117 0.114878 0.371354 0.000112877
AC 66 -11.6919 -11.6919 -11.6923
OP 67 0.528483 0.477537 0.300776 0.126941 0.367596 0.000109686
AC 67 0.774931 0.774931 0.774542
OP 68 0.520004 0.4935 0.315017 0.120449 0.360571 0.000100528
AC 68 -0.782994 -0.782994 -0.783535
OP 69 0.529441 0.483409 0.297986 0.122024 0.367264 0.00011105
AC 69 -0.426494 -0.426494 -0.426924
OP 70 0.524636 0.482847 0.298452 0.123127 0.368265 0.00011067
AC 70 1.62996 1.62996 1.62951
OP 71 0.52167 0.480195 0.300335 0.109886 0.367772 0.000109484
AC 71 -12.094 -12.094 -12.0945
OP 72 0.496157 0.496971 0.301986 0.106726 0.369348 0.000107942
AC 72 -4.91104 -4.91104 -4.91157
OP 73 0.531601 0.490711 0.313405 0.128429 0.358695 0.000101024
AC 73 3.3557 3.3557 3.35518
OP 74 0.523133 0.495303 0.308863 0.125399 0.362559 0.000103813
AC 74 3.15813 3.15813 3.15761
OP 75 0.525319 0.491314 0.302549 0.125185 0.363093 0.000107991
AC 75 3.09783 3.09783 3.09734
OP 76 0.526329 0.47356 0.284851 0.109732 0.374494 0.000119474
AC 76 -12.9894 -12.9894 -12.9897
OP 77 0.503676 0.494948 0.302635 0.115607 0.366925 0.000107857
AC 77 -0.839828 -0.839828 -0.840308
OP 78 0.523051 0.490751 0.307137 0.126068 0.366071 0.000105091
AC 78 3.34506 3.34506 3.34455
OP 79 0.515183 0.484556 0.294902 0.113666 0.37092 0.000112855
AC 79 -5.10437 -5.10437 -5.10481
OP 80 0.526297 0.486688 0.302213 0.114542 0.364584 0.000108299
AC 80 -3.60181 -3.60181 -3.60228
OP 81 0.523856 0.486746 0.305573 0.121874 0.36379 0.000106393
AC 81 0.492674 0.492674 0.492226
OP 82 0.533967 0.499305 0.311347 0.132912 0.362038 0.000101859
AC 82 4.9945 4.9945 4.99396
OP 83 0.523647 0.493972 0.312898 0.132466 0.35915 0.000101249
AC 83 4.41095 4.41095 4.41042
OP 84 0.532384 0.482344 0.31315 0.119333 0.361302 0.00010219
AC 84 -2.62373 -2.62373 -2.62422
OP 85 0.532868 0.489764 0.300886 0.121297 0.366465 0.000108552
AC 85 1.68719 1.68719 1.6867
OP 86 0.517024 0.469546 0.298241 0.111396 0.369752 0.000112112
AC 86 -16.8599 -16.8599 -16.8603
OP 87 0.520161 0.475123 0.291898 0.11324 0.371902 0.000115263
AC 87 -7.3949 -7.3949 -7.39527
OP 88 0.520635 0.475294 0.309464 0.113372 0.367153 0.000104785
AC 88 -11.2004 -11.2004 -11.2009
OP 89 0.523782 0.495582 0.311286 0.116335 0.360765 0.000102827
AC 89 0.904411 0.904411 0.903852
OP 90 0.516742 0.49066 0.300231 0.119553 0.367827 0.000108998
AC 90 2.02748 2.02748 2.02699
OP 91 0.510865 0.48509 0.305058 0.122981 0.364799 0.000106678
AC 91 0.378531 0.378531 0.37808
OP 92 0.532197 0.474375 0.293539 0.120642 0.369308 0.000114397
AC 92 -0.750455 -0.750455 -0.750839
OP 93 0.521066 0.484248 0.302039 0.118922 0.36359 0.000108294
AC 93 0.403604 0.403604 0.403126
OP 94 0.497328 0.494044 0.301143 0.119756 0.368208 0.000108402
AC 94 2.87126 2.87126 2.87076
OP 95 0.52481 0.489366 0.311182 0.120697 0.363058 0.000103009
AC 95 -0.00524406 -0.00524406 -0.00572232
OP 96 0.529568 0.507079 0.309511 0.135824 0.364851 0.00010316
AC 96 6.21818 6.21818 6.21762
OP 97 0.520624 0.487554 0.300439 0.120905 0.367989 0.000109472
AC 97 0.228112 0.228112 0.227667
OP 98 0.535694 0.490892 0.306489 0.123981 0.362468 0.000105671
AC 98 2.43034 2.43034 2.42985
OP 99 0.514982 0.499548 0.321561 0.122693 0.358742 9.66562E-05
AC 99 1.3934 1.3934 1.39283
OP 100 0.511512 0.495591 0.317395 0.120507 0.361326 9.95936E-05
AC 100 1.51356 1.51356 1.51299
OP 101 0.515171 0.488068 0.314638 0.118112 0.36102 0.000101196
AC 101 -1.76192 -1.76192 -1.76243
OP 102 0.516384 0.490479 0.301597 0.116016 0.367129 0.000108452
AC 102 0.643522 0.643522 0.64304
OP 103 0.517339 0.483646 0.312193 0.120046 0.364016 0.000102133
AC 103 -1.04462 -1.04462 -1.04513
OP 104 0.515161 0.489793 0.308766 0.115816 0.363879 0.00010409
AC 104 0.281282 0.281282 0.28075
OP 105 0.502081 0.499944 0.310657 0.123468 0.360201 0.000102703
AC 105 3.23364 3.23364 3.2331
OP 106 0.523475 0.482101 0.300308 0.114861 0.367296 0.000109495
AC 106 -2.89117 -2.89117 -2.89162
OP 107 0.50923 0.503738 0.309513 0.113429 0.364379 0.000103257
AC 107 1.1592 1.1592 1.15861
OP 108 0.519096 0.504694 0.315431 0.129357 0.358494 9.9971E-05
AC 108 5.03368 5.03368 5.03309
OP 109 0.519174 0.480701 0.307923 0.114454 0.36449 0.000105125
AC 109 -6.82745 -6.82745 -6.8279
OP 110 0.521191 0.477169 0.29471 0.122265 0.369892 0.000113299
AC 110 -1.55831 -1.55831 -1.5587
OP 111 0.519962 0.488312 0.305102 0.11893 0.365813 0.000106456
AC 111 0.708399 0.708399 0.707905
OP 112 0.543733 0.494981 0.296871 0.131916 0.367843 0.00011034
AC 112 5.71959 5.71959 5.7191
OP 113 0.528818 0.483119 0.299889 0.116572 0.367278 0.000109594
AC 113 -1.45227 -1.45227 -1.45272
OP 114 0.520674 0.475909 0.296565 0.117171 0.368266 0.000112114
AC 114 -1.71518 -1.71518 -1.7156
OP 115 0.518758 0.482033 0.303175 0.117802 0.366771 0.000107991
AC 115 -1.75849 -1.75849 -1.75894
OP 116 0.517689 0.497383 0.307503 0.117082 0.364459 0.000104699
AC 116 1.36101 1.36101 1.36048
OP 117 0.524754 0.496199 0.30575 0.117598 0.364779 0.000105778
AC 117 2.1432 2.1432 2.14269
OP 118 0.524979 0.479358 0.303946 0.113459 0.365825 0.000107749
AC 118 -8.99346 -8.99346 -8.99389
OP 119 0.526575 0.489876 0.303327 0.124592 0.365544 0.000107248
AC 119 2.82111 2.82111 2.82062
OP 120 0.527062 0.498725 0.305464 0.122805 0.364565 0.000105651
AC 120 2.82279 2.82279 2.8223
OP 121 0.540519 0.495738 0.310577 0.126302 0.365134 0.000103555
AC 121 3.24841 3.24841 3.24791
OP 122 0.534363 0.48503 0.305002 0.124003 0.36507 0.000106936
AC 122 1.16782 1.16782 1.16737
OP 123 0.523361 0.48805 0.31022 0.1171 0.361419 0.000103161
AC 123 -2.58882 -2.58882 -2.58933
OP 124 0.524368 0.48585 0.309253 0.126055 0.363896 0.000104125
AC 124 1.83161 1.83161 1.83115
OP 125 0.517768 0.49502 0.30952 0.126693 0.363567 0.000103708
AC 125 3.01361 3.01361 3.01312
OP 126 0.524242 0.484469 0.300807 0.11678 0.367839 0.000109385
AC 126 -3.58758 -3.58758 -3.588
OP 127 0.527417 0.485939 0.30244 0.118036 0.367709 0.000108386
AC 127 -1.63839 -1.63839 -1.63884
OP 128 0.517539 0.486717 0.306399 0.115123 0.364755 0.000105907
AC 128 -2.28811 -2.28811 -2.28858
OP 129 0.53441 0.49261 0.307064 0.119968 0.362661 0.000105167
AC 129 2.86404 2.86404 2.86348
OP 130 0.522995 0.490494 0.303378 0.124284 0.36583 0.000107503
AC 130 1.9075 1.9075 1.90704
OP 131 0.5345 0.491274 0.307305 0.126444 0.362821 0.000104367
AC 131 3.63019 3.63019 3.62968
OP 132 0.522515 0.48238 0.293354 0.117507 0.371614 0.000113786
AC 132 -1.59866 -1.59866 -1.59908
OP 133 0.532517 0.490885 0.307907 0.124574 0.362467 0.000104554
AC 133 3.25213 3.25213 3.2516
OP 134 0.502149 0.500589 0.31215 0.114783 0.361719 0.000102047
AC 134 0.443598 0.443598 0.443016
OP 135 0.514787 0.488968 0.309722 0.118787 0.364487 0.000104447
AC 135 0.748284 0.748284 0.747788
OP 136 0.525572 0.47602 0.292855 0.123458 0.370054 0.000114623
AC 136 -0.485732 -0.485732 -0.486107
OP 137 0.518999 0.487771 0.302522 0.1234 0.366095 0.000107772
AC 137 1.81219 1.81219 1.81172
OP 138 0.538212 0.487874 0.297947 0.125606 0.367179 0.000111004
AC 138 2.8577 2.8577 2.85724
OP 139 0.518168 0.480599 0.302325 0.11175 0.365787 0.000108807
AC 139 -7.11332 -7.11332 -7.11377
OP 140 0.532917 0.488418 0.300695 0.118094 0.369379 0.00010893
AC 140 1.08254 1.08254 1.08206
OP 141 0.530249 0.493977 0.312553 0.129882 0.362916 0.000102293
AC 141 3.01741 3.01741 3.0169
OP 142 0.518792 0.480208 0.303617 0.115538 0.368759 0.000108755
AC 142 -4.67964 -4.67964 -4.68006
OP 143 0.529033 0.47617 0.293874 0.117355 0.371368 0.000113966
AC 143 -3.84579 -3.84579 -3.84619
OP 144 0.523541 0.490474 0.305371 0.12133 0.364429 0.000105988
AC 144 1.1907 1.1907 1.19022
OP 145 0.508327 0.504089 0.314013 0.116969 0.357658 9.99916E-05
AC 145 2.92983 2.92983 2.92918
OP 146 0.519155 0.487914 0.301056 0.114901 0.366911 0.000109052
AC 146 -1.49129 -1.49129 -1.49174
OP 147 0.532513 0.486233 0.300024 0.11874 0.365106 0.000109752
AC 147 1.49877 1.49877 1.4983
OP 148 0.52769 0.493327 0.301608 0.1214 0.367004 0.000107211
AC 148 1.48195 1.48195 1.48148
OP 149 0.526362 0.4889 0.312688 0.118537 0.363205 0.000102143
AC 149 -1.5623 -1.5623 -1.56279
OP 150 0.527037 0.488834 0.302111 0.121653 0.366299 0.000108428
AC 150 2.76394 2.76394 2.76346
OP 151 0.526242 0.50394 0.312469 0.125381 0.361526 0.00010185
AC 151 6.0042 6.0042 6.00359
OP 152 0.505526 0.489539 0.309994 0.116911 0.364215 0.000103997
AC 152 -1.94743 -1.94743 -1.94792
OP 153 0.520136 0.491675 0.306331 0.122277 0.364366 0.000105445
AC 153 1.87146 1.87146 1.87095
OP 154 0.535368 0.499461 0.314397 0.131492 0.357663 9.9928E-05
AC 154 5.49892 5.49892 5.4983
OP 155 0.523659 0.488185 0.303948 0.127291 0.366079 0.000107199
AC 155 3.03426 3.03426 3.0338
OP 156 0.526379 0.483014 0.294327 0.116523 0.370064 0.000112829
AC 156 -0.887556 -0.887556 -0.887972
OP 157 0.533174 0.497779 0.304449 0.125403 0.365064 0.000105955
AC 157 5.15693 5.15693 5.15636
OP 158 0.510713 0.487207 0.306073 0.1184 0.363727 0.000106695
AC 158 -0.50842 -0.50842 -0.508895
OP 159 0.51963 0.496436 0.312785 0.122529 0.360279 0.000101631
AC 159 2.18782 2.18782 2.18727
OP 160 0.520459 0.495951 0.307644 0.121224 0.363804 0.00010523
AC 160 0.0427965 0.0427965 0.0422993
OP 161 0.524001 0.486162 0.305105 0.116741 0.366841 0.000106523
AC 161 -2.79943 -2.79943 -2.79988
OP 162 0.528386 0.482785 0.30935 0.123008 0.362642 0.000104227
AC 162 -1.13061 -1.13061 -1.13106
OP 163 0.527377 0.505061 0.309343 0.132218 0.362976 0.00010291
AC 163 5.64992 5.64992 5.64933
OP 164 0.510077 0.490588 0.297577 0.115232 0.368108 0.000110794
AC 164 0.409964 0.409964 0.409498
OP 165 0.521701 0.489083 0.300421 0.120846 0.364898 0.000109043
AC 165 1.43197 1.43197 1.4315
OP 166 0.518305 0.482804 0.304865 0.117246 0.362956 0.000106725
AC 166 -1.43046 -1.43046 -1.43091
OP 167 0.522167 0.490505 0.308182 0.117086 0.364272 0.000105234
AC 167 -1.38873 -1.38873 -1.38923
OP 168 0.515303 0.487172 0.305268 0.115602 0.366418 0.000106342
AC 168 -0.81951 -0.81951 -0.819988
OP 169 0.520543 0.480583 0.301165 0.118158 0.368754 0.000109043
AC 169 -2.08809 -2.08809 -2.08852
OP 170 0.525013 0.491913 0.31467 0.121742 0.359593 0.000101192
AC 170 1.90033 1.90033 1.89977
OP 171 0.517554 0.497595 0.310879 0.122878 0.360847 0.000102671
AC 171 3.4869 3.4869 3.48635
OP 172 0.523996 0.494905 0.31814 0.124866 0.361171 9.90748E-05
AC 172 1.45722 1.45722 1.45667
OP 173 0.520029 0.489451 0.303828 0.122218 0.364365 0.000107017
AC 173 2.6668 2.6668 2.66631
OP 174 0.519848 0.483957 0.303114 0.110601 0.36598 0.000107916
AC 174 -6.23865 -6.23865 -6.23912
OP 175 0.539315 0.492582 0.306364 0.127902 0.362316 0.000104857
AC 175 3.5235 3.5235 3.52298
OP 176 0.525764 0.493851 0.310916 0.123662 0.362681 0.000102626
AC 176 2.78347 2.78347 2.78295
OP 177 0.500922 0.489333 0.317589 0.113649 0.359968 9.90986E-05
AC 177 -7.12841 -7.12841 -7.12893
OP 178 0.520714 0.479671 0.300629 0.112644 0.368367 0.000109977
AC 178 -4.31357 -4.31357 -4.31401
OP 179 0.520867 0.49581 0.314258 0.115342 0.362161 0.000100946
AC 179 -1.21337 -1.21337 -1.21392
OP 180 0.520472 0.508279 0.319198 0.128462 0.357393 9.73671E-05
AC 180 6.00702 6.00702 6.00636
OP 181 0.522101 0.471084 0.29773 0.111596 0.370985 0.000111511
AC 181 -30.5886 -30.5886 -30.589
OP 182 0.521098 0.501566 0.3082 0.127217 0.360726 0.000103517
AC 182 5.39253 5.39253 5.39193
OP 183 0.535596 0.497363 0.320161 0.135408 0.357469 9.73434E-05
AC 183 4.80512 4.80512 4.80454
OP 184 0.529214 0.482731 0.300544 0.123618 0.366798 0.000109404
AC 184 0.547789 0.547789 0.547357
OP 185 0.519214 0.483075 0.30263 0.116685 0.367773 0.000108014
AC 185 -3.93807 -3.93807 -3.93851
OP 186 0.542445 0.486795 0.303157 0.125228 0.365205 0.000107121
AC 186 2.71467 2.71467 2.7142
OP 187 0.534952 0.481004 0.301104 0.125005 0.368343 0.000109442
AC 187 1.11114 1.11114 1.11074
OP 188 0.503987 0.481411 0.295689 0.113726 0.369195 0.000112574
AC 188 -3.77569 -3.77569 -3.77611
OP 189 0.515886 0.484849 0.308007 0.123975 0.363737 0.000104726
AC 189 0.986211 0.986211 0.985713
OP 190 0.523095 0.484641 0.300741 0.113084 0.365512 0.000109041
AC 190 -1.86009 -1.86009 -1.86054
OP 191 0.522019 0.493591 0.305434 0.12868 0.36257 0.000105724
AC 191 4.22857 4.22857 4.22807
OP 192 0.536483 0.484157 0.29662 0.11827 0.368781 0.000112133
AC 192 0.0341012 0.0341012 0.0336625
OP 193 0.517449 0.487907 0.300515 0.118806 0.366309 0.000109454
AC 193 -0.254488 -0.254488 -0.254938
OP 194 0.510392 0.490716 0.302176 0.117369 0.367285 0.000108288
AC 194 0.121066 0.121066 0.120568
OP 195 0.535835 0.486482 0.308348 0.125726 0.363916 0.000104767
AC 195 2.43068 2.43068 2.4302
OP 196 0.524121 0.484187 0.304298 0.124103 0.3652 0.000107073
AC 196 2.03662 2.03662 2.03616
OP 197 0.520748 0.489347 0.310114 0.120842 0.364495 0.000103624
AC 197 0.584055 0.584055 0.583539
OP 198 0.54018 0.498162 0.310837 0.12471 0.36116 0.000102112
AC 198 4.47127 4.47127 4.4707
OP 199 0.533296 0.491435 0.313508 0.121793 0.363912 0.000101847
AC 199 1.31917 1.31917 1.31865
OP 200 0.521099 0.485012 0.310888 0.11351 0.364171 0.000103115
AC 200 -5.30205 -5.30205 -5.30255
OP 201 0.52314 0.492516 0.304481 0.120558 0.363817 0.000106708
AC 201 2.50744 2.50744 2.50692
OP 202 0.532574 0.483907 0.314048 0.123545 0.360925 0.000101549
AC 202 -1.68461 -1.68461 -1.68509
OP 203 0.530043 0.489566 0.306308 0.123773 0.363948 0.000106115
AC 203 2.22352 2.22352 2.22305
OP 204 0.522958 0.482794 0.29514 0.116013 0.369818 0.000113108
AC 204 -2.1497 -2.1497 -2.1501
OP 205 0.521517 0.49047 0.306037 0.111246 0.364606 0.000105539
AC 205 -1.88385 -1.88385 -1.88437
OP 206 0.535191 0.486591 0.300297 0.121239 0.364611 0.000109185
AC 206 0.98409 0.98409 0.983624
OP 207 0.509687 0.487722 0.308324 0.114921 0.364282 0.000104101
AC 207 -2.51803 -2.51803 -2.51853
OP 208 0.5102 0.482063 0.301107 0.110879 0.367207 0.000109007
AC 208 -12.8214 -12.8214 -12.8218
OP 209 0.508645 0.495335 0.308038 0.111391 0.365475 0.000104348
AC 209 -4.18406 -4.18406 -4.18459
OP 210 0.531737 0.489854 0.304075 0.122532 0.365856 0.000106491
AC 210 1.55847 1.55847 1.55799
OP 211 0.52249 0.49204 0.316413 0.122685 0.361557 9.96821E-05
AC 211 1.49931 1.49931 1.49878
OP 212 0.512712 0.480958 0.295684 0.116165 0.369082 0.000112182
AC 212 -0.805556 -0.805556 -0.805983
OP 213 0.524468 0.488849 0.309372 0.12317 0.361548 0.000103795
AC 213 2.45419 2.45419 2.45367
OP 214 0.517147 0.486554 0.298314 0.106781 0.368596 0.000110939
AC 214 -13.2283 -13.2283 -13.2288
OP 215 0.516063 0.492742 0.303826 0.115378 0.368592 0.000107059
AC 215 -0.200635 -0.200635 -0.201144
OP 216 0.523406 0.486177 0.305065 0.119547 0.367318 0.00010677
AC 216 -0.69855 -0.69855 -0.699019
OP 217 0.514886 0.483991 0.289235 0.111464 0.372712 0.00011696
AC 217 -7.56628 -7.56628 -7.56668
OP 218 0.529107 0.500058 0.316121 0.126901 0.360387 9.97727E-05
AC 218 4.05498 4.05498 4.0544
OP 219 0.530674 0.486388 0.31516 0.129607 0.361593 0.00010089
AC 219 1.50408 1.50408 1.5036
OP 220 0.517148 0.484831 0.293126 0.11329 0.370073 0.000113672
AC 220 -2.85838 -2.85838 -2.85881
OP 221 0.522446 0.487838 0.298325 0.119455 0.368819 0.000110638
AC 221 1.30595 1.30595 1.30548
OP 222 0.52856 0.484466 0.307916 0.126119 0.365644 0.000104831
AC 222 1.6275 1.6275 1.62702
OP 223 0.514016 0.494811 0.316365 0.118814 0.36127 0.000100064
AC 223 0.0933196 0.0933196 0.0927706
OP 224 0.519167 0.487135 0.307199 0.118079 0.362548 0.000105368
AC 224 -2.44877 -2.44877 -2.44925
OP 225 0.513662 0.492582 0.304777 0.122263 0.363887 0.000105713
AC 225 2.53385 2.53385 2.53333
OP 226 0.536365 0.474697 0.290932 0.116308 0.371527 0.000115287
AC 226 -3.86978 -3.86978 -3.87018
OP 227 0.532006 0.479704 0.306063 0.127776 0.365019 0.000106387
AC 227 1.47703 1.47703 1.47659
OP 228 0.528903 0.504302 0.310662 0.13102 0.361207 0.000102374
AC 228 5.00845 5.00845 5.00788
OP 229 0.528238 0.502685 0.313844 0.12221 0.359447 0.000100718
AC 229 3.38889 3.38889 3.38829
OP 230 0.524894 0.478598 0.296047 0.10967 0.368185 0.000112061
AC 230 -8.59966 -8.59966 -8.60009
OP 231 0.51227 0.494231 0.30992 0.118328 0.360761 0.000103113
AC 231 1.23511 1.23511 1.23455
OP 232 0.519838 0.497503 0.297947 0.116197 0.366378 0.00011059
AC 232 3.17394 3.17394 3.1734
OP 233 0.520085 0.502788 0.317166 0.12892 0.359555 9.86623E-05
AC 233 4.4188 4.4188 4.41819
OP 234 0.526187 0.485801 0.300396 0.114077 0.368372 0.000109416
AC 234 -5.84609 -5.84609 -5.84652
OP 235 0.519199 0.489072 0.303806 0.113919 0.364579 0.000107241
AC 235 -0.138772 -0.138772 -0.139283
OP 236 0.526283 0.484491 0.299754 0.123941 0.36793 0.000110317
AC 236 1.98632 1.98632 1.98588
OP 237 0.52662 0.481376 0.299712 0.118665 0.367853 0.000110044
AC 237 -0.840717 -0.840717 -0.841158
OP 238 0.525038 0.487955 0.292164 0.12212 0.370955 0.000114138
AC 238 2.80592 2.80592 2.80549
OP 239 0.521109 0.484499 0.297276 0.121081 0.369038 0.00011104
AC 239 1.40552 1.40552 1.40507
OP 240 0.52924 0.492399 0.30815 0.134045 0.361573 0.000104596
AC 240 4.00438 4.00438 4.00389
OP 241 0.524543 0.487363 0.303703 0.112658 0.365175 0.000107626
AC 241 -6.51351 -6.51351 -6.51399
OP 242 0.519567 0.49564 0.314331 0.125017 0.359909 0.000100424
AC 242 2.15237 2.15237 2.1518
OP 243 0.532687 0.484623 0.301938 0.119822 0.366094 0.000108781
AC 243 0.431754 0.431754 0.431286
OP 244 0.517 0.499998 0.313054 0.123217 0.362132 0.000101582
AC 244 2.91841 2.91841 2.91787
OP 245 0.514598 0.481408 0.306548 0.115061 0.36445 0.000106549
AC 245 -8.70705 -8.70705 -8.70748
OP 246 0.528954 0.503909 0.312964 0.129075 0.359772 0.000101176
AC 246 5.41391 5.41391 5.41332
OP 247 0.53033 0.486748 0.309116 0.124229 0.363035 0.00010449
AC 247 1.99621 1.99621 1.99572
OP 248 0.525495 0.492916 0.320917 0.127729 0.35902 9.73135E-05
AC 248 2.27108 2.27108 2.27054
OP 249 0.515574 0.489387 0.300662 0.116017 0.368023 0.000109106
AC 249 -1.57411 -1.57411 -1.57457
OP 250 0.532399 0.47954 0.304794 0.126815 0.364713 0.000107067
AC 250 1.32446 1.32446 1.32401
OP 251 0.517497 0.479578 0.293959 0.109516 0.372849 0.000113724
AC 251 -14.0229 -14.0229 -14.0233
OP 252 0.531833 0.508662 0.314565 0.134994 0.358052 9.95414E-05
AC 252 5.98303 5.98303 5.98241
OP 253 0.518396 0.500249 0.310519 0.116189 0.363628 0.000102873
AC 253 2.73183 2.73183 2.73122
OP 254 0.498107 0.487379 0.301719 0.111392 0.368557 0.000108681
AC 254 -5.74368 -5.74368 -5.74414
OP 255 0.516386 0.491456 0.304896 0.124547 0.364468 0.000106701
AC 255 2.35108 2.35108 2.35061
OP 256 0.521773 0.486992 0.304845 0.11871 0.367547 0.000107079
AC 256 -0.0816867 -0.0816867 -0.082142
OP 257 0.514861 0.486076 0.306852 0.119299 0.36578 0.000105034
AC 257 0.881179 0.881179 0.880675
OP 258 0.508545 0.4956 0.306837 0.114017 0.362352 0.000104976
AC 258 -0.543324 -0.543324 -0.543867
OP 259 0.524395 0.495682 0.306398 0.121096 0.362714 0.000105309
AC 259 3.56649 3.56649 3.56594
OP 260 0.514071 0.492513 0.312859 0.113725 0.361119 0.000101914
AC 260 -2.06807 -2.06807 -2.06863
OP 261 0.517826 0.488244 0.305472 0.11425 0.364346 0.000106269
AC 261 -4.21479 -4.21479 -4.21526
OP 262 0.520089 0.485589 0.30726 0.112492 0.364536 0.000105447
AC 262 -2.94312 -2.94312 -2.9436
OP 263 0.519446 0.482859 0.30028 0.117134 0.366327 0.000108816
AC 263 -0.708022 -0.708022 -0.708481
OP 264 0.527401 0.487339 0.304473 0.119293 0.362929 0.000106818
AC 264 0.913556 0.913556 0.91307
OP 265 0.53396 0.494513 0.313196 0.127747 0.360354 0.000101537
AC 265 2.77148 2.77148 2.77094
OP 266 0.521789 0.487551 0.311445 0.119277 0.360707 0.000102913
AC 266 -0.482716 -0.482716 -0.483208
OP 267 0.527921 0.48171 0.30382 0.115004 0.364924 0.000108131
AC 267 -7.79848 -7.79848 -7.7989
OP 268 0.521006 0.485672 0.295199 0.118509 0.37125 0.000112689
AC 268 -1.12057 -1.12057 -1.12097
OP 269 0.516651 0.501608 0.305552 0.119058 0.364455 0.00010586
AC 269 3.82524 3.82524 3.8247
OP 270 0.509243 0.483305 0.303033 0.1049 0.363482 0.000108247
AC 270 -18.803 -18.803 -18.8034
OP 271 0.543933 0.491769 0.312347 0.136987 0.36195 0.000102285
AC 271 5.08026 5.08026 5.07974
OP 272 0.523086 0.479136 0.299532 0.115686 0.369475 0.000110162
AC 272 -5.10392 -5.10392 -5.10434
OP 273 0.533792 0.480127 0.293964 0.121662 0.368919 0.000113962
AC 273 0.96442 0.96442 0.964031
OP 274 0.5176 0.479577 0.295607 0.119268 0.371498 0.00011276
AC 274 -1.62725 -1.62725 -1.62766
OP 275 0.517746 0.481759 0.299518 0.118612 0.368624 0.000110273
AC 275 -1.34149 -1.34149 -1.34193
OP 276 0.532182 0.481512 0.298513 0.1195 0.367188 0.000111354
AC 276 -0.516189 -0.516189 -0.516591
OP 277 0.522899 0.483368 0.307574 0.113914 0.364112 0.000105895
AC 277 -3.96029 -3.96029 -3.96077
OP 278 0.512412 0.484954 0.28957 0.119653 0.373539 0.000116113
AC 278 1.4031 1.4031 1.40271
OP 279 0.524819 0.482659 0.297798 0.115099 0.366176 0.000110813
AC 279 -1.42856 -1.42856 -1.42902
OP 280 0.49921 0.494899 0.316158 0.121155 0.361127 0.000100055
AC 280 2.21561 2.21561 2.21504
OP 281 0.514924 0.489922 0.303801 0.118508 0.366761 0.000107109
AC 281 1.58304 1.58304 1.58252
OP 282 0.514753 0.498106 0.311179 0.120882 0.362872 0.000102501
AC 282 2.75404 2.75404 2.75348
OP 283 0.523511 0.496123 0.318909 0.128748 0.358121 9.81025E-05
AC 283 3.79002 3.79002 3.78942
OP 284 0.512146 0.47385 0.287937 0.105904 0.372751 0.000117374
AC 284 -16.0289 -16.0289 -16.0292
OP 285 0.517261 0.485035 0.308272 0.114965 0.365124 0.000104793
AC 285 -4.33575 -4.33575 -4.33623
OP 286 0.527246 0.485278 0.303871 0.120258 0.36589 0.000107189
AC 286 0.661263 0.661263 0.660808
OP 287 0.51671 0.499811 0.316617 0.125024 0.357321 9.89565E-05
AC 287 3.64014 3.64014 3.63954
OP 288 0.52182 0.493187 0.305205 0.125449 0.364483 0.000106225
AC 288 3.81285 3.81285 3.81235
OP 289 0.515493 0.497405 0.314051 0.122385 0.359944 0.000101255
AC 289 2.50247 2.50247 2.50192
OP 290 0.520406 0.481615 0.305007 0.117747 0.365354 0.000107117
AC 290 -2.82753 -2.82753 -2.82798
OP 291 0.523427 0.486955 0.3059 0.119496 0.365838 0.000106038
AC 291 -0.182485 -0.182485 -0.182954
OP 292 0.531484 0.496749 0.307479 0.125623 0.362646 0.000104676
AC 292 4.38685 4.38685 4.38631
OP 293 0.516823 0.496219 0.307688 0.114397 0.364591 0.000104048
AC 293 1.56758 1.56758 1.567
OP 294 0.518216 0.476647 0.305359 0.105725 0.366477 0.000106959
AC 294 -12.5095 -12.5095 -12.5099
OP 295 0.520166 0.488732 0.301727 0.117867 0.365414 0.00010826
AC 295 -1.82007 -1.82007 -1.82053
OP 296 0.526128 0.485868 0.301261 0.119622 0.368398 0.000108668
AC 296 1.18696 1.18696 1.1865
OP 297 0.528216 0.491002 0.295102 0.128133 0.369996 0.000112171
AC 297 4.05235 4.05235 4.0519
OP 298 0.543022 0.467246 0.300172 0.126353 0.36822 0.000110153
AC 298 -0.251908 -0.251908 -0.252308
OP 299 0.531468 0.490173 0.314908 0.122606 0.360481 0.0001011
AC 299 1.2813 1.2813 1.28079
