OP 0 0.593582 0.620793 0.435998 0.125396 0.418364 0.000118176
AC 0 6.49331 6.49331 6.49254
OP 1 0.591252 0.629066 0.435167 0.119124 0.417484 0.000118778
AC 1 6.45284 6.45284 6.45205
OP 2 0.59447 0.646677 0.444914 0.1327 0.413507 0.000110723
AC 2 9.04847 9.04847 9.04735
OP 3 0.588091 0.620871 0.435007 0.124712 0.419023 0.000118532
AC 3 6.59407 6.59407 6.59327
OP 4 0.565273 0.63015 0.434871 0.112675 0.41725 0.00011807
AC 4 5.14387 5.14387 5.14304
OP 5 0.589646 0.632535 0.447882 0.128872 0.410268 0.000109265
AC 5 7.24739 7.24739 7.24649
OP 6 0.582242 0.607978 0.432378 0.109949 0.414169 0.000121151
AC 6 -3.25131 -3.25131 -3.25191
OP 7 0.582253 0.64091 0.444586 0.116702 0.413348 0.000111219
AC 7 7.75889 7.75889 7.75794
OP 8 0.584107 0.619164 0.424817 0.111065 0.423024 0.000125915
AC 8 4.54062 4.54062 4.53994
OP 9 0.591491 0.636561 0.441928 0.118083 0.414083 0.000112897
AC 9 6.3055 6.3055 6.30462
OP 10 0.574923 0.61698 0.42892 0.114679 0.419105 0.000123315
AC 10 3.63433 3.63433 3.63366
OP 11 0.590036 0.606856 0.431117 0.119383 0.422325 0.000122206
AC 11 2.43887 2.43887 2.43826
OP 12 0.595398 0.632491 0.44222 0.121504 0.416708 0.000112973
AC 12 7.54327 7.54327 7.5424
OP 13 0.581839 0.639166 0.449386 0.122784 0.411385 0.000107478
AC 13 7.29558 7.29558 7.29459
OP 14 0.584336 0.636968 0.445818 0.129173 0.408873 0.00010983
AC 14 7.84707 7.84707 7.8461
OP 15 0.59442 0.617344 0.4438 0.121416 0.416701 0.00011317
AC 15 4.83957 4.83957 4.83889
OP 16 0.58247 0.629781 0.431379 0.117949 0.415575 0.000121308
AC 16 6.42455 6.42455 6.42377
OP 17 0.587737 0.609128 0.418568 0.112845 0.426108 0.000131601
AC 17 3.30957 3.30957 3.30895
OP 18 0.585365 0.621121 0.442159 0.121354 0.414157 0.00011374
AC 18 6.06365 6.06365 6.06287
OP 19 0.586072 0.600946 0.417691 0.106601 0.426075 0.00013269
AC 19 -5.30142 -5.30142 -5.30197
OP 20 0.566628 0.612266 0.418874 0.105789 0.425061 0.000131139
AC 20 -0.455974 -0.455974 -0.456571
OP 21 0.588865 0.607918 0.434205 0.110841 0.419887 0.000120319
AC 21 0.526533 0.526533 0.525885
OP 22 0.576538 0.620128 0.437734 0.115188 0.416649 0.000116657
AC 22 4.86547 4.86547 4.86468
OP 23 0.585839 0.620868 0.438189 0.11655 0.418691 0.000116514
AC 23 4.20761 4.20761 4.20687
OP 24 0.573484 0.61843 0.426675 0.112146 0.42123 0.000125196
AC 24 4.74351 4.74351 4.74277
OP 25 0.575835 0.629729 0.445613 0.113277 0.415416 0.000111034
AC 25 5.46095 5.46095 5.46009
OP 26 0.587148 0.632762 0.44066 0.121927 0.418438 0.000113938
AC 26 6.73408 6.73408 6.73312
OP 27 0.585906 0.613211 0.423612 0.113793 0.421965 0.000127143
AC 27 4.08676 4.08676 4.0861
OP 28 0.585667 0.630507 0.451297 0.121581 0.41185 0.000106857
AC 28 6.18759 6.18759 6.18671
OP 29 0.58192 0.623461 0.435503 0.115851 0.418184 0.000118331
AC 29 3.95618 3.95618 3.95546
OP 30 0.592 0.621313 0.444807 0.126369 0.415029 0.000112204
AC 30 5.80387 5.80387 5.8031
OP 31 0.600362 0.621899 0.44722 0.123099 0.414597 0.000110046
AC 31 6.13119 6.13119 6.1304
OP 32 0.595162 0.633082 0.433244 0.124418 0.417405 0.00011866
AC 32 7.45582 7.45582 7.45502
OP 33 0.600132 0.634011 0.441661 0.124699 0.416978 0.000113142
AC 33 7.45105 7.45105 7.45016
OP 34 0.582836 0.61956 0.435296 0.112796 0.418026 0.000118687
AC 34 2.66523 2.66523 2.66452
OP 35 0.583958 0.621384 0.440689 0.113178 0.41417 0.000114902
AC 35 3.21621 3.21621 3.21544
OP 36 0.59763 0.609258 0.435138 0.127341 0.421117 0.000119531
AC 36 4.73932 4.73932 4.73866
OP 37 0.585595 0.619613 0.439169 0.114096 0.416471 0.000116258
AC 37 2.96327 2.96327 2.96255
OP 38 0.596949 0.637663 0.444982 0.130008 0.411634 0.000110379
AC 38 8.73933 8.73933 8.73834
OP 39 0.599515 0.626453 0.442362 0.122234 0.41432 0.000113501
AC 39 6.20607 6.20607 6.20525
OP 40 0.577975 0.628454 0.438966 0.119292 0.414905 0.000114769
AC 40 6.68236 6.68236 6.68149
OP 41 0.577664 0.631819 0.436818 0.117444 0.416539 0.000116854
AC 41 6.45421 6.45421 6.45337
OP 42 0.583505 0.622087 0.434917 0.122053 0.416544 0.000119259
AC 42 6.24439 6.24439 6.24366
OP 43 0.589979 0.633267 0.448451 0.131288 0.411588 0.000108389
AC 43 7.75333 7.75333 7.75233
OP 44 0.588015 0.617401 0.440865 0.11514 0.416083 0.000115551
AC 44 3.57143 3.57143 3.57073
OP 45 0.59975 0.604674 0.428446 0.124805 0.421481 0.000124788
AC 45 3.97251 3.97251 3.97193
OP 46 0.594353 0.62941 0.435794 0.126601 0.415333 0.000117579
AC 46 6.78993 6.78993 6.7891
OP 47 0.577496 0.623804 0.442689 0.109933 0.414218 0.000113237
AC 47 4.26489 4.26489 4.26406
OP 48 0.601519 0.620898 0.442095 0.125854 0.415221 0.000113724
AC 48 6.57937 6.57937 6.57857
OP 49 0.582585 0.625513 0.44939 0.120546 0.412515 0.000108703
AC 49 5.81651 5.81651 5.81567
OP 50 0.583608 0.627883 0.444019 0.124462 0.413045 0.000112363
AC 50 5.43706 5.43706 5.43625
OP 51 0.583925 0.630283 0.440537 0.118003 0.416979 0.000114465
AC 51 5.45464 5.45464 5.45381
OP 52 0.597486 0.615011 0.428459 0.119851 0.419358 0.000123717
AC 52 4.34384 4.34384 4.34316
OP 53 0.583668 0.622803 0.426461 0.109038 0.424034 0.000124971
AC 53 4.25043 4.25043 4.24969
OP 54 0.58749 0.633572 0.441528 0.128853 0.414302 0.000113105
AC 54 7.99714 7.99714 7.99622
OP 55 0.576826 0.615645 0.437254 0.118242 0.418204 0.000117604
AC 55 3.12309 3.12309 3.12242
OP 56 0.587527 0.627448 0.43522 0.122088 0.415982 0.000118662
AC 56 7.08208 7.08208 7.08128
OP 57 0.583432 0.62369 0.43734 0.115498 0.418735 0.000116598
AC 57 5.43987 5.43987 5.43911
OP 58 0.58165 0.629658 0.436771 0.117443 0.420937 0.000116557
AC 58 6.35254 6.35254 6.35171
OP 59 0.589206 0.60827 0.429249 0.116733 0.420658 0.000123962
AC 59 2.39579 2.39579 2.3952
OP 60 0.588388 0.624139 0.438538 0.126942 0.412644 0.0001158
AC 60 6.4017 6.4017 6.40093
OP 61 0.586796 0.629271 0.429785 0.120393 0.420544 0.000122047
AC 61 7.4699 7.4699 7.46905
OP 62 0.591558 0.637007 0.439432 0.128361 0.413065 0.000114122
AC 62 8.60621 8.60621 8.60528
OP 63 0.580093 0.620105 0.430014 0.11813 0.41982 0.000122588
AC 63 3.57708 3.57708 3.57642
OP 64 0.584784 0.628219 0.44671 0.123062 0.414309 0.000110724
AC 64 6.25239 6.25239 6.25154
OP 65 0.579931 0.623173 0.440653 0.109357 0.416169 0.000115166
AC 65 4.04685 4.04685 4.04607
OP 66 0.576725 0.635947 0.442295 0.127418 0.415372 0.000112859
AC 66 7.35566 7.35566 7.35477
OP 67 0.574542 0.629109 0.453495 0.115423 0.409393 0.000105101
AC 67 4.88979 4.88979 4.88884
OP 68 0.59418 0.637022 0.438756 0.120263 0.416028 0.00011518
AC 68 8.55766 8.55766 8.55669
OP 69 0.577293 0.624648 0.433095 0.120054 0.41855 0.000119553
AC 69 5.39277 5.39277 5.39198
OP 70 0.570821 0.635379 0.442307 0.118856 0.413072 0.000112771
AC 70 7.82874 7.82874 7.82776
OP 71 0.572904 0.63259 0.448159 0.118637 0.413449 0.000109097
AC 71 6.58279 6.58279 6.58186
OP 72 0.585531 0.619697 0.422071 0.120444 0.423166 0.000127828
AC 72 6.42587 6.42587 6.42516
OP 73 0.580707 0.622616 0.443445 0.118189 0.413119 0.000113289
AC 73 4.38724 4.38724 4.38645
OP 74 0.575173 0.63724 0.453977 0.127661 0.409066 0.000105072
AC 74 6.40718 6.40718 6.40622
OP 75 0.595003 0.620066 0.441218 0.120085 0.412478 0.000114365
AC 75 5.77053 5.77053 5.76976
OP 76 0.565354 0.621404 0.434478 0.111032 0.42095 0.00011894
AC 76 3.86045 3.86045 3.85972
OP 77 0.562405 0.633019 0.445847 0.106595 0.413665 0.000110564
AC 77 4.14226 4.14226 4.14134
OP 78 0.582689 0.616077 0.437325 0.11965 0.420677 0.000117568
AC 78 4.53451 4.53451 4.53382
OP 79 0.585966 0.621001 0.430404 0.11818 0.420516 0.000122463
AC 79 5.19929 5.19929 5.1986
OP 80 0.586186 0.634639 0.445242 0.123847 0.413396 0.000111422
AC 80 7.00224 7.00224 7.00136
OP 81 0.591115 0.62771 0.446977 0.122737 0.412787 0.000110371
AC 81 5.77476 5.77476 5.77392
OP 82 0.578068 0.636683 0.450708 0.12488 0.409509 0.000106516
AC 82 7.31716 7.31716 7.31613
OP 83 0.585295 0.638992 0.439881 0.125183 0.412468 0.000114403
AC 83 8.56577 8.56577 8.56481
OP 84 0.588791 0.612651 0.428873 0.12001 0.421628 0.000123703
AC 84 4.6781 4.6781 4.67744
OP 85 0.593707 0.615607 0.428379 0.122481 0.420122 0.00012407
AC 85 5.19441 5.19441 5.19373
OP 86 0.571861 0.630424 0.448279 0.119531 0.412246 0.000109428
AC 86 6.21472 6.21472 6.21382
OP 87 0.574159 0.614645 0.44505 0.118494 0.414911 0.000113106
AC 87 2.75622 2.75622 2.75553
OP 88 0.586547 0.631052 0.440114 0.126462 0.416821 0.0001149
AC 88 6.83046 6.83046 6.82962
OP 89 0.579058 0.631183 0.441104 0.11324 0.416688 0.000114253
AC 89 6.15143 6.15143 6.15057
OP 90 0.577962 0.626451 0.447798 0.109415 0.411048 0.000109531
AC 90 3.78374 3.78374 3.78287
OP 91 0.601477 0.619352 0.427713 0.125099 0.42218 0.000123675
AC 91 6.58758 6.58758 6.58684
OP 92 0.590607 0.627303 0.442643 0.12271 0.415901 0.000112344
AC 92 5.57996 5.57996 5.57909
OP 93 0.578687 0.613053 0.418515 0.114976 0.426175 0.000130984
AC 93 3.54911 3.54911 3.54852
OP 94 0.589965 0.622629 0.439074 0.120629 0.417472 0.000116333
AC 94 4.71557 4.71557 4.71483
OP 95 0.606725 0.62707 0.435078 0.129385 0.417931 0.000117765
AC 95 7.28244 7.28244 7.28164
OP 96 0.597896 0.626991 0.430787 0.119716 0.418875 0.00012158
AC 96 6.79934 6.79934 6.79856
OP 97 0.588729 0.610146 0.437665 0.114763 0.417021 0.000118144
AC 97 2.31535 2.31535 2.31469
OP 98 0.58234 0.620905 0.44238 0.120667 0.414475 0.000113464
AC 98 4.76093 4.76093 4.76014
OP 99 0.585406 0.621965 0.439392 0.120903 0.414874 0.000115328
AC 99 4.8888 4.8888 4.88804
OP 100 0.602166 0.626483 0.438469 0.125879 0.416832 0.000115636
AC 100 7.01664 7.01664 7.01582
OP 101 0.595781 0.617145 0.425817 0.119379 0.421951 0.000125222
AC 101 5.00686 5.00686 5.0062
OP 102 0.593269 0.639015 0.449342 0.135744 0.409251 0.000107406
AC 102 8.26725 8.26725 8.26624
OP 103 0.588087 0.619133 0.423758 0.112924 0.422513 0.000127003
AC 103 4.44541 4.44541 4.44471
OP 104 0.59187 0.630257 0.440646 0.11826 0.413371 0.000114473
AC 104 5.51131 5.51131 5.51044
OP 105 0.586597 0.612846 0.421747 0.118923 0.423444 0.00012916
AC 105 5.07836 5.07836 5.07774
OP 106 0.608539 0.611351 0.433143 0.125463 0.41849 0.000120365
AC 106 5.25155 5.25155 5.25088
OP 107 0.568964 0.614664 0.429053 0.107755 0.420612 0.000123879
AC 107 2.07418 2.07418 2.07351
OP 108 0.58144 0.634425 0.44474 0.118782 0.414097 0.000111521
AC 108 6.56994 6.56994 6.56902
OP 109 0.58512 0.628164 0.431047 0.124931 0.41819 0.000121235
AC 109 6.77707 6.77707 6.77632
OP 110 0.588517 0.622445 0.440201 0.116122 0.416685 0.000115588
AC 110 3.30348 3.30348 3.30271
OP 111 0.589881 0.62819 0.432008 0.119198 0.419124 0.000119895
AC 111 7.02443 7.02443 7.02359
OP 112 0.581392 0.611235 0.432749 0.119313 0.417613 0.000120937
AC 112 3.30311 3.30311 3.30245
OP 113 0.587781 0.623173 0.440466 0.130548 0.416105 0.000115006
AC 113 6.62824 6.62824 6.62747
OP 114 0.595552 0.625495 0.435778 0.123851 0.414549 0.0001183
AC 114 7.02908 7.02908 7.02832
OP 115 0.583449 0.621208 0.44278 0.118282 0.413982 0.000113875
AC 115 4.52957 4.52957 4.52883
OP 116 0.576759 0.626925 0.439036 0.117813 0.416326 0.000115335
AC 116 5.44735 5.44735 5.44656
OP 117 0.591904 0.628178 0.452787 0.125271 0.413844 0.000106529
AC 117 6.10756 6.10756 6.10665
OP 118 0.580548 0.626519 0.441624 0.114444 0.416408 0.000113958
AC 118 6.31653 6.31653 6.31567
OP 119 0.594262 0.615176 0.426419 0.111679 0.420173 0.000125016
AC 119 3.48306 3.48306 3.48239
OP 120 0.582461 0.619265 0.439313 0.116368 0.417912 0.000116064
AC 120 3.67928 3.67928 3.67856
OP 121 0.586488 0.625968 0.442485 0.121138 0.416483 0.000113718
AC 121 5.52832 5.52832 5.52752
OP 122 0.590773 0.638857 0.454955 0.122167 0.410981 0.000104516
AC 122 7.42221 7.42221 7.42114
OP 123 0.58427 0.616427 0.434226 0.116691 0.417738 0.000119912
AC 123 4.5718 4.5718 4.57109
OP 124 0.567821 0.626989 0.450163 0.116369 0.410341 0.000108
AC 124 5.33382 5.33382 5.33293
OP 125 0.584945 0.627713 0.433664 0.121489 0.417828 0.000119492
AC 125 7.06159 7.06159 7.0608
OP 126 0.598874 0.625593 0.441291 0.122862 0.417545 0.000114153
AC 126 5.55077 5.55077 5.54997
OP 127 0.574704 0.624256 0.436785 0.117398 0.417672 0.000116947
AC 127 5.36734 5.36734 5.36655
OP 128 0.574829 0.624405 0.442252 0.117755 0.415031 0.000113781
AC 128 5.63281 5.63281 5.632
OP 129 0.580179 0.615549 0.433423 0.113015 0.418964 0.000120551
AC 129 2.884 2.884 2.88331
OP 130 0.586947 0.64026 0.447966 0.120922 0.410282 0.000108827
AC 130 7.32076 7.32076 7.31973
OP 131 0.576835 0.626013 0.434184 0.1191 0.417941 0.000119106
AC 131 5.70601 5.70601 5.70526
OP 132 0.596914 0.618281 0.433957 0.119933 0.4181 0.000119192
AC 132 4.10803 4.10803 4.10733
OP 133 0.581611 0.613524 0.442993 0.120448 0.418009 0.000114171
AC 133 3.36013 3.36013 3.35946
OP 134 0.609758 0.609306 0.424636 0.118788 0.42224 0.000126578
AC 134 4.49225 4.49225 4.49161
OP 135 0.582419 0.61169 0.441081 0.115616 0.417591 0.00011546
AC 135 1.79506 1.79506 1.79443
OP 136 0.575292 0.626598 0.447268 0.121385 0.414897 0.000109902
AC 136 5.68253 5.68253 5.6817
OP 137 0.577115 0.623113 0.431537 0.115888 0.419669 0.000121204
AC 137 5.47259 5.47259 5.47185
OP 138 0.589553 0.634978 0.439772 0.124611 0.414719 0.000114577
AC 138 7.04413 7.04413 7.04323
OP 139 0.603242 0.622608 0.438877 0.121746 0.41641 0.000115729
AC 139 5.70719 5.70719 5.70646
OP 140 0.582348 0.6226 0.435311 0.121741 0.417431 0.000118656
AC 140 5.28901 5.28901 5.28826
OP 141 0.580088 0.638501 0.452361 0.117962 0.409287 0.000106437
AC 141 6.37576 6.37576 6.37478
OP 142 0.595198 0.624242 0.443318 0.119934 0.417221 0.000113176
AC 142 4.68901 4.68901 4.68822
OP 143 0.585356 0.623021 0.44634 0.118949 0.414313 0.000110869
AC 143 4.10307 4.10307 4.10222
OP 144 0.582016 0.615615 0.438479 0.118953 0.418816 0.000116594
AC 144 4.55571 4.55571 4.55499
OP 145 0.604907 0.623037 0.438289 0.131629 0.415443 0.000115908
AC 145 7.57849 7.57849 7.57768
OP 146 0.597225 0.619733 0.442647 0.12691 0.41635 0.000113646
AC 146 5.03099 5.03099 5.03023
OP 147 0.586376 0.625073 0.436437 0.11546 0.416833 0.000117424
AC 147 5.49936 5.49936 5.49857
OP 148 0.589553 0.63236 0.441471 0.128545 0.415761 0.000113244
AC 148 7.93277 7.93277 7.93185
OP 149 0.595413 0.636913 0.443576 0.128798 0.413634 0.000111432
AC 149 7.27229 7.27229 7.27132
OP 150 0.599433 0.620821 0.433431 0.125174 0.419807 0.000119598
AC 150 5.23154 5.23154 5.23082
OP 151 0.584877 0.643829 0.446621 0.126488 0.410681 0.00010976
AC 151 8.17574 8.17574 8.17471
OP 152 0.584956 0.614405 0.4328 0.112721 0.420401 0.000120682
AC 152 4.39396 4.39396 4.39324
OP 153 0.589206 0.630714 0.43795 0.12726 0.416312 0.000116527
AC 153 7.1576 7.1576 7.15681
OP 154 0.591963 0.62 0.426912 0.114077 0.422509 0.00012484
AC 154 4.41528 4.41528 4.41458
OP 155 0.595516 0.619798 0.439152 0.118259 0.41417 0.000116119
AC 155 4.05384 4.05384 4.05309
OP 156 0.59195 0.633484 0.448334 0.119276 0.413981 0.000109202
AC 156 6.19305 6.19305 6.19213
OP 157 0.588035 0.620205 0.445137 0.118358 0.414555 0.000112066
AC 157 4.86602 4.86602 4.86526
OP 158 0.583835 0.626024 0.442031 0.121069 0.412759 0.000113365
AC 158 5.65762 5.65762 5.65681
OP 159 0.586535 0.629905 0.441114 0.127464 0.414717 0.000113914
AC 159 6.44722 6.44722 6.44639
OP 160 0.597975 0.626727 0.435573 0.128507 0.41933 0.000117905
AC 160 7.46741 7.46741 7.46656
OP 161 0.610326 0.620546 0.439878 0.133617 0.416519 0.000115306
AC 161 6.2773 6.2773 6.27656
OP 162 0.591821 0.611716 0.438683 0.118322 0.417041 0.000117419
AC 162 3.42354 3.42354 3.42288
OP 163 0.578471 0.632029 0.431012 0.120681 0.42049 0.000120999
AC 163 7.35842 7.35842 7.35761
OP 164 0.585133 0.623212 0.4472 0.119382 0.412866 0.000110333
AC 164 3.98893 3.98893 3.98813
OP 165 0.585625 0.646092 0.458354 0.128063 0.407143 0.000101733
AC 165 8.21908 8.21908 8.21792
OP 166 0.599009 0.640077 0.44865 0.130091 0.412342 0.000108076
AC 166 8.23956 8.23956 8.23854
OP 167 0.563261 0.63166 0.435996 0.10737 0.421438 0.000117508
AC 167 4.20684 4.20684 4.20598
OP 168 0.594291 0.61804 0.436764 0.125364 0.420132 0.000117957
AC 168 5.33324 5.33324 5.33252
OP 169 0.565268 0.62002 0.436433 0.106457 0.419171 0.000118713
AC 169 1.05059 1.05059 1.04989
OP 170 0.594624 0.612002 0.422086 0.116889 0.42098 0.000128373
AC 170 5.09949 5.09949 5.09879
OP 171 0.59051 0.620052 0.43588 0.119321 0.4194 0.000117879
AC 171 4.76294 4.76294 4.76221
OP 172 0.596788 0.616054 0.437069 0.119248 0.419596 0.000117375
AC 172 5.40129 5.40129 5.40051
OP 173 0.574793 0.619832 0.430344 0.108713 0.418864 0.000122246
AC 173 3.52535 3.52535 3.52461
OP 174 0.591598 0.59949 0.418679 0.11095 0.424678 0.000131878
AC 174 -1.22052 -1.22052 -1.22106
OP 175 0.599412 0.634614 0.442901 0.12216 0.415579 0.000112516
AC 175 6.78414 6.78414 6.78327
OP 176 0.587303 0.611717 0.442352 0.117181 0.418298 0.000114397
AC 176 3.30405 3.30405 3.30335
OP 177 0.582148 0.620728 0.437599 0.118142 0.416681 0.00011721
AC 177 3.21719 3.21719 3.21649
OP 178 0.591601 0.615212 0.423025 0.12137 0.422918 0.000127334
AC 178 4.93689 4.93689 4.93625
OP 179 0.605222 0.630552 0.440123 0.126259 0.415549 0.000114851
AC 179 7.55491 7.55491 7.55406
OP 180 0.595684 0.622822 0.439002 0.125081 0.415345 0.000116229
AC 180 6.08032 6.08032 6.07954
OP 181 0.571566 0.635823 0.442976 0.112181 0.414899 0.000112053
AC 181 5.7187 5.7187 5.71772
OP 182 0.598345 0.601703 0.425458 0.11527 0.421914 0.00012657
AC 182 0.816938 0.816938 0.816363
OP 183 0.604436 0.630414 0.44579 0.138431 0.413918 0.00011101
AC 183 7.47029 7.47029 7.46947
OP 184 0.584096 0.629835 0.436557 0.120485 0.416348 0.000117251
AC 184 6.23511 6.23511 6.23427
OP 185 0.584116 0.624937 0.44439 0.115413 0.416653 0.000112063
AC 185 4.41867 4.41867 4.41785
OP 186 0.590376 0.613297 0.422185 0.116747 0.423803 0.000128732
AC 186 5.35313 5.35313 5.35246
OP 187 0.594397 0.624138 0.445262 0.127028 0.414391 0.000111478
AC 187 6.94968 6.94968 6.94883
OP 188 0.593659 0.616117 0.426788 0.120362 0.419794 0.000124635
AC 188 5.95789 5.95789 5.95719
OP 189 0.572236 0.613039 0.433044 0.111425 0.419205 0.000121005
AC 189 1.33937 1.33937 1.33873
OP 190 0.59349 0.628643 0.441792 0.126386 0.415086 0.000114216
AC 190 6.51363 6.51363 6.51283
OP 191 0.582807 0.630833 0.435787 0.118204 0.417727 0.000117298
AC 191 5.96275 5.96275 5.96194
OP 192 0.595149 0.627727 0.444983 0.126805 0.411585 0.000111106
AC 192 7.42466 7.42466 7.42377
OP 193 0.578769 0.622498 0.433056 0.113969 0.416702 0.000119594
AC 193 4.15778 4.15778 4.15703
OP 194 0.584916 0.625119 0.430416 0.122657 0.418439 0.000121857
AC 194 7.24927 7.24927 7.24848
OP 195 0.599421 0.622238 0.443856 0.122398 0.415103 0.000112834
AC 195 5.92071 5.92071 5.91985
OP 196 0.599176 0.636875 0.436779 0.124895 0.416005 0.000116434
AC 196 8.98594 8.98594 8.98495
OP 197 0.588926 0.629029 0.436588 0.117648 0.416496 0.000117133
AC 197 6.13615 6.13615 6.13529
OP 198 0.573254 0.642507 0.445053 0.11764 0.411988 0.000110297
AC 198 7.57162 7.57162 7.57055
OP 199 0.587782 0.624089 0.440087 0.117805 0.416997 0.000115771
AC 199 5.45915 5.45915 5.45839
OP 200 0.587157 0.61603 0.438429 0.120529 0.416294 0.000116551
AC 200 5.74006 5.74006 5.7393
OP 201 0.592121 0.616579 0.44165 0.11837 0.413156 0.000114032
AC 201 3.98437 3.98437 3.98363
OP 202 0.577108 0.630523 0.435327 0.118864 0.419699 0.000118279
AC 202 6.47192 6.47192 6.47113
OP 203 0.585955 0.627373 0.436008 0.119318 0.418644 0.00011725
AC 203 6.35555 6.35555 6.35476
OP 204 0.5917 0.613683 0.429916 0.109706 0.419228 0.000122745
AC 204 1.33734 1.33734 1.33669
OP 205 0.590934 0.631946 0.431829 0.123033 0.418431 0.000120968
AC 205 7.79325 7.79325 7.79242
OP 206 0.581112 0.621269 0.43863 0.113425 0.417775 0.00011625
AC 206 4.01872 4.01872 4.01796
OP 207 0.585232 0.63263 0.44013 0.117557 0.418031 0.00011453
AC 207 6.48852 6.48852 6.48765
OP 208 0.581585 0.638063 0.459249 0.124154 0.405479 0.000101499
AC 208 6.08667 6.08667 6.08564
OP 209 0.592544 0.622028 0.454381 0.134361 0.408605 0.000105523
AC 209 5.90718 5.90718 5.90633
OP 210 0.577659 0.633632 0.446009 0.115462 0.413456 0.000110327
AC 210 5.6206 5.6206 5.61968
OP 211 0.576029 0.6242 0.445514 0.114235 0.413893 0.000110944
AC 211 3.76385 3.76385 3.76301
OP 212 0.580839 0.632449 0.444717 0.116324 0.412791 0.000111143
AC 212 6.13656 6.13656 6.13566
OP 213 0.58269 0.629713 0.446946 0.114016 0.410265 0.000110191
AC 213 4.89128 4.89128 4.89041
OP 214 0.593393 0.626197 0.437616 0.130868 0.416814 0.000116023
AC 214 6.97554 6.97554 6.97475
OP 215 0.603171 0.629344 0.439459 0.114482 0.415357 0.000115505
AC 215 5.59225 5.59225 5.5914
OP 216 0.588866 0.633459 0.443303 0.122203 0.411886 0.000111807
AC 216 6.73517 6.73517 6.73422
OP 217 0.578896 0.635262 0.45045 0.120048 0.410189 0.000107424
AC 217 6.58884 6.58884 6.58784
OP 218 0.582582 0.62444 0.438178 0.110144 0.417716 0.0001166
AC 218 4.04347 4.04347 4.04268
OP 219 0.587609 0.618097 0.434728 0.116179 0.41866 0.000118749
AC 219 4.69332 4.69332 4.69258
OP 220 0.589066 0.627464 0.440798 0.122907 0.413653 0.0001142
AC 220 6.42086 6.42086 6.42005
OP 221 0.585096 0.632625 0.443368 0.128559 0.413817 0.00011205
AC 221 7.56781 7.56781 7.56688
OP 222 0.596022 0.629546 0.443359 0.129095 0.414014 0.000112673
AC 222 7.55064 7.55064 7.54973
OP 223 0.584361 0.620211 0.430531 0.121885 0.42002 0.000122252
AC 223 5.636 5.636 5.6353
OP 224 0.572764 0.61698 0.438318 0.113717 0.419619 0.000116637
AC 224 3.29467 3.29467 3.29397
OP 225 0.58334 0.603846 0.423795 0.112539 0.423545 0.000128032
AC 225 -2.16025 -2.16025 -2.16078
OP 226 0.594883 0.623634 0.447147 0.11905 0.412741 0.000110283
AC 226 5.12171 5.12171 5.12087
OP 227 0.579181 0.625384 0.438689 0.121137 0.416656 0.000115322
AC 227 6.11238 6.11238 6.11155
OP 228 0.576022 0.626366 0.432406 0.116846 0.420548 0.000120534
AC 228 6.00322 6.00322 6.00247
OP 229 0.578892 0.621196 0.429219 0.122958 0.421232 0.000122762
AC 229 5.4608 5.4608 5.46012
OP 230 0.580343 0.641647 0.438991 0.122302 0.414712 0.000115119
AC 230 7.47482 7.47482 7.47391
OP 231 0.577135 0.614283 0.426225 0.110974 0.422884 0.000125046
AC 231 2.40558 2.40558 2.4049
OP 232 0.592854 0.624205 0.437163 0.121806 0.415714 0.000117689
AC 232 6.39918 6.39918 6.3984
OP 233 0.58306 0.633522 0.457356 0.116498 0.411164 0.000103184
AC 233 6.25555 6.25555 6.25457
OP 234 0.580031 0.620999 0.447706 0.118701 0.41495 0.000110079
AC 234 3.76773 3.76773 3.76696
OP 235 0.595322 0.623154 0.44479 0.122739 0.414304 0.000111431
AC 235 5.46617 5.46617 5.46533
OP 236 0.587967 0.615535 0.43157 0.110231 0.419565 0.000120951
AC 236 3.69031 3.69031 3.6896
OP 237 0.59251 0.628534 0.449802 0.129922 0.412194 0.000108079
AC 237 6.94699 6.94699 6.94613
OP 238 0.586173 0.608556 0.423253 0.119352 0.423087 0.000128487
AC 238 4.38094 4.38094 4.38034
OP 239 0.581804 0.609322 0.4325 0.119667 0.418831 0.000121889
AC 239 3.65715 3.65715 3.65652
OP 240 0.578429 0.63238 0.448722 0.11303 0.410875 0.000108123
AC 240 4.96678 4.96678 4.96587
OP 241 0.599831 0.641285 0.44454 0.138453 0.412635 0.000110828
AC 241 8.42242 8.42242 8.42145
OP 242 0.586661 0.641647 0.446909 0.129866 0.411303 0.000108957
AC 242 8.55457 8.55457 8.55361
OP 243 0.577366 0.636648 0.444454 0.123044 0.414072 0.000111441
AC 243 7.5289 7.5289 7.52794
OP 244 0.585152 0.635278 0.443637 0.124446 0.412561 0.000112194
AC 244 8.30937 8.30937 8.30841
OP 245 0.57213 0.63046 0.449692 0.118004 0.410535 0.000107629
AC 245 5.16863 5.16863 5.16774
OP 246 0.588158 0.627388 0.445923 0.120069 0.414285 0.000111164
AC 246 5.09586 5.09586 5.09501
OP 247 0.581753 0.620954 0.434185 0.115903 0.418945 0.000120394
AC 247 3.47087 3.47087 3.47019
OP 248 0.580328 0.622524 0.436018 0.119933 0.419923 0.00011808
AC 248 4.77975 4.77975 4.77904
OP 249 0.596392 0.606201 0.429146 0.123723 0.422292 0.00012374
AC 249 4.12055 4.12055 4.11995
OP 250 0.580815 0.622048 0.434835 0.116128 0.41832 0.000119112
AC 250 4.73685 4.73685 4.73611
OP 251 0.588018 0.622823 0.43275 0.118845 0.420129 0.000120478
AC 251 5.44184 5.44184 5.44111
OP 252 0.581499 0.622708 0.430614 0.114316 0.418424 0.000121601
AC 252 4.99139 4.99139 4.99065
OP 253 0.59986 0.619637 0.439416 0.132617 0.41756 0.000115789
AC 253 6.27605 6.27605 6.27531
OP 254 0.591798 0.620315 0.439081 0.125737 0.415167 0.000116466
AC 254 5.92931 5.92931 5.92857
OP 255 0.58649 0.640411 0.447886 0.12664 0.412748 0.000108871
AC 255 7.31437 7.31437 7.31335
OP 256 0.589846 0.633815 0.44051 0.124121 0.415147 0.000114085
AC 256 7.52283 7.52283 7.52196
OP 257 0.583703 0.621952 0.442597 0.119643 0.414273 0.000113684
AC 257 5.38841 5.38841 5.38764
OP 258 0.575748 0.61736 0.433776 0.112386 0.419901 0.000120268
AC 258 3.78549 3.78549 3.78479
OP 259 0.576175 0.633952 0.442203 0.117918 0.414587 0.000112947
AC 259 6.49387 6.49387 6.49297
OP 260 0.579079 0.625121 0.445557 0.11652 0.416863 0.000111375
AC 260 5.12828 5.12828 5.12745
OP 261 0.602321 0.631319 0.437909 0.132135 0.41564 0.000115662
AC 261 7.73735 7.73735 7.73643
OP 262 0.591496 0.62506 0.439599 0.116994 0.417534 0.000115382
AC 262 4.95945 4.95945 4.95864
OP 263 0.575823 0.625377 0.440558 0.113324 0.417623 0.000115295
AC 263 4.01618 4.01618 4.0154
OP 264 0.589505 0.624967 0.442634 0.123821 0.412687 0.000113612
AC 264 5.73513 5.73513 5.73439
OP 265 0.58346 0.618365 0.434791 0.113825 0.418009 0.000119079
AC 265 2.74505 2.74505 2.74433
OP 266 0.595319 0.616831 0.426094 0.119639 0.422609 0.000124594
AC 266 5.25078 5.25078 5.25009
OP 267 0.574634 0.624463 0.44454 0.108217 0.413425 0.000112431
AC 267 3.12708 3.12708 3.12628
OP 268 0.580015 0.621316 0.4381 0.118547 0.419062 0.00011647
AC 268 4.85193 4.85193 4.85116
OP 269 0.584781 0.62736 0.440465 0.119383 0.414783 0.000114853
AC 269 6.7349 6.7349 6.73406
OP 270 0.579448 0.633643 0.445671 0.117886 0.411477 0.000110718
AC 270 6.68488 6.68488 6.68395
OP 271 0.586202 0.619678 0.440429 0.115065 0.418444 0.000115748
AC 271 2.8473 2.8473 2.84654
OP 272 0.59745 0.618344 0.426627 0.122249 0.421405 0.000125134
AC 272 5.19499 5.19499 5.19432
OP 273 0.590647 0.622394 0.439731 0.124733 0.417255 0.000115953
AC 273 6.05504 6.05504 6.05427
OP 274 0.587154 0.642608 0.450233 0.125577 0.408921 0.000106506
AC 274 7.65128 7.65128 7.65014
OP 275 0.594819 0.611059 0.421338 0.12222 0.423343 0.000129461
AC 275 5.24356 5.24356 5.24295
OP 276 0.586144 0.636762 0.447015 0.119889 0.411231 0.000109359
AC 276 7.1364 7.1364 7.13546
OP 277 0.580432 0.626918 0.443921 0.118459 0.413194 0.000111938
AC 277 5.96682 5.96682 5.96593
OP 278 0.590107 0.628712 0.441476 0.127388 0.415326 0.000113894
AC 278 7.21552 7.21552 7.21468
OP 279 0.579243 0.615848 0.437744 0.108773 0.417389 0.000117345
AC 279 1.47378 1.47378 1.47307
OP 280 0.578738 0.640455 0.462804 0.128147 0.407624 9.91345E-05
AC 280 7.43458 7.43458 7.43343
OP 281 0.595458 0.617464 0.427524 0.120215 0.419412 0.000124768
AC 281 5.32279 5.32279 5.32215
OP 282 0.589737 0.625496 0.43763 0.118504 0.418883 0.000116002
AC 282 5.7827 5.7827 5.78191
OP 283 0.597434 0.623013 0.450279 0.123678 0.411824 0.000108633
AC 283 4.69073 4.69073 4.6899
OP 284 0.585599 0.625756 0.441485 0.11744 0.414933 0.000114557
AC 284 5.51009 5.51009 5.50927
OP 285 0.588282 0.627599 0.440582 0.116772 0.413472 0.0001141
AC 285 5.69346 5.69346 5.69262
OP 286 0.590697 0.613999 0.438595 0.112166 0.419199 0.00011692
AC 286 2.29563 2.29563 2.29492
OP 287 0.573604 0.622359 0.444681 0.120003 0.41511 0.000111803
AC 287 4.64595 4.64595 4.64517
OP 288 0.597184 0.617914 0.438683 0.126102 0.417383 0.000116175
AC 288 5.2525 5.2525 5.25177
OP 289 0.588802 0.621778 0.446671 0.125229 0.413671 0.000110521
AC 289 5.71559 5.71559 5.71476
OP 290 0.598772 0.634282 0.435034 0.127498 0.41856 0.000118561
AC 290 8.02468 8.02468 8.02382
OP 291 0.591286 0.615295 0.435007 0.116142 0.415842 0.000119327
AC 291 4.78828 4.78828 4.78754
OP 292 0.606002 0.640862 0.446816 0.137574 0.412184 0.000109005
AC 292 8.19771 8.19771 8.19669
OP 293 0.591382 0.603608 0.419922 0.112271 0.427105 0.000131316
AC 293 1.16891 1.16891 1.16836
OP 294 0.594423 0.620841 0.437444 0.122862 0.418604 0.00011708
AC 294 5.84522 5.84522 5.84446
OP 295 0.592675 0.619861 0.439622 0.121943 0.417519 0.000115889
AC 295 5.41166 5.41166 5.41091
OP 296 0.590599 0.635942 0.442863 0.131392 0.412103 0.000112224
AC 296 7.95279 7.95279 7.95178
OP 297 0.588158 0.623482 0.434664 0.118199 0.420881 0.000118308
AC 297 5.85954 5.85954 5.85877
OP 298 0.595904 0.608888 0.445658 0.119679 0.413015 0.000112408
AC 298 1.08518 1.08518 1.08452
OP 299 0.583891 0.619124 0.438376 0.123975 0.416515 0.000117012
AC 299 5.78519 5.78519 5.78447
