OP 0 0.65582 0.752402 0.563459 0.22065 0.388272 0.000111276
AC 0 9.10491 9.10491 9.10411
OP 1 0.631721 0.737097 0.564658 0.198272 0.387596 0.000111516
AC 1 7.27874 7.27874 7.27805
OP 2 0.647743 0.727761 0.55052 0.206864 0.394013 0.000120923
AC 2 8.03533 8.03533 8.03474
OP 3 0.642909 0.745138 0.560647 0.21019 0.391668 0.000113455
AC 3 8.40031 8.40031 8.39958
OP 4 0.641494 0.751927 0.558927 0.21372 0.388434 0.000114208
AC 4 9.11068 9.11068 9.10986
OP 5 0.642003 0.733753 0.55976 0.203362 0.392036 0.00011486
AC 5 7.62239 7.62239 7.62171
OP 6 0.641029 0.744715 0.562352 0.206421 0.388749 0.000112337
AC 6 8.39408 8.39408 8.39328
OP 7 0.647992 0.743511 0.568273 0.219352 0.385085 0.000108633
AC 7 8.41133 8.41133 8.41055
OP 8 0.649297 0.730191 0.55432 0.203407 0.3931 0.000118867
AC 8 7.97921 7.97921 7.9786
OP 9 0.634667 0.743322 0.559292 0.204036 0.390397 0.000114518
AC 9 8.11591 8.11591 8.11516
OP 10 0.64464 0.742491 0.563315 0.213375 0.388254 0.000111638
AC 10 9.23349 9.23349 9.23272
OP 11 0.636822 0.734963 0.550991 0.208175 0.395351 0.000120302
AC 11 8.4568 8.4568 8.45614
OP 12 0.636256 0.747769 0.553978 0.224832 0.390995 0.000117288
AC 12 9.35376 9.35376 9.35302
OP 13 0.646322 0.743912 0.566579 0.215818 0.388811 0.00011008
AC 13 8.44168 8.44168 8.44095
OP 14 0.653317 0.755411 0.578377 0.21553 0.381432 0.000102846
AC 14 9.07779 9.07779 9.07689
OP 15 0.649468 0.742726 0.562341 0.209546 0.388704 0.000112592
AC 15 8.99347 8.99347 8.99271
OP 16 0.646426 0.748402 0.57335 0.215348 0.384352 0.000106263
AC 16 9.0931 9.0931 9.09228
OP 17 0.66704 0.739941 0.56128 0.219361 0.389945 0.0001133
AC 17 7.8638 7.8638 7.86314
OP 18 0.628113 0.733738 0.553662 0.196349 0.393136 0.000119179
AC 18 6.82594 6.82594 6.82535
OP 19 0.637245 0.737503 0.555686 0.204961 0.392957 0.000117223
AC 19 7.73019 7.73019 7.72953
OP 20 0.641691 0.741784 0.566979 0.207663 0.387097 0.000110127
AC 20 8.78816 8.78816 8.78741
OP 21 0.65125 0.735651 0.568992 0.208528 0.386815 0.000109512
AC 21 7.76333 7.76333 7.76262
OP 22 0.646399 0.735404 0.567329 0.207451 0.388058 0.000109999
AC 22 7.82457 7.82457 7.82383
OP 23 0.62835 0.740884 0.561231 0.20591 0.388005 0.000113325
AC 23 7.81115 7.81115 7.81048
OP 24 0.63531 0.751538 0.569021 0.213608 0.386329 0.000108232
AC 24 8.7012 8.7012 8.70034
OP 25 0.650179 0.738671 0.560867 0.205964 0.388921 0.000113652
AC 25 8.33358 8.33358 8.33285
OP 26 0.641171 0.737307 0.562347 0.210129 0.390601 0.000113605
AC 26 7.08067 7.08067 7.08
OP 27 0.63951 0.741736 0.552847 0.210055 0.391192 0.00011848
AC 27 7.80702 7.80702 7.80634
OP 28 0.663396 0.733326 0.558483 0.221135 0.393784 0.000115201
AC 28 7.97463 7.97463 7.97399
OP 29 0.657354 0.735095 0.567679 0.210669 0.385237 0.000109984
AC 29 7.00199 7.00199 7.00128
OP 30 0.643857 0.745675 0.559879 0.210773 0.389803 0.000113743
AC 30 8.2667 8.2667 8.26594
OP 31 0.655573 0.747995 0.570761 0.223638 0.382838 0.000107058
AC 31 9.27014 9.27014 9.26931
OP 32 0.65598 0.744745 0.567891 0.223481 0.386101 0.000109129
AC 32 9.12504 9.12504 9.12421
OP 33 0.637883 0.762652 0.577514 0.214168 0.382226 0.000102161
AC 33 8.56623 8.56623 8.56522
OP 34 0.634412 0.736309 0.561315 0.204497 0.38841 0.000113232
AC 34 7.32503 7.32503 7.32435
OP 35 0.651681 0.740509 0.561707 0.210956 0.389065 0.00011274
AC 35 8.74803 8.74803 8.7473
OP 36 0.641643 0.733021 0.561162 0.207548 0.388171 0.000113548
AC 36 7.33812 7.33812 7.33742
OP 37 0.644463 0.734382 0.552513 0.206715 0.394445 0.000118894
AC 37 8.51453 8.51453 8.51391
OP 38 0.668635 0.730965 0.563391 0.216849 0.388357 0.000112835
AC 38 6.96034 6.96034 6.9597
OP 39 0.643248 0.744964 0.56114 0.212645 0.389411 0.000112612
AC 39 8.5257 8.5257 8.5249
OP 40 0.660785 0.745758 0.56799 0.220988 0.388454 0.000109455
AC 40 9.0979 9.0979 9.09715
OP 41 0.644056 0.726007 0.552379 0.213774 0.397673 0.000120093
AC 41 8.38603 8.38603 8.38544
OP 42 0.649257 0.740662 0.567332 0.212319 0.386519 0.00010974
AC 42 8.1828 8.1828 8.18199
OP 43 0.650797 0.753566 0.570375 0.214065 0.380798 0.000107128
AC 43 8.43355 8.43355 8.43265
OP 44 0.635 0.746172 0.566387 0.209165 0.385469 0.000109924
AC 44 7.78445 7.78445 7.78362
OP 45 0.648654 0.748207 0.560305 0.216693 0.3888 0.000113031
AC 45 8.5436 8.5436 8.54284
OP 46 0.653824 0.743716 0.562796 0.215806 0.388987 0.000112609
AC 46 8.10601 8.10601 8.1053
OP 47 0.644916 0.740849 0.551607 0.201518 0.393532 0.000119516
AC 47 8.79898 8.79898 8.79828
OP 48 0.652288 0.746701 0.565421 0.221567 0.389505 0.000110174
AC 48 8.37485 8.37485 8.37408
OP 49 0.654328 0.740543 0.567404 0.214613 0.386383 0.000109785
AC 49 8.28288 8.28288 8.28216
OP 50 0.633351 0.72899 0.552662 0.204236 0.394834 0.000119544
AC 50 6.30574 6.30574 6.30513
OP 51 0.655704 0.752229 0.56477 0.219678 0.38649 0.000110218
AC 51 9.47815 9.47815 9.4773
OP 52 0.6491 0.739164 0.571375 0.210362 0.383691 0.000107571
AC 52 7.85046 7.85046 7.84973
OP 53 0.643233 0.724507 0.546742 0.206993 0.395489 0.000123749
AC 53 6.73425 6.73425 6.73374
OP 54 0.639731 0.750515 0.563108 0.215071 0.389667 0.000111739
AC 54 8.4297 8.4297 8.42894
OP 55 0.638701 0.734996 0.552958 0.199659 0.396187 0.000118588
AC 55 8.17969 8.17969 8.17904
OP 56 0.653497 0.739881 0.570201 0.21995 0.385711 0.000107789
AC 56 8.35581 8.35581 8.35506
OP 57 0.632177 0.73757 0.551735 0.205524 0.395119 0.00011927
AC 57 8.18918 8.18918 8.18855
OP 58 0.63916 0.753188 0.577603 0.213523 0.380991 0.000103375
AC 58 8.72469 8.72469 8.72386
OP 59 0.651249 0.746746 0.555949 0.225225 0.391023 0.000115926
AC 59 9.4264 9.4264 9.42568
OP 60 0.642738 0.756466 0.574594 0.217338 0.38168 0.000104311
AC 60 8.29883 8.29883 8.29797
OP 61 0.656078 0.743417 0.564781 0.21545 0.3894 0.000111468
AC 61 8.45722 8.45722 8.45652
OP 62 0.630659 0.734725 0.556882 0.205848 0.392501 0.000116638
AC 62 7.60471 7.60471 7.60402
OP 63 0.627382 0.74015 0.564904 0.206484 0.389363 0.000111029
AC 63 8.10535 8.10535 8.10467
OP 64 0.643112 0.740166 0.557608 0.211091 0.391155 0.000115131
AC 64 7.65512 7.65512 7.65446
OP 65 0.64942 0.742951 0.570619 0.214203 0.385544 0.000108078
AC 65 8.73973 8.73973 8.73898
OP 66 0.65199 0.736976 0.570554 0.220132 0.3845 0.000108191
AC 66 7.00394 7.00394 7.00323
OP 67 0.638443 0.740163 0.553744 0.210939 0.393857 0.000117622
AC 67 8.24617 8.24617 8.24549
OP 68 0.651484 0.738789 0.564796 0.214155 0.386425 0.000111193
AC 68 7.56471 7.56471 7.564
OP 69 0.652036 0.740363 0.554438 0.213126 0.393005 0.000117876
AC 69 8.86564 8.86564 8.865
OP 70 0.639909 0.742279 0.554287 0.213863 0.393992 0.00011705
AC 70 9.01051 9.01051 9.00984
OP 71 0.642316 0.740215 0.560172 0.202558 0.390571 0.00011407
AC 71 8.58643 8.58643 8.58572
OP 72 0.631995 0.738186 0.558916 0.208581 0.389852 0.000115135
AC 72 8.35922 8.35922 8.35853
OP 73 0.651003 0.754114 0.573512 0.217122 0.381902 0.000104921
AC 73 9.28873 9.28873 9.28785
OP 74 0.647858 0.733436 0.562819 0.214493 0.388067 0.000113702
AC 74 7.3351 7.3351 7.33442
OP 75 0.644061 0.72783 0.5591 0.203517 0.393575 0.000115892
AC 75 6.93624 6.93624 6.9356
OP 76 0.661157 0.738764 0.561032 0.21055 0.389169 0.000113624
AC 76 7.95732 7.95732 7.95664
OP 77 0.652283 0.729516 0.560656 0.209344 0.391681 0.000114465
AC 77 7.18883 7.18883 7.1882
OP 78 0.648279 0.74586 0.564979 0.218449 0.38689 0.000110327
AC 78 9.34626 9.34626 9.34541
OP 79 0.649971 0.744062 0.569102 0.217343 0.387185 0.000108755
AC 79 8.59926 8.59926 8.59849
OP 80 0.647822 0.743727 0.557274 0.213664 0.390717 0.000115648
AC 80 8.76643 8.76643 8.76573
OP 81 0.66089 0.745752 0.561066 0.222849 0.39008 0.000113331
AC 81 9.5418 9.5418 9.54104
OP 82 0.6428 0.720248 0.553757 0.196147 0.396447 0.000119013
AC 82 7.32164 7.32164 7.32108
OP 83 0.655452 0.753994 0.565503 0.221555 0.387694 0.00010954
AC 83 9.05986 9.05986 9.05901
OP 84 0.652301 0.757653 0.569895 0.220039 0.385087 0.000107315
AC 84 9.52655 9.52655 9.52567
OP 85 0.645943 0.744188 0.560656 0.207276 0.389404 0.000113379
AC 85 9.18922 9.18922 9.18846
OP 86 0.636373 0.742583 0.566598 0.207133 0.388027 0.000110428
AC 86 8.31787 8.31787 8.31716
OP 87 0.650838 0.748607 0.567924 0.21593 0.386077 0.000109376
AC 87 8.65565 8.65565 8.65488
OP 88 0.643478 0.746266 0.569633 0.212826 0.387896 0.000107975
AC 88 8.59267 8.59267 8.59189
OP 89 0.643099 0.743934 0.573213 0.214155 0.38419 0.000106308
AC 89 7.30485 7.30485 7.30409
OP 90 0.662599 0.741751 0.55804 0.21879 0.391087 0.000114855
AC 90 8.89467 8.89467 8.89398
OP 91 0.650023 0.719378 0.553025 0.207314 0.392962 0.000119842
AC 91 5.66314 5.66314 5.66256
OP 92 0.658785 0.736588 0.550827 0.213845 0.393121 0.000119458
AC 92 7.98729 7.98729 7.98662
OP 93 0.646808 0.739358 0.564322 0.219993 0.388112 0.000111276
AC 93 7.90695 7.90695 7.90627
OP 94 0.640223 0.736914 0.561107 0.208496 0.389263 0.000113707
AC 94 8.1572 8.1572 8.1565
OP 95 0.631912 0.73232 0.560861 0.202425 0.389319 0.000114353
AC 95 6.85642 6.85642 6.85576
OP 96 0.633405 0.736709 0.565047 0.205272 0.390995 0.000111657
AC 96 7.44456 7.44456 7.44389
OP 97 0.642873 0.734818 0.569284 0.212374 0.385693 0.000109159
AC 97 7.62624 7.62624 7.62556
OP 98 0.650211 0.732369 0.554497 0.211981 0.391578 0.000118083
AC 98 8.59322 8.59322 8.59256
OP 99 0.653901 0.747785 0.564501 0.213001 0.389837 0.000110908
AC 99 9.00557 9.00557 9.0048
OP 100 0.657789 0.748678 0.571143 0.224209 0.381298 0.000106803
AC 100 8.6607 8.6607 8.65989
OP 101 0.642586 0.752165 0.571059 0.220686 0.384924 0.00010683
AC 101 9.05224 9.05224 9.05141
OP 102 0.653131 0.729691 0.561178 0.21011 0.392951 0.000114187
AC 102 7.53479 7.53479 7.53412
OP 103 0.64407 0.738962 0.551073 0.216373 0.395992 0.000119626
AC 103 8.94136 8.94136 8.94069
OP 104 0.64128 0.733189 0.556598 0.206784 0.391693 0.000116925
AC 104 7.91789 7.91789 7.91726
OP 105 0.640616 0.745041 0.556653 0.213744 0.390517 0.000115086
AC 105 8.69604 8.69604 8.69533
OP 106 0.64086 0.758151 0.568889 0.212139 0.383103 0.000107613
AC 106 8.74415 8.74415 8.74323
OP 107 0.65192 0.730318 0.558268 0.201186 0.393079 0.000116261
AC 107 7.54031 7.54031 7.53963
OP 108 0.654065 0.747506 0.560567 0.220302 0.388019 0.000113634
AC 108 8.41291 8.41291 8.41219
OP 109 0.658353 0.740088 0.56248 0.223497 0.389317 0.000111917
AC 109 9.03025 9.03025 9.02952
OP 110 0.64014 0.739895 0.565118 0.208908 0.388167 0.000110785
AC 110 7.73265 7.73265 7.73197
OP 111 0.64424 0.746251 0.551169 0.210608 0.394662 0.000119531
AC 111 8.57903 8.57903 8.57835
OP 112 0.63726 0.742035 0.553607 0.215469 0.395232 0.000117854
AC 112 8.66543 8.66543 8.66473
OP 113 0.646323 0.740304 0.559755 0.21671 0.391384 0.000114236
AC 113 8.48069 8.48069 8.48
OP 114 0.641905 0.756196 0.573684 0.213941 0.381161 0.000105319
AC 114 8.03627 8.03627 8.03534
OP 115 0.633385 0.748835 0.573711 0.210362 0.382699 0.000105587
AC 115 8.10712 8.10712 8.10632
OP 116 0.645413 0.737502 0.572437 0.215749 0.384341 0.000106508
AC 116 7.64059 7.64059 7.63985
OP 117 0.633548 0.730107 0.559712 0.203108 0.391236 0.00011516
AC 117 6.3495 6.3495 6.34891
OP 118 0.660432 0.752242 0.570318 0.220277 0.386964 0.000107082
AC 118 8.63919 8.63919 8.6383
OP 119 0.648027 0.738615 0.556786 0.20791 0.391371 0.000116356
AC 119 8.33445 8.33445 8.33377
OP 120 0.651679 0.741944 0.559434 0.212816 0.390604 0.000114352
AC 120 9.05816 9.05816 9.05744
OP 121 0.659588 0.740103 0.571693 0.214655 0.384154 0.000107552
AC 121 8.60706 8.60706 8.60629
OP 122 0.630986 0.741826 0.557098 0.205617 0.391079 0.000116116
AC 122 8.17637 8.17637 8.17567
OP 123 0.625492 0.730095 0.55279 0.197184 0.396069 0.000119517
AC 123 7.04212 7.04212 7.04152
OP 124 0.644502 0.741442 0.566104 0.211051 0.388076 0.000110042
AC 124 8.54183 8.54183 8.54103
OP 125 0.643582 0.743834 0.559887 0.208902 0.390871 0.000114302
AC 125 8.67652 8.67652 8.67578
OP 126 0.649764 0.727818 0.547188 0.211997 0.392679 0.00012275
AC 126 8.30981 8.30981 8.30923
OP 127 0.648758 0.737892 0.555337 0.219121 0.39316 0.00011731
AC 127 8.52048 8.52048 8.51984
OP 128 0.649929 0.717027 0.545122 0.210272 0.394909 0.000125117
AC 128 6.92194 6.92194 6.92145
OP 129 0.654402 0.751701 0.562126 0.224573 0.387764 0.000111865
AC 129 9.62057 9.62057 9.61979
OP 130 0.634466 0.745676 0.563673 0.216875 0.38702 0.000111263
AC 130 8.07054 8.07054 8.06976
OP 131 0.648309 0.738855 0.558832 0.212902 0.389108 0.000115014
AC 131 7.76477 7.76477 7.76409
OP 132 0.646185 0.747608 0.557674 0.21106 0.391562 0.000115257
AC 132 9.01369 9.01369 9.01293
OP 133 0.622984 0.746787 0.563885 0.206108 0.391054 0.000111878
AC 133 7.57637 7.57637 7.57566
OP 134 0.643503 0.757405 0.578153 0.220659 0.378533 0.000102333
AC 134 8.38587 8.38587 8.38493
OP 135 0.649357 0.744035 0.565586 0.214353 0.389574 0.000110414
AC 135 8.55974 8.55974 8.55898
OP 136 0.639027 0.749826 0.569588 0.214083 0.384706 0.000107653
AC 136 8.30026 8.30026 8.29943
OP 137 0.646494 0.747067 0.553019 0.217852 0.391914 0.000117891
AC 137 9.85248 9.85248 9.85175
OP 138 0.642948 0.734557 0.563922 0.209226 0.389769 0.000112368
AC 138 7.74638 7.74638 7.74568
OP 139 0.653545 0.741234 0.55759 0.213137 0.390303 0.000115312
AC 139 8.77767 8.77767 8.77694
OP 140 0.668741 0.751174 0.569066 0.223179 0.385734 0.00010826
AC 140 9.71162 9.71162 9.71078
OP 141 0.644768 0.749471 0.561363 0.211628 0.387814 0.0001127
AC 141 9.35153 9.35153 9.35073
OP 142 0.645852 0.740595 0.560762 0.211364 0.39046 0.000113191
AC 142 8.89443 8.89443 8.89369
OP 143 0.662539 0.736596 0.562221 0.21909 0.389014 0.000112574
AC 143 8.27693 8.27693 8.27624
OP 144 0.651337 0.742852 0.556305 0.212562 0.391117 0.000115931
AC 144 9.51532 9.51532 9.51461
OP 145 0.63784 0.750597 0.564334 0.212934 0.387256 0.000111028
AC 145 8.6688 8.6688 8.66796
OP 146 0.649086 0.745539 0.558681 0.217095 0.390352 0.000114228
AC 146 8.18257 8.18257 8.18187
OP 147 0.631012 0.747437 0.567091 0.210814 0.386948 0.000109141
AC 147 6.8701 6.8701 6.86936
OP 148 0.64636 0.736159 0.562748 0.204362 0.388784 0.000112601
AC 148 7.54321 7.54321 7.54251
OP 149 0.638069 0.745239 0.567103 0.21336 0.385471 0.000109616
AC 149 7.29859 7.29859 7.29784
OP 150 0.631844 0.750542 0.569076 0.213149 0.386044 0.000107919
AC 150 8.92312 8.92312 8.92228
OP 151 0.636056 0.744245 0.567765 0.208897 0.383143 0.00010902
AC 151 8.68056 8.68056 8.67977
OP 152 0.628104 0.747625 0.564239 0.208876 0.387435 0.000110961
AC 152 8.80258 8.80258 8.80179
OP 153 0.643766 0.747772 0.563763 0.214625 0.389996 0.000111753
AC 153 9.3177 9.3177 9.31692
OP 154 0.652757 0.734088 0.554639 0.210578 0.391821 0.000117929
AC 154 8.61695 8.61695 8.6163
OP 155 0.653274 0.737301 0.559752 0.213558 0.389735 0.000114632
AC 155 8.84401 8.84401 8.84336
OP 156 0.635156 0.738185 0.555307 0.203124 0.390504 0.000117071
AC 156 7.60506 7.60506 7.60435
OP 157 0.640869 0.749667 0.571746 0.216514 0.38285 0.000106583
AC 157 9.25677 9.25677 9.25593
OP 158 0.646613 0.750502 0.570729 0.218417 0.386224 0.000106764
AC 158 8.65177 8.65177 8.65093
OP 159 0.660256 0.750278 0.568564 0.220794 0.385219 0.000108142
AC 159 9.09827 9.09827 9.09743
OP 160 0.656256 0.734956 0.565893 0.213682 0.38727 0.000111355
AC 160 7.83508 7.83508 7.8344
OP 161 0.646409 0.740505 0.561708 0.206587 0.38974 0.000113435
AC 161 8.38771 8.38771 8.38701
OP 162 0.657365 0.748628 0.564897 0.224034 0.387152 0.000111048
AC 162 9.93782 9.93782 9.93704
OP 163 0.639147 0.750508 0.570105 0.211163 0.385284 0.000107447
AC 163 8.75086 8.75086 8.75005
OP 164 0.639006 0.72809 0.559448 0.204553 0.389889 0.000115374
AC 164 7.92093 7.92093 7.92029
OP 165 0.651519 0.750575 0.572017 0.219872 0.382724 0.000107067
AC 165 8.63231 8.63231 8.63151
OP 166 0.638439 0.7323 0.55105 0.204657 0.394591 0.000120478
AC 166 8.26248 8.26248 8.26188
OP 167 0.642765 0.744108 0.570256 0.205759 0.387074 0.00010855
AC 167 8.33133 8.33133 8.33056
OP 168 0.644402 0.742484 0.559778 0.203984 0.389043 0.000113754
AC 168 8.74014 8.74014 8.73937
OP 169 0.643062 0.741992 0.55698 0.208605 0.389395 0.000115699
AC 169 8.95591 8.95591 8.95519
OP 170 0.653474 0.743857 0.565767 0.214375 0.386356 0.000110536
AC 170 8.25864 8.25864 8.25789
OP 171 0.640575 0.731219 0.549343 0.207027 0.393254 0.000121084
AC 171 7.54035 7.54035 7.53974
OP 172 0.632974 0.739095 0.560852 0.208442 0.389899 0.000113615
AC 172 7.67603 7.67603 7.67534
OP 173 0.64766 0.74452 0.5636 0.217235 0.388217 0.000111468
AC 173 8.95228 8.95228 8.95153
OP 174 0.637454 0.740421 0.568706 0.203815 0.387658 0.0001094
AC 174 7.44341 7.44341 7.44267
OP 175 0.632849 0.736629 0.563601 0.204351 0.38977 0.000112115
AC 175 7.48939 7.48939 7.48869
OP 176 0.660776 0.742089 0.560761 0.227071 0.388046 0.000113621
AC 176 9.09091 9.09091 9.09017
OP 177 0.662658 0.735467 0.561455 0.215985 0.390291 0.00011375
AC 177 8.79468 8.79468 8.794
OP 178 0.637493 0.746501 0.564103 0.208542 0.388588 0.000110802
AC 178 8.77268 8.77268 8.77189
OP 179 0.644874 0.735588 0.557313 0.212289 0.38954 0.000116237
AC 179 7.92384 7.92384 7.92316
OP 180 0.648055 0.734273 0.549094 0.20661 0.394367 0.0001211
AC 180 8.26683 8.26683 8.26617
OP 181 0.635517 0.743016 0.568644 0.206298 0.387016 0.000108922
AC 181 8.95029 8.95029 8.94951
OP 182 0.64223 0.720777 0.548655 0.20355 0.398076 0.00012256
AC 182 7.09426 7.09426 7.09371
OP 183 0.641345 0.733064 0.557677 0.201381 0.392481 0.000116767
AC 183 7.46517 7.46517 7.46453
OP 184 0.641696 0.745284 0.56904 0.219855 0.38486 0.000108187
AC 184 7.65434 7.65434 7.6536
OP 185 0.641597 0.737334 0.553556 0.205153 0.3927 0.00011751
AC 185 8.88304 8.88304 8.88236
OP 186 0.652895 0.741577 0.55557 0.225023 0.391798 0.000116389
AC 186 8.65713 8.65713 8.65642
OP 187 0.647449 0.7329 0.556955 0.217055 0.392003 0.000116636
AC 187 7.65483 7.65483 7.65423
OP 188 0.665817 0.738952 0.565038 0.228254 0.387564 0.000111075
AC 188 8.89521 8.89521 8.89454
OP 189 0.632453 0.738196 0.568765 0.206715 0.387041 0.00010891
AC 189 8.12276 8.12276 8.122
OP 190 0.629416 0.747556 0.569445 0.2081 0.386148 0.000108232
AC 190 8.01788 8.01788 8.01713
OP 191 0.641959 0.738173 0.563032 0.206937 0.389598 0.000112074
AC 191 8.31296 8.31296 8.31224
OP 192 0.631351 0.750365 0.555383 0.206316 0.392409 0.000116201
AC 192 9.61911 9.61911 9.61832
OP 193 0.640747 0.746748 0.569274 0.211727 0.385512 0.0001087
AC 193 8.40648 8.40648 8.4057
OP 194 0.656166 0.745436 0.564868 0.212912 0.385357 0.000111231
AC 194 9.28012 9.28012 9.27935
OP 195 0.633278 0.739879 0.561537 0.205596 0.388166 0.000113216
AC 195 8.05 8.05 8.04929
OP 196 0.640127 0.740422 0.567829 0.210101 0.386258 0.000109323
AC 196 7.75734 7.75734 7.75662
OP 197 0.643247 0.737436 0.564784 0.212085 0.386956 0.000111365
AC 197 7.8086 7.8086 7.80788
OP 198 0.655721 0.727207 0.552635 0.216269 0.393914 0.000119699
AC 198 8.06268 8.06268 8.06209
OP 199 0.636479 0.7535 0.577229 0.218749 0.38 0.000103049
AC 199 8.17738 8.17738 8.1765
OP 200 0.635348 0.742761 0.558148 0.208041 0.393892 0.000115075
AC 200 8.40594 8.40594 8.40525
OP 201 0.646529 0.744753 0.564005 0.217302 0.388192 0.000111243
AC 201 9.05359 9.05359 9.05283
OP 202 0.633227 0.751178 0.5677 0.209735 0.383868 0.00010836
AC 202 7.82027 7.82027 7.81941
OP 203 0.636708 0.74145 0.56967 0.210732 0.388784 0.000108639
AC 203 7.71487 7.71487 7.71415
OP 204 0.6318 0.745531 0.568828 0.201072 0.385987 0.000108669
AC 204 8.11106 8.11106 8.11026
OP 205 0.648765 0.74752 0.562429 0.205743 0.388973 0.000112279
AC 205 8.95819 8.95819 8.95741
OP 206 0.646725 0.747454 0.560367 0.213522 0.389568 0.000113644
AC 206 8.37181 8.37181 8.37104
OP 207 0.640981 0.758202 0.565543 0.226817 0.384304 0.000109309
AC 207 9.43977 9.43977 9.43893
OP 208 0.647081 0.757381 0.577668 0.22099 0.383121 0.000102907
AC 208 8.80478 8.80478 8.80388
OP 209 0.647763 0.735707 0.559162 0.211861 0.392803 0.000115103
AC 209 8.40021 8.40021 8.39954
OP 210 0.650261 0.744773 0.563338 0.22216 0.387768 0.000112269
AC 210 9.18785 9.18785 9.18715
OP 211 0.63857 0.748369 0.566529 0.212709 0.388782 0.000109595
AC 211 8.1533 8.1533 8.15251
OP 212 0.646375 0.742803 0.562046 0.213593 0.388321 0.000112777
AC 212 8.70646 8.70646 8.70571
OP 213 0.653266 0.744407 0.568946 0.214572 0.384168 0.000108542
AC 213 8.12514 8.12514 8.12439
OP 214 0.640586 0.733373 0.555801 0.209638 0.395621 0.000117293
AC 214 8.08672 8.08672 8.08612
OP 215 0.651925 0.735118 0.559796 0.213098 0.390953 0.000114633
AC 215 8.45008 8.45008 8.4494
OP 216 0.64428 0.753001 0.563802 0.216775 0.384485 0.000111296
AC 216 8.81171 8.81171 8.81094
OP 217 0.663317 0.747358 0.573971 0.223647 0.383184 0.000105295
AC 217 9.79165 9.79165 9.79082
OP 218 0.638538 0.734554 0.561173 0.210215 0.392292 0.000113939
AC 218 7.49095 7.49095 7.49033
OP 219 0.653035 0.735017 0.552517 0.206033 0.394089 0.000118986
AC 219 8.97752 8.97752 8.97689
OP 220 0.643742 0.748089 0.563644 0.2122 0.389916 0.000111228
AC 220 8.51829 8.51829 8.51752
OP 221 0.655355 0.746679 0.565524 0.219757 0.38935 0.000110485
AC 221 8.2135 8.2135 8.2127
OP 222 0.654883 0.738049 0.562707 0.213563 0.391015 0.000112764
AC 222 8.1458 8.1458 8.14512
OP 223 0.634458 0.742046 0.56181 0.208333 0.391694 0.000113139
AC 223 8.16038 8.16038 8.15963
OP 224 0.634143 0.748091 0.56361 0.217187 0.390923 0.000112113
AC 224 9.22709 9.22709 9.22635
OP 225 0.649066 0.743203 0.562594 0.211895 0.385757 0.000112424
AC 225 8.3422 8.3422 8.34147
OP 226 0.630017 0.744119 0.566933 0.20763 0.387096 0.000110091
AC 226 7.71159 7.71159 7.71087
OP 227 0.646104 0.753499 0.565941 0.213127 0.387833 0.000109723
AC 227 10.4178 10.4178 10.4169
OP 228 0.63843 0.731547 0.552021 0.212864 0.396202 0.000119641
AC 228 8.42515 8.42515 8.42459
OP 229 0.662163 0.743 0.565305 0.217736 0.386841 0.000110901
AC 229 8.62408 8.62408 8.62333
OP 230 0.650855 0.740288 0.56905 0.206002 0.386631 0.00010899
AC 230 7.63285 7.63285 7.63214
OP 231 0.647369 0.756811 0.569677 0.215456 0.384014 0.000107704
AC 231 8.20576 8.20576 8.20492
OP 232 0.658527 0.746259 0.565944 0.214532 0.385425 0.00011017
AC 232 8.7858 8.7858 8.78504
OP 233 0.650904 0.739291 0.563301 0.21053 0.387779 0.000112298
AC 233 9.16225 9.16225 9.16157
OP 234 0.643125 0.745287 0.563579 0.205486 0.388774 0.000111777
AC 234 7.01589 7.01589 7.01516
OP 235 0.642259 0.751863 0.569574 0.215325 0.384765 0.000107642
AC 235 8.10183 8.10183 8.10092
OP 236 0.645318 0.740966 0.564967 0.211867 0.387849 0.000110869
AC 236 8.07932 8.07932 8.07858
OP 237 0.641319 0.732392 0.558791 0.202874 0.392602 0.000115429
AC 237 8.2512 8.2512 8.25054
OP 238 0.642075 0.735072 0.556497 0.213159 0.39457 0.000116904
AC 238 8.80001 8.80001 8.79936
OP 239 0.646575 0.745137 0.566286 0.21364 0.386249 0.000110411
AC 239 8.66082 8.66082 8.66003
OP 240 0.643954 0.748021 0.568643 0.213079 0.386974 0.000108897
AC 240 7.76741 7.76741 7.76665
OP 241 0.640005 0.744286 0.561191 0.209534 0.389446 0.000113501
AC 241 8.46448 8.46448 8.46373
OP 242 0.642804 0.756597 0.569092 0.217683 0.386523 0.000107415
AC 242 8.92189 8.92189 8.92102
OP 243 0.633683 0.751643 0.567535 0.213804 0.385999 0.000108564
AC 243 8.60772 8.60772 8.60692
OP 244 0.646339 0.737667 0.571727 0.215288 0.387927 0.000107334
AC 244 7.84104 7.84104 7.84031
OP 245 0.633958 0.748176 0.563129 0.2168 0.386553 0.000111361
AC 245 8.66184 8.66184 8.66106
OP 246 0.644598 0.730385 0.547749 0.214893 0.3934 0.000121965
AC 246 8.24208 8.24208 8.24151
OP 247 0.63451 0.754219 0.575641 0.221439 0.380551 0.000104194
AC 247 8.60247 8.60247 8.60162
OP 248 0.616039 0.742237 0.575288 0.195273 0.384245 0.000105522
AC 248 6.62759 6.62759 6.62685
OP 249 0.657685 0.740144 0.570185 0.217659 0.384813 0.000108368
AC 249 8.83889 8.83889 8.83814
OP 250 0.641636 0.737413 0.565091 0.214036 0.386956 0.000110828
AC 250 8.1479 8.1479 8.14717
OP 251 0.625674 0.749865 0.568509 0.212365 0.384049 0.000108521
AC 251 9.35077 9.35077 9.34992
OP 252 0.644284 0.727506 0.556429 0.210372 0.390358 0.000116904
AC 252 8.08273 8.08273 8.08212
OP 253 0.642357 0.74063 0.57396 0.207656 0.381519 0.000105317
AC 253 7.15349 7.15349 7.15269
OP 254 0.642506 0.738196 0.561599 0.208725 0.392003 0.000113576
AC 254 7.64968 7.64968 7.64902
OP 255 0.632625 0.733935 0.561853 0.20709 0.389962 0.000113857
AC 255 8.17236 8.17236 8.17174
OP 256 0.651327 0.742486 0.569956 0.214745 0.38753 0.000108497
AC 256 7.99627 7.99627 7.99549
OP 257 0.640458 0.736161 0.551959 0.208138 0.392242 0.000119528
AC 257 7.41657 7.41657 7.41592
OP 258 0.646934 0.734801 0.561834 0.21597 0.390738 0.000113399
AC 258 7.96058 7.96058 7.95991
OP 259 0.631127 0.744409 0.568918 0.202728 0.386423 0.000108843
AC 259 7.36941 7.36941 7.36864
OP 260 0.652198 0.740076 0.565356 0.216748 0.38855 0.000111055
AC 260 7.71439 7.71439 7.71369
OP 261 0.643355 0.736016 0.547712 0.200656 0.395244 0.000122638
AC 261 8.40274 8.40274 8.40212
OP 262 0.650939 0.730596 0.549447 0.204019 0.397122 0.000121736
AC 262 9.02124 9.02124 9.02063
OP 263 0.63099 0.745572 0.557395 0.207217 0.391085 0.000115182
AC 263 8.16037 8.16037 8.15963
OP 264 0.63795 0.744787 0.559297 0.211432 0.389295 0.000114356
AC 264 8.63504 8.63504 8.63432
OP 265 0.646562 0.719808 0.544398 0.199648 0.39829 0.000125443
AC 265 7.08746 7.08746 7.08695
OP 266 0.651318 0.735027 0.562336 0.212957 0.389605 0.000113416
AC 266 7.91441 7.91441 7.91375
OP 267 0.659751 0.741403 0.557842 0.214224 0.390153 0.000115856
AC 267 9.20294 9.20294 9.20226
OP 268 0.650005 0.733441 0.554768 0.214072 0.394286 0.00011759
AC 268 8.24101 8.24101 8.24035
OP 269 0.637707 0.741906 0.567441 0.208535 0.387477 0.000110351
AC 269 8.36222 8.36222 8.36149
OP 270 0.63817 0.751228 0.56535 0.209039 0.384953 0.000110667
AC 270 8.85467 8.85467 8.85386
OP 271 0.645683 0.752701 0.56542 0.219137 0.387939 0.000110749
AC 271 9.56192 9.56192 9.5611
OP 272 0.649425 0.739037 0.558453 0.215391 0.387584 0.000114665
AC 272 8.41303 8.41303 8.41232
OP 273 0.643196 0.730254 0.554438 0.206289 0.394596 0.00011787
AC 273 8.51819 8.51819 8.51754
OP 274 0.64762 0.73701 0.561718 0.206339 0.39294 0.000113696
AC 274 7.44494 7.44494 7.44426
OP 275 0.658871 0.734165 0.559255 0.208666 0.390639 0.000115646
AC 275 7.46634 7.46634 7.46571
OP 276 0.649542 0.728818 0.567969 0.207352 0.389638 0.000110596
AC 276 7.08725 7.08725 7.08661
OP 277 0.652858 0.732829 0.572522 0.211292 0.385309 0.000107469
AC 277 7.0777 7.0777 7.07701
OP 278 0.643001 0.745825 0.555586 0.210321 0.39371 0.000116412
AC 278 8.54231 8.54231 8.54154
OP 279 0.63729 0.721525 0.559893 0.199849 0.392227 0.000115614
AC 279 7.24757 7.24757 7.24695
OP 280 0.663027 0.741574 0.571406 0.219235 0.383056 0.000107059
AC 280 7.79111 7.79111 7.79036
OP 281 0.635626 0.747463 0.558925 0.207738 0.390542 0.000114126
AC 281 8.84367 8.84367 8.84293
OP 282 0.637221 0.741111 0.565494 0.197263 0.386226 0.000110589
AC 282 7.71833 7.71833 7.71755
OP 283 0.644079 0.74208 0.55967 0.207344 0.391087 0.000114431
AC 283 8.92214 8.92214 8.92142
OP 284 0.649017 0.738664 0.562904 0.208146 0.389207 0.000113104
AC 284 8.0308 8.0308 8.03013
OP 285 0.653206 0.765241 0.577992 0.215802 0.381608 0.000102638
AC 285 8.43168 8.43168 8.43067
OP 286 0.630944 0.73252 0.561345 0.208128 0.388259 0.000113819
AC 286 7.39222 7.39222 7.39158
OP 287 0.649931 0.731509 0.556545 0.211788 0.39406 0.000116707
AC 287 8.26152 8.26152 8.26091
OP 288 0.629458 0.752503 0.571347 0.209514 0.384361 0.000106953
AC 288 6.63106 6.63106 6.6302
OP 289 0.648972 0.732315 0.546673 0.208561 0.399528 0.000122882
AC 289 8.82944 8.82944 8.82884
OP 290 0.653636 0.749082 0.559067 0.211721 0.388328 0.000114421
AC 290 8.80653 8.80653 8.80576
OP 291 0.649547 0.742653 0.568687 0.216726 0.387689 0.000108493
AC 291 8.19953 8.19953 8.19877
OP 292 0.636342 0.755651 0.56986 0.215406 0.386192 0.000106806
AC 292 8.31 8.31 8.30908
OP 293 0.634041 0.746547 0.5714 0.212663 0.385795 0.000107824
AC 293 8.69169 8.69169 8.69093
OP 294 0.655559 0.728585 0.551794 0.214158 0.393881 0.000119797
AC 294 8.52135 8.52135 8.52073
OP 295 0.638536 0.730922 0.559626 0.209367 0.392114 0.000114742
AC 295 7.45279 7.45279 7.4522
OP 296 0.640148 0.753544 0.569726 0.220422 0.383084 0.000107628
AC 296 8.76574 8.76574 8.76493
OP 297 0.646852 0.745043 0.563857 0.213618 0.388098 0.000110537
AC 297 8.44964 8.44964 8.44889
OP 298 0.636526 0.74583 0.562229 0.21484 0.3879 0.000111742
AC 298 8.73183 8.73183 8.73103
OP 299 0.653359 0.740938 0.566805 0.212711 0.386533 0.000110515
AC 299 8.2415 8.2415 8.24077
