OP 0 0.659183 0.758601 0.599712 0.221546 0.375371 0.000127407
AC 0 5.7695 5.7695 5.76893
OP 1 0.651166 0.777801 0.613477 0.223261 0.367898 0.000115753
AC 1 7.09904 7.09904 7.09832
OP 2 0.65165 0.794288 0.621519 0.222365 0.362423 0.000109365
AC 2 8.33258 8.33258 8.33152
OP 3 0.65223 0.801378 0.60844 0.23409 0.36506 0.000116966
AC 3 8.40328 8.40328 8.40229
OP 4 0.639464 0.778155 0.5944 0.218042 0.374921 0.000129105
AC 4 8.42818 8.42818 8.42748
OP 5 0.646936 0.7805 0.611477 0.227076 0.370237 0.000117557
AC 5 7.65027 7.65027 7.6495
OP 6 0.638813 0.779941 0.6032 0.223598 0.37174 0.000123171
AC 6 7.89844 7.89844 7.89774
OP 7 0.638258 0.79178 0.616294 0.225254 0.36651 0.000112363
AC 7 8.83171 8.83171 8.8307
OP 8 0.649383 0.786421 0.601937 0.2219 0.372426 0.00012326
AC 8 8.26134 8.26134 8.26059
OP 9 0.635403 0.787572 0.613307 0.224307 0.368805 0.000114859
AC 9 8.16509 8.16509 8.16421
OP 10 0.643165 0.786804 0.603665 0.222568 0.371556 0.000122235
AC 10 8.02801 8.02801 8.02718
OP 11 0.646445 0.784345 0.613043 0.219167 0.366321 0.000115813
AC 11 8.03053 8.03053 8.02963
OP 12 0.633382 0.786694 0.602198 0.222544 0.37201 0.000122505
AC 12 8.65326 8.65326 8.65245
OP 13 0.63862 0.795443 0.616634 0.225438 0.364427 0.00011214
AC 13 8.96217 8.96217 8.96116
OP 14 0.647938 0.776168 0.601609 0.214982 0.372346 0.000124723
AC 14 7.30566 7.30566 7.30493
OP 15 0.649448 0.784698 0.61827 0.224244 0.365456 0.000112291
AC 15 7.61391 7.61391 7.61306
OP 16 0.651782 0.795896 0.614719 0.224875 0.364863 0.000113683
AC 16 8.26915 8.26915 8.26824
OP 17 0.650713 0.789703 0.623682 0.229227 0.362747 0.00010796
AC 17 7.72318 7.72318 7.72222
OP 18 0.657443 0.783712 0.609653 0.230249 0.369059 0.000118297
AC 18 8.08242 8.08242 8.08163
OP 19 0.640035 0.79259 0.614176 0.222759 0.369563 0.000114487
AC 19 7.68706 7.68706 7.68615
OP 20 0.648696 0.79135 0.613848 0.230442 0.367533 0.000114883
AC 20 8.05839 8.05839 8.05746
OP 21 0.652001 0.795373 0.610055 0.233407 0.370573 0.000116706
AC 21 9.12716 9.12716 9.1263
OP 22 0.646919 0.796436 0.612187 0.230457 0.365431 0.000115262
AC 22 9.06634 9.06634 9.06543
OP 23 0.645986 0.785782 0.598032 0.233117 0.374913 0.000125996
AC 23 8.57968 8.57968 8.57892
OP 24 0.655594 0.773555 0.596702 0.227907 0.375111 0.000127619
AC 24 7.5012 7.5012 7.50052
OP 25 0.637408 0.77397 0.601656 0.214606 0.371802 0.0001246
AC 25 7.36169 7.36169 7.361
OP 26 0.645183 0.782066 0.61079 0.223601 0.369375 0.000117688
AC 26 7.72069 7.72069 7.71992
OP 27 0.658135 0.792899 0.610886 0.236968 0.36739 0.000116051
AC 27 8.59209 8.59209 8.5912
OP 28 0.638492 0.79881 0.615415 0.220994 0.363054 0.000113092
AC 28 8.60802 8.60802 8.60693
OP 29 0.654326 0.782029 0.603989 0.231621 0.371446 0.000121212
AC 29 7.87215 7.87215 7.87132
OP 30 0.647577 0.787908 0.612409 0.228794 0.367946 0.000116257
AC 30 7.91228 7.91228 7.91146
OP 31 0.65117 0.780387 0.612276 0.231028 0.367915 0.00011634
AC 31 7.8313 7.8313 7.8305
OP 32 0.644967 0.783688 0.616868 0.222269 0.367042 0.000113274
AC 32 7.74107 7.74107 7.74027
OP 33 0.654404 0.781777 0.601113 0.23091 0.373586 0.000124239
AC 33 8.07454 8.07454 8.07382
OP 34 0.653121 0.795852 0.621013 0.231314 0.36417 0.000109189
AC 34 7.63596 7.63596 7.63495
OP 35 0.649721 0.792847 0.619031 0.234142 0.366482 0.000110657
AC 35 8.19484 8.19484 8.19387
OP 36 0.657588 0.766923 0.605846 0.225687 0.370801 0.000122058
AC 36 6.74636 6.74636 6.74571
OP 37 0.629341 0.801126 0.614438 0.226487 0.368033 0.000113475
AC 37 8.64393 8.64393 8.64292
OP 38 0.646836 0.790077 0.619278 0.224324 0.36445 0.000111602
AC 38 8.00328 8.00328 8.00227
OP 39 0.644812 0.785786 0.600436 0.222647 0.369515 0.000124131
AC 39 8.61459 8.61459 8.61378
OP 40 0.64799 0.772834 0.601689 0.219396 0.373917 0.000124402
AC 40 7.07182 7.07182 7.07115
OP 41 0.659352 0.778053 0.606927 0.222443 0.370676 0.000120767
AC 41 7.47179 7.47179 7.47104
OP 42 0.656067 0.774701 0.616656 0.230221 0.366996 0.000113728
AC 42 6.98928 6.98928 6.98853
OP 43 0.649601 0.786571 0.607573 0.228451 0.369268 0.000119196
AC 43 8.35774 8.35774 8.35689
OP 44 0.631502 0.776149 0.605158 0.216672 0.373541 0.000121962
AC 44 7.8054 7.8054 7.80469
OP 45 0.650032 0.766445 0.594414 0.218223 0.374534 0.00013011
AC 45 7.22917 7.22917 7.22856
OP 46 0.65483 0.783759 0.605758 0.227578 0.369172 0.000120649
AC 46 7.82865 7.82865 7.82786
OP 47 0.646489 0.765358 0.591222 0.209153 0.377503 0.00013307
AC 47 6.97003 6.97003 6.96945
OP 48 0.646916 0.780014 0.622278 0.224209 0.364035 0.000110279
AC 48 6.61846 6.61846 6.61765
OP 49 0.654559 0.797379 0.621103 0.228091 0.362341 0.000109458
AC 49 8.72864 8.72864 8.72755
OP 50 0.668678 0.789732 0.617464 0.243268 0.363891 0.000112093
AC 50 8.71653 8.71653 8.71566
OP 51 0.638778 0.780168 0.620256 0.217039 0.367073 0.000110608
AC 51 7.35641 7.35641 7.35561
OP 52 0.659995 0.79458 0.61265 0.234575 0.367236 0.000114206
AC 52 8.87343 8.87343 8.87244
OP 53 0.647806 0.76758 0.591749 0.21087 0.375354 0.000131776
AC 53 7.72971 7.72971 7.72907
OP 54 0.643845 0.786205 0.607212 0.230027 0.371481 0.000119463
AC 54 8.55623 8.55623 8.5554
OP 55 0.626895 0.785031 0.622257 0.219216 0.364259 0.000109886
AC 55 7.51489 7.51489 7.514
OP 56 0.652196 0.783902 0.615078 0.21861 0.366657 0.000114003
AC 56 7.18417 7.18417 7.18333
OP 57 0.633462 0.787151 0.620938 0.216006 0.363113 0.000110777
AC 57 7.34163 7.34163 7.34081
OP 58 0.653792 0.789293 0.620765 0.235246 0.364788 0.000110598
AC 58 8.0153 8.0153 8.0144
OP 59 0.647281 0.782064 0.607588 0.219747 0.371525 0.000119599
AC 59 8.20463 8.20463 8.20381
OP 60 0.668826 0.774956 0.594616 0.235972 0.376173 0.00012985
AC 60 8.02549 8.02549 8.02484
OP 61 0.657543 0.784115 0.610616 0.228749 0.364729 0.00011721
AC 61 8.51832 8.51832 8.51749
OP 62 0.650395 0.781443 0.601936 0.217412 0.373281 0.000123624
AC 62 7.2245 7.2245 7.22376
OP 63 0.663624 0.794979 0.605731 0.239706 0.368204 0.000119732
AC 63 9.36574 9.36574 9.36481
OP 64 0.670692 0.764493 0.608254 0.225292 0.371072 0.000120244
AC 64 6.16612 6.16612 6.16546
OP 65 0.652573 0.767104 0.607965 0.225422 0.371005 0.00012061
AC 65 6.58893 6.58893 6.58825
OP 66 0.652103 0.782669 0.604151 0.226224 0.368397 0.000122588
AC 66 8.00596 8.00596 8.00523
OP 67 0.644156 0.7894 0.617126 0.216694 0.365749 0.000112385
AC 67 8.42116 8.42116 8.42017
OP 68 0.640144 0.7828 0.614079 0.222465 0.364022 0.000114814
AC 68 7.30332 7.30332 7.30252
OP 69 0.638345 0.784131 0.611939 0.215736 0.369429 0.000117244
AC 69 6.89637 6.89637 6.89562
OP 70 0.661139 0.77171 0.600089 0.228519 0.371381 0.000125564
AC 70 7.68448 7.68448 7.6838
OP 71 0.644208 0.763011 0.601314 0.221336 0.372647 0.000125718
AC 71 5.9865 5.9865 5.98588
OP 72 0.63788 0.78695 0.616131 0.221119 0.367912 0.000113784
AC 72 7.68666 7.68666 7.68582
OP 73 0.64221 0.785325 0.609147 0.223151 0.368014 0.000117921
AC 73 8.11677 8.11677 8.11591
OP 74 0.640475 0.765643 0.602109 0.214872 0.37354 0.000124718
AC 74 5.83874 5.83874 5.83808
OP 75 0.657304 0.759243 0.583723 0.219895 0.379932 0.000138695
AC 75 7.41113 7.41113 7.41057
OP 76 0.652692 0.789297 0.603583 0.235601 0.37015 0.000121379
AC 76 8.40556 8.40556 8.4047
OP 77 0.654742 0.766233 0.603281 0.217182 0.367413 0.000122962
AC 77 7.17179 7.17179 7.17109
OP 78 0.658828 0.784811 0.602517 0.230541 0.370546 0.000123324
AC 78 8.43585 8.43585 8.43507
OP 79 0.658414 0.781631 0.601286 0.233902 0.372424 0.000124205
AC 79 8.28005 8.28005 8.27932
OP 80 0.634956 0.790076 0.621264 0.232194 0.36496 0.000110531
AC 80 7.53953 7.53953 7.53865
OP 81 0.648693 0.771502 0.599666 0.21588 0.375221 0.000125895
AC 81 8.00063 8.00063 7.99995
OP 82 0.637981 0.794656 0.623258 0.224624 0.362438 0.000107971
AC 82 8.03331 8.03331 8.03234
OP 83 0.640199 0.797607 0.60629 0.227003 0.371501 0.000119269
AC 83 8.84378 8.84378 8.84289
OP 84 0.648208 0.782008 0.60463 0.224734 0.372279 0.0001214
AC 84 8.22212 8.22212 8.22137
OP 85 0.635353 0.796318 0.633294 0.224211 0.359328 0.00010167
AC 85 7.22897 7.22897 7.22793
OP 86 0.65146 0.784655 0.619185 0.225647 0.365564 0.000111618
AC 86 7.56387 7.56387 7.56303
OP 87 0.647832 0.780721 0.615503 0.224081 0.364874 0.000114083
AC 87 7.47827 7.47827 7.47748
OP 88 0.641876 0.783152 0.610573 0.221351 0.36851 0.000117751
AC 88 7.65343 7.65343 7.65264
OP 89 0.647591 0.788603 0.617524 0.223457 0.364691 0.000112528
AC 89 8.22121 8.22121 8.22031
OP 90 0.638469 0.786273 0.604631 0.220619 0.370556 0.000120919
AC 90 8.36394 8.36394 8.36308
OP 91 0.649907 0.77311 0.606528 0.220618 0.373011 0.000120415
AC 91 6.36369 6.36369 6.36301
OP 92 0.646396 0.779492 0.617157 0.227543 0.364644 0.000113632
AC 92 7.0403 7.0403 7.03951
OP 93 0.648591 0.785515 0.6177 0.227952 0.368209 0.000112384
AC 93 7.61891 7.61891 7.61806
OP 94 0.651951 0.759306 0.601576 0.224038 0.373942 0.000125206
AC 94 6.06034 6.06034 6.05977
OP 95 0.653826 0.771341 0.590654 0.223715 0.375946 0.000132289
AC 95 7.61079 7.61079 7.61019
OP 96 0.631327 0.790452 0.610605 0.220269 0.367206 0.000115948
AC 96 8.53396 8.53396 8.53307
OP 97 0.620538 0.786815 0.618126 0.214411 0.366434 0.000112209
AC 97 7.12108 7.12108 7.12027
OP 98 0.650274 0.79222 0.608188 0.234898 0.367393 0.000118598
AC 98 8.27057 8.27057 8.26974
OP 99 0.652033 0.766651 0.597771 0.222247 0.375193 0.000127961
AC 99 6.93197 6.93197 6.93136
OP 100 0.645217 0.778075 0.609113 0.22387 0.370943 0.000118732
AC 100 6.5486 6.5486 6.54787
OP 101 0.654442 0.766621 0.606908 0.22585 0.372383 0.000120712
AC 101 6.31499 6.31499 6.31432
OP 102 0.6503 0.778039 0.602937 0.226549 0.37192 0.000122511
AC 102 7.9183 7.9183 7.91754
OP 103 0.647533 0.78757 0.618064 0.224131 0.365334 0.000111468
AC 103 7.02022 7.02022 7.01931
OP 104 0.646618 0.765495 0.602544 0.224777 0.37311 0.00012471
AC 104 6.4202 6.4202 6.41963
OP 105 0.638734 0.775456 0.612782 0.21755 0.367005 0.000116892
AC 105 7.52669 7.52669 7.52595
OP 106 0.649899 0.795442 0.607374 0.23336 0.370217 0.000118701
AC 106 8.61274 8.61274 8.61184
OP 107 0.635653 0.776289 0.602272 0.212859 0.370732 0.000124101
AC 107 7.19028 7.19028 7.18962
OP 108 0.625742 0.802231 0.617906 0.218221 0.363497 0.000110646
AC 108 8.5252 8.5252 8.52415
OP 109 0.668545 0.778112 0.60117 0.23562 0.372836 0.000123823
AC 109 8.48632 8.48632 8.48557
OP 110 0.6456 0.791553 0.604452 0.225574 0.369682 0.000120963
AC 110 8.58897 8.58897 8.58814
OP 111 0.650861 0.785367 0.622271 0.228715 0.364714 0.000109591
AC 111 7.59329 7.59329 7.59244
OP 112 0.634063 0.779089 0.611083 0.220897 0.366857 0.000117384
AC 112 7.8412 7.8412 7.84042
OP 113 0.641391 0.781354 0.601957 0.216865 0.369804 0.000124007
AC 113 7.86585 7.86585 7.8651
OP 114 0.653342 0.788558 0.618213 0.231253 0.364324 0.000111884
AC 114 8.35772 8.35772 8.35682
OP 115 0.650373 0.79408 0.613251 0.231621 0.366186 0.000114555
AC 115 8.49987 8.49987 8.499
OP 116 0.648971 0.786517 0.60755 0.227485 0.368725 0.000119376
AC 116 8.5793 8.5793 8.57844
OP 117 0.665263 0.782994 0.613488 0.23328 0.366232 0.000115754
AC 117 7.76861 7.76861 7.76772
OP 118 0.655274 0.781238 0.604927 0.231045 0.370494 0.000121434
AC 118 8.33108 8.33108 8.33033
OP 119 0.654125 0.777502 0.617315 0.221048 0.367063 0.000113366
AC 119 5.91761 5.91761 5.91686
OP 120 0.64181 0.794687 0.625091 0.226731 0.36258 0.000106797
AC 120 7.71487 7.71487 7.7139
OP 121 0.644288 0.796679 0.617569 0.23023 0.364751 0.000110901
AC 121 7.72112 7.72112 7.72015
OP 122 0.636309 0.77733 0.604219 0.217168 0.369164 0.00012244
AC 122 7.48541 7.48541 7.48468
OP 123 0.646504 0.790559 0.606571 0.225541 0.368994 0.000119578
AC 123 7.86384 7.86384 7.86299
OP 124 0.643152 0.775281 0.606334 0.226889 0.371569 0.000120756
AC 124 7.05519 7.05519 7.05445
OP 125 0.638034 0.772476 0.610691 0.221572 0.36918 0.000118107
AC 125 6.50844 6.50844 6.50775
OP 126 0.643014 0.783356 0.602013 0.224758 0.372048 0.000123401
AC 126 8.48747 8.48747 8.48672
OP 127 0.657245 0.788869 0.611616 0.227607 0.367141 0.000115685
AC 127 8.58517 8.58517 8.58423
OP 128 0.639798 0.801598 0.618985 0.231184 0.3653 0.000110447
AC 128 9.11777 9.11777 9.11674
OP 129 0.64304 0.788479 0.615418 0.227145 0.363943 0.000113973
AC 129 8.02657 8.02657 8.02572
OP 130 0.645953 0.775913 0.6088 0.223897 0.367313 0.00011893
AC 130 7.498 7.498 7.49728
OP 131 0.639339 0.781922 0.597164 0.21779 0.37504 0.000127092
AC 131 8.65461 8.65461 8.65385
OP 132 0.647559 0.780676 0.59933 0.22126 0.374673 0.000125727
AC 132 7.64928 7.64928 7.64856
OP 133 0.660228 0.784505 0.612277 0.231164 0.366723 0.000115231
AC 133 8.01547 8.01547 8.0146
OP 134 0.649658 0.784346 0.610115 0.225908 0.369403 0.000117878
AC 134 8.19548 8.19548 8.19465
OP 135 0.655133 0.782378 0.602994 0.225967 0.371655 0.000122524
AC 135 8.10229 8.10229 8.10151
OP 136 0.65657 0.781517 0.620398 0.231577 0.363858 0.000111155
AC 136 6.93764 6.93764 6.93681
OP 137 0.637987 0.802725 0.624642 0.22876 0.360266 0.000106179
AC 137 8.21266 8.21266 8.21155
OP 138 0.650125 0.79328 0.612723 0.228418 0.367755 0.00011528
AC 138 8.44448 8.44448 8.44355
OP 139 0.648189 0.787828 0.611395 0.22635 0.369719 0.000116534
AC 139 8.28663 8.28663 8.28574
OP 140 0.663061 0.78897 0.609897 0.22796 0.366993 0.00011783
AC 140 8.97483 8.97483 8.97397
OP 141 0.64551 0.787444 0.604302 0.224481 0.369583 0.000122332
AC 141 8.12254 8.12254 8.1218
OP 142 0.65194 0.798919 0.619939 0.234568 0.362836 0.000109842
AC 142 8.42227 8.42227 8.42125
OP 143 0.652269 0.780268 0.608408 0.225361 0.367763 0.000118983
AC 143 7.88876 7.88876 7.88798
OP 144 0.656561 0.781901 0.606364 0.230479 0.368858 0.00011996
AC 144 8.72857 8.72857 8.72774
OP 145 0.651343 0.779497 0.598846 0.215548 0.372256 0.000125963
AC 145 8.18072 8.18072 8.17998
OP 146 0.654724 0.776581 0.600334 0.224632 0.374455 0.000124628
AC 146 8.77934 8.77934 8.77859
OP 147 0.643214 0.782031 0.609931 0.21796 0.365995 0.000117636
AC 147 7.83401 7.83401 7.8332
OP 148 0.656283 0.779154 0.598033 0.230004 0.374784 0.000126385
AC 148 7.95974 7.95974 7.95904
OP 149 0.655086 0.778286 0.603431 0.227635 0.37187 0.000122302
AC 149 8.24515 8.24515 8.24441
OP 150 0.655717 0.790368 0.614755 0.235184 0.365442 0.000114023
AC 150 8.32608 8.32608 8.3252
OP 151 0.635338 0.781697 0.608768 0.223154 0.370632 0.000118719
AC 151 7.54071 7.54071 7.53995
OP 152 0.639198 0.79206 0.618665 0.223562 0.363358 0.000111689
AC 152 8.01767 8.01767 8.01675
OP 153 0.655353 0.777611 0.602209 0.224176 0.371746 0.000123746
AC 153 7.96894 7.96894 7.96823
OP 154 0.660296 0.776541 0.603447 0.231689 0.370344 0.000122812
AC 154 7.41159 7.41159 7.41089
OP 155 0.651109 0.793918 0.607297 0.228689 0.366829 0.000118571
AC 155 8.53478 8.53478 8.53388
OP 156 0.654093 0.786269 0.612395 0.224101 0.366743 0.000115787
AC 156 7.80496 7.80496 7.80404
OP 157 0.652402 0.781182 0.613238 0.225007 0.368723 0.000116276
AC 157 7.6699 7.6699 7.66907
OP 158 0.638839 0.795601 0.628107 0.223145 0.358546 0.000104989
AC 158 7.88497 7.88497 7.88391
OP 159 0.639485 0.782843 0.619709 0.218424 0.362839 0.000111331
AC 159 7.44524 7.44524 7.44438
OP 160 0.643309 0.789055 0.610363 0.223079 0.36729 0.000117325
AC 160 8.3895 8.3895 8.38862
OP 161 0.649465 0.781112 0.600226 0.227374 0.374755 0.000124042
AC 161 7.89781 7.89781 7.89709
OP 162 0.65451 0.777068 0.610265 0.227796 0.368406 0.000118098
AC 162 7.51936 7.51936 7.51856
OP 163 0.655003 0.784957 0.607658 0.228361 0.371626 0.000118901
AC 163 8.51994 8.51994 8.51912
OP 164 0.626904 0.778065 0.597567 0.206132 0.374389 0.000126932
AC 164 6.79832 6.79832 6.79759
OP 165 0.640818 0.771568 0.606855 0.209718 0.372072 0.000121083
AC 165 6.59234 6.59234 6.59162
OP 166 0.648551 0.78831 0.615699 0.227378 0.364339 0.000112869
AC 166 8.33593 8.33593 8.33503
OP 167 0.654203 0.782881 0.610538 0.228647 0.366811 0.000117365
AC 167 8.41637 8.41637 8.41555
OP 168 0.650833 0.789561 0.627604 0.231502 0.360859 0.000105737
AC 168 7.73216 7.73216 7.7312
OP 169 0.639928 0.777016 0.61207 0.22483 0.367431 0.000116559
AC 169 6.63045 6.63045 6.62971
OP 170 0.658617 0.780127 0.601712 0.226038 0.372766 0.000122865
AC 170 7.83569 7.83569 7.83492
OP 171 0.648172 0.779843 0.601277 0.220804 0.373898 0.000124919
AC 171 8.06701 8.06701 8.06633
OP 172 0.636591 0.767841 0.604401 0.21616 0.371522 0.000123327
AC 172 5.49739 5.49739 5.49679
OP 173 0.638826 0.788737 0.600776 0.228802 0.370328 0.00012376
AC 173 8.70232 8.70232 8.70153
OP 174 0.637398 0.79245 0.604157 0.221505 0.371448 0.000121932
AC 174 9.05659 9.05659 9.05572
OP 175 0.650188 0.776377 0.60345 0.221369 0.369707 0.000122905
AC 175 7.99921 7.99921 7.9985
OP 176 0.669548 0.771963 0.601439 0.227695 0.372774 0.000124691
AC 176 7.93942 7.93942 7.93879
OP 177 0.644048 0.789505 0.61467 0.227732 0.366452 0.000114202
AC 177 8.13179 8.13179 8.13087
OP 178 0.64214 0.780947 0.598911 0.220948 0.371421 0.000126019
AC 178 7.98252 7.98252 7.98173
OP 179 0.676321 0.781406 0.607953 0.231999 0.367825 0.00011935
AC 179 9.15949 9.15949 9.15866
OP 180 0.645199 0.774039 0.597978 0.217195 0.373767 0.000126955
AC 180 7.58338 7.58338 7.58269
OP 181 0.654683 0.792167 0.610925 0.224176 0.367526 0.000116819
AC 181 8.80009 8.80009 8.79921
OP 182 0.645108 0.775942 0.597843 0.225257 0.372411 0.0001269
AC 182 7.56647 7.56647 7.56578
OP 183 0.663982 0.78383 0.60927 0.238111 0.369325 0.000117998
AC 183 8.77721 8.77721 8.77635
OP 184 0.64646 0.770977 0.612693 0.218461 0.368821 0.000117111
AC 184 6.64924 6.64924 6.64852
OP 185 0.64975 0.777237 0.616061 0.22763 0.367334 0.000113778
AC 185 7.3135 7.3135 7.31273
OP 186 0.651927 0.79164 0.62464 0.227896 0.361834 0.00010785
AC 186 6.90234 6.90234 6.90145
OP 187 0.638215 0.783233 0.599255 0.215505 0.372742 0.000125312
AC 187 7.93429 7.93429 7.93352
OP 188 0.639555 0.792177 0.621204 0.221326 0.363795 0.000109297
AC 188 7.68278 7.68278 7.68181
OP 189 0.660771 0.793314 0.614032 0.233999 0.367386 0.00011411
AC 189 9.22015 9.22015 9.21922
OP 190 0.647759 0.77894 0.597049 0.222115 0.37658 0.000127408
AC 190 7.85039 7.85039 7.84966
OP 191 0.649268 0.787881 0.615375 0.226755 0.365636 0.000114151
AC 191 7.99679 7.99679 7.99596
OP 192 0.651459 0.786713 0.617127 0.228883 0.364892 0.000112664
AC 192 7.87122 7.87122 7.87037
OP 193 0.635959 0.771255 0.604721 0.214519 0.370866 0.000123163
AC 193 6.60478 6.60478 6.60414
OP 194 0.646862 0.781855 0.61613 0.217992 0.36477 0.00011371
AC 194 8.69947 8.69947 8.69864
OP 195 0.63618 0.771198 0.601482 0.211089 0.374253 0.000124842
AC 195 6.79594 6.79594 6.79525
OP 196 0.647426 0.770517 0.601238 0.214525 0.371014 0.000125205
AC 196 7.11922 7.11922 7.11856
OP 197 0.663601 0.796018 0.620934 0.242001 0.362663 0.000109734
AC 197 9.37066 9.37066 9.36958
OP 198 0.644549 0.77857 0.606573 0.22332 0.372932 0.00012118
AC 198 8.19949 8.19949 8.19875
OP 199 0.636936 0.779816 0.60756 0.216288 0.369724 0.000120055
AC 199 7.13293 7.13293 7.13219
OP 200 0.65496 0.768079 0.600767 0.221112 0.374579 0.000124878
AC 200 6.91618 6.91618 6.91555
OP 201 0.638449 0.787841 0.611387 0.223247 0.36712 0.000116193
AC 201 7.72315 7.72315 7.72231
OP 202 0.657384 0.793417 0.625592 0.234931 0.360593 0.000106212
AC 202 8.26347 8.26347 8.26239
OP 203 0.653053 0.781599 0.606311 0.224553 0.37074 0.000120266
AC 203 8.30305 8.30305 8.30228
OP 204 0.637113 0.773948 0.603151 0.217463 0.374362 0.000123382
AC 204 7.39569 7.39569 7.39501
OP 205 0.649423 0.774762 0.598639 0.22404 0.375599 0.000127282
AC 205 7.65408 7.65408 7.65345
OP 206 0.643205 0.796161 0.621743 0.22436 0.36094 0.000108456
AC 206 8.66856 8.66856 8.66744
OP 207 0.645685 0.783417 0.616727 0.221667 0.366043 0.000113385
AC 207 7.21372 7.21372 7.21292
OP 208 0.664956 0.76859 0.601806 0.224055 0.369396 0.000124691
AC 208 7.14076 7.14076 7.14009
OP 209 0.642405 0.775443 0.602664 0.218828 0.373757 0.000123669
AC 209 6.43198 6.43198 6.43128
OP 210 0.64434 0.799076 0.611288 0.227297 0.366024 0.000115639
AC 210 8.93661 8.93661 8.93557
OP 211 0.642051 0.782981 0.604174 0.221532 0.371906 0.0001216
AC 211 8.11753 8.11753 8.11677
OP 212 0.638213 0.788486 0.608169 0.22873 0.367859 0.000118006
AC 212 8.25429 8.25429 8.25345
OP 213 0.648969 0.791895 0.613278 0.227967 0.368857 0.000114712
AC 213 8.15512 8.15512 8.15417
OP 214 0.642265 0.787001 0.622002 0.223977 0.363802 0.000109537
AC 214 7.54005 7.54005 7.53917
OP 215 0.642061 0.789104 0.614756 0.220828 0.366777 0.000114398
AC 215 7.8403 7.8403 7.83943
OP 216 0.653196 0.776769 0.617149 0.217055 0.365719 0.000113212
AC 216 6.6522 6.6522 6.65144
OP 217 0.638637 0.787285 0.619814 0.224205 0.364611 0.000110985
AC 217 7.20055 7.20055 7.1997
OP 218 0.665782 0.778029 0.606988 0.229892 0.369896 0.000120499
AC 218 7.72647 7.72647 7.72573
OP 219 0.636055 0.76207 0.597014 0.212099 0.375741 0.000127912
AC 219 6.85557 6.85557 6.85495
OP 220 0.647008 0.781678 0.612602 0.22777 0.370086 0.000116308
AC 220 8.22401 8.22401 8.22322
OP 221 0.653263 0.778615 0.62054 0.229837 0.365256 0.000111244
AC 221 6.33382 6.33382 6.33302
OP 222 0.65167 0.775661 0.605714 0.224175 0.371212 0.000121421
AC 222 7.25871 7.25871 7.25799
OP 223 0.632899 0.78205 0.604997 0.215273 0.370361 0.000121703
AC 223 7.85151 7.85151 7.85077
OP 224 0.648691 0.765174 0.610132 0.223777 0.371957 0.000119413
AC 224 5.52945 5.52945 5.5288
OP 225 0.655053 0.779284 0.605504 0.228973 0.36916 0.00012068
AC 225 8.20314 8.20314 8.20236
OP 226 0.645524 0.791248 0.624726 0.224754 0.362928 0.000107537
AC 226 7.7435 7.7435 7.74255
OP 227 0.657772 0.785173 0.60744 0.226856 0.370902 0.000119442
AC 227 8.28772 8.28772 8.2869
OP 228 0.65543 0.776879 0.608827 0.232909 0.368711 0.000118691
AC 228 7.9736 7.9736 7.97282
OP 229 0.642613 0.78231 0.61264 0.226113 0.369261 0.000115589
AC 229 7.4889 7.4889 7.48811
OP 230 0.64762 0.781771 0.610435 0.226159 0.368693 0.000117254
AC 230 8.02676 8.02676 8.02593
OP 231 0.652897 0.779567 0.605123 0.227285 0.373338 0.000121154
AC 231 7.69743 7.69743 7.6967
OP 232 0.635656 0.773584 0.594639 0.217365 0.376643 0.000129617
AC 232 7.3293 7.3293 7.32868
OP 233 0.644249 0.800811 0.623652 0.233511 0.363759 0.000107154
AC 233 8.33821 8.33821 8.3372
OP 234 0.641536 0.791222 0.611776 0.225384 0.365702 0.000115482
AC 234 8.47054 8.47054 8.4696
OP 235 0.659002 0.776548 0.602955 0.22865 0.371413 0.000123392
AC 235 7.61121 7.61121 7.61053
OP 236 0.642486 0.787758 0.62248 0.22151 0.365459 0.000108873
AC 236 7.18804 7.18804 7.18715
OP 237 0.642691 0.789999 0.607769 0.224839 0.369287 0.000119047
AC 237 7.60257 7.60257 7.60176
OP 238 0.656375 0.773277 0.602538 0.222262 0.37269 0.000124182
AC 238 7.69003 7.69003 7.68934
OP 239 0.648494 0.79588 0.612536 0.232448 0.367247 0.000114742
AC 239 8.90204 8.90204 8.90107
OP 240 0.646571 0.78976 0.611112 0.226936 0.368751 0.000116957
AC 240 8.38504 8.38504 8.38419
OP 241 0.6663 0.777016 0.601513 0.233101 0.371444 0.000123923
AC 241 8.0954 8.0954 8.09469
OP 242 0.648134 0.784034 0.616674 0.230174 0.365426 0.000113413
AC 242 8.08643 8.08643 8.08561
OP 243 0.646034 0.782027 0.604622 0.222419 0.36876 0.000121648
AC 243 7.62713 7.62713 7.62638
OP 244 0.664573 0.767615 0.597815 0.234699 0.374169 0.000127774
AC 244 7.33667 7.33667 7.33605
OP 245 0.66257 0.776791 0.60152 0.22579 0.371775 0.00012392
AC 245 8.16633 8.16633 8.16564
OP 246 0.642497 0.769316 0.606091 0.218517 0.371202 0.000121463
AC 246 7.02766 7.02766 7.02699
OP 247 0.638113 0.777388 0.605732 0.222943 0.370809 0.000122424
AC 247 7.63485 7.63485 7.63414
OP 248 0.651175 0.7762 0.609986 0.224155 0.369308 0.000118661
AC 248 6.8549 6.8549 6.85422
OP 249 0.641314 0.780062 0.608176 0.22223 0.370704 0.000119086
AC 249 7.72438 7.72438 7.72364
OP 250 0.646737 0.789895 0.615043 0.224401 0.366384 0.000113865
AC 250 7.80951 7.80951 7.80859
OP 251 0.653107 0.78228 0.61263 0.228187 0.367201 0.000115897
AC 251 7.39896 7.39896 7.39815
OP 252 0.64726 0.785461 0.61366 0.227092 0.367219 0.000115665
AC 252 7.82623 7.82623 7.82537
OP 253 0.653414 0.786952 0.614059 0.234526 0.366994 0.000115489
AC 253 8.32923 8.32923 8.32839
OP 254 0.655584 0.784133 0.619293 0.226595 0.363915 0.000111269
AC 254 7.06553 7.06553 7.06467
OP 255 0.649872 0.785514 0.617592 0.232856 0.36478 0.000112126
AC 255 7.4653 7.4653 7.46448
OP 256 0.652484 0.790258 0.613268 0.228102 0.368304 0.000115085
AC 256 7.73658 7.73658 7.73569
OP 257 0.639079 0.783744 0.606352 0.223625 0.3694 0.00012033
AC 257 7.78794 7.78794 7.78717
OP 258 0.643727 0.786773 0.620169 0.225184 0.364595 0.000110769
AC 258 7.19945 7.19945 7.19856
OP 259 0.652478 0.777325 0.605624 0.223979 0.369014 0.000121653
AC 259 7.51611 7.51611 7.51539
OP 260 0.650642 0.784112 0.618886 0.225405 0.364527 0.000111614
AC 260 7.53979 7.53979 7.53896
OP 261 0.643391 0.768185 0.598598 0.215557 0.374134 0.000126935
AC 261 7.92584 7.92584 7.92519
OP 262 0.655092 0.788953 0.614524 0.232484 0.367607 0.000114561
AC 262 8.41124 8.41124 8.41037
OP 263 0.655426 0.785265 0.608238 0.225427 0.368171 0.000119039
AC 263 8.66054 8.66054 8.65974
OP 264 0.649551 0.785878 0.604399 0.224295 0.37137 0.000122182
AC 264 8.37691 8.37691 8.37615
OP 265 0.656987 0.759504 0.591246 0.220346 0.378799 0.000132628
AC 265 6.79523 6.79523 6.79465
OP 266 0.664019 0.788355 0.621763 0.231866 0.363291 0.00010938
AC 266 7.81266 7.81266 7.81169
OP 267 0.654628 0.7784 0.615275 0.226046 0.366755 0.000114116
AC 267 6.99849 6.99849 6.99768
OP 268 0.635874 0.778696 0.594154 0.224927 0.37372 0.000129526
AC 268 7.78522 7.78522 7.78455
OP 269 0.66777 0.772194 0.611698 0.236187 0.366408 0.000117413
AC 269 7.2276 7.2276 7.22691
OP 270 0.648454 0.794646 0.607367 0.233586 0.367193 0.000118523
AC 270 9.10604 9.10604 9.10515
OP 271 0.650626 0.795152 0.615668 0.235847 0.362691 0.000112944
AC 271 8.97038 8.97038 8.96942
OP 272 0.643053 0.767225 0.601378 0.224535 0.370825 0.000125019
AC 272 6.82561 6.82561 6.82496
OP 273 0.640168 0.776672 0.608411 0.221339 0.371161 0.000119969
AC 273 7.55487 7.55487 7.55415
OP 274 0.648456 0.771416 0.604119 0.216852 0.371137 0.000122894
AC 274 7.32713 7.32713 7.32647
OP 275 0.667997 0.779019 0.604365 0.230672 0.370929 0.00012174
AC 275 8.4455 8.4455 8.44473
OP 276 0.64624 0.777357 0.610475 0.212295 0.369196 0.000118427
AC 276 6.47256 6.47256 6.47181
OP 277 0.658147 0.77305 0.595257 0.222712 0.375684 0.000129166
AC 277 7.48137 7.48137 7.48072
OP 278 0.658085 0.793562 0.624159 0.23353 0.36118 0.000107355
AC 278 8.04601 8.04601 8.04503
OP 279 0.653173 0.777859 0.601335 0.228814 0.372228 0.00012353
AC 279 8.48493 8.48493 8.48416
OP 280 0.653324 0.784024 0.609143 0.22484 0.369576 0.000118695
AC 280 7.32301 7.32301 7.32226
OP 281 0.652165 0.77936 0.605626 0.231841 0.371338 0.00012103
AC 281 7.69777 7.69777 7.69705
OP 282 0.639163 0.780931 0.61152 0.219712 0.366756 0.000117064
AC 282 7.08021 7.08021 7.0794
OP 283 0.650258 0.783075 0.619205 0.224113 0.363701 0.000111447
AC 283 6.53365 6.53365 6.53284
OP 284 0.636187 0.791322 0.615423 0.222352 0.366876 0.000113555
AC 284 8.13973 8.13973 8.13887
OP 285 0.65811 0.791853 0.605714 0.229183 0.370387 0.000120191
AC 285 8.69199 8.69199 8.69109
OP 286 0.647222 0.77105 0.601706 0.22065 0.374786 0.000124497
AC 286 7.67302 7.67302 7.67236
OP 287 0.652489 0.771206 0.608295 0.226418 0.370546 0.000119777
AC 287 6.33409 6.33409 6.33338
OP 288 0.648075 0.787116 0.606876 0.226638 0.371111 0.000119982
AC 288 8.13037 8.13037 8.12953
OP 289 0.656326 0.789128 0.620408 0.226912 0.364959 0.000110276
AC 289 8.23919 8.23919 8.23828
OP 290 0.642696 0.773549 0.610392 0.218229 0.371936 0.000118497
AC 290 6.04326 6.04326 6.04255
OP 291 0.656049 0.774961 0.60353 0.232731 0.369538 0.000122827
AC 291 7.0284 7.0284 7.02773
OP 292 0.639499 0.78508 0.608571 0.224403 0.369315 0.000119158
AC 292 8.46879 8.46879 8.46799
OP 293 0.634138 0.792794 0.628848 0.223795 0.361526 0.000104092
AC 293 7.68427 7.68427 7.68333
OP 294 0.650394 0.779434 0.608789 0.222183 0.372109 0.000119213
AC 294 7.50845 7.50845 7.50769
OP 295 0.648522 0.786455 0.61668 0.229704 0.365278 0.000113637
AC 295 7.40805 7.40805 7.40717
OP 296 0.665257 0.778113 0.60485 0.229374 0.372167 0.000122041
AC 296 8.00503 8.00503 8.00427
OP 297 0.646528 0.766631 0.608261 0.217869 0.373755 0.000121047
AC 297 5.72207 5.72207 5.72145
OP 298 0.631685 0.783012 0.613874 0.216624 0.367603 0.000115095
AC 298 7.07494 7.07494 7.0741
OP 299 0.658579 0.771746 0.600038 0.221216 0.373447 0.000125755
AC 299 7.08334 7.08334 7.08267
