OP 0 0.643664 0.711133 0.539666 0.213236 0.39897 0.000106773
AC 0 7.43776 7.43776 7.43711
OP 1 0.649763 0.711658 0.545398 0.221178 0.396398 0.000103939
AC 1 6.50484 6.50484 6.50418
OP 2 0.651025 0.728056 0.544134 0.22456 0.39257 0.000103297
AC 2 8.5646 8.5646 8.56382
OP 3 0.639673 0.724719 0.545881 0.217005 0.392398 0.000102872
AC 3 8.32705 8.32705 8.32629
OP 4 0.6355 0.712293 0.535777 0.217343 0.397231 0.000107839
AC 4 7.39251 7.39251 7.39184
OP 5 0.645197 0.718499 0.539112 0.224249 0.395178 0.000106213
AC 5 7.8134 7.8134 7.8127
OP 6 0.637148 0.712575 0.536472 0.214714 0.397473 0.000107631
AC 6 5.67168 5.67168 5.67106
OP 7 0.668041 0.707788 0.539573 0.226973 0.399647 0.000106601
AC 7 7.48333 7.48333 7.48268
OP 8 0.637579 0.715018 0.533851 0.218559 0.400419 0.000108705
AC 8 7.07831 7.07831 7.07765
OP 9 0.65017 0.719949 0.537775 0.219301 0.396971 0.000106865
AC 9 9.04303 9.04303 9.04235
OP 10 0.644547 0.717873 0.543993 0.217525 0.394242 0.000103857
AC 10 6.10964 6.10964 6.10895
OP 11 0.65281 0.718033 0.534748 0.227817 0.396762 0.000108554
AC 11 8.85439 8.85439 8.85377
OP 12 0.65348 0.725173 0.540838 0.226616 0.397371 0.000104925
AC 12 9.12521 9.12521 9.12445
OP 13 0.651616 0.722356 0.542411 0.224116 0.395156 0.000104161
AC 13 8.51349 8.51349 8.51275
OP 14 0.639941 0.728961 0.543057 0.223449 0.392055 0.000103744
AC 14 9.00696 9.00696 9.00621
OP 15 0.63082 0.716283 0.535102 0.20732 0.398795 0.000108542
AC 15 7.16125 7.16125 7.16056
OP 16 0.621362 0.724578 0.549398 0.214686 0.391152 0.000100507
AC 16 6.26835 6.26835 6.26757
OP 17 0.641276 0.709268 0.536701 0.215494 0.398986 0.000107661
AC 17 6.72203 6.72203 6.72139
OP 18 0.642527 0.726979 0.546645 0.221408 0.391199 0.000102125
AC 18 8.56268 8.56268 8.5619
OP 19 0.642812 0.735001 0.541773 0.217906 0.395403 0.000103887
AC 19 8.92918 8.92918 8.92829
OP 20 0.64378 0.721646 0.548534 0.222087 0.392455 0.000101357
AC 20 7.09016 7.09016 7.08945
OP 21 0.650894 0.708923 0.536412 0.21429 0.400014 0.000108195
AC 21 6.34494 6.34494 6.34429
OP 22 0.652015 0.717077 0.541288 0.224135 0.394971 0.000104711
AC 22 7.85482 7.85482 7.85409
OP 23 0.645144 0.716283 0.534566 0.219729 0.400243 0.00010874
AC 23 8.15601 8.15601 8.15538
OP 24 0.641042 0.725815 0.549791 0.220827 0.389811 0.000101057
AC 24 7.52819 7.52819 7.52743
OP 25 0.648816 0.714769 0.537768 0.221007 0.398005 0.000106852
AC 25 7.30571 7.30571 7.30502
OP 26 0.656583 0.727666 0.546053 0.223529 0.392514 0.000102258
AC 26 8.89251 8.89251 8.89171
OP 27 0.653857 0.713838 0.542575 0.219659 0.394586 0.00010487
AC 27 7.63252 7.63252 7.63185
OP 28 0.644033 0.725315 0.545335 0.220006 0.395043 0.000103142
AC 28 8.43401 8.43401 8.43325
OP 29 0.632086 0.726705 0.543146 0.216476 0.395466 0.000104336
AC 29 7.59717 7.59717 7.5964
OP 30 0.631622 0.714875 0.547148 0.214977 0.393786 0.000102731
AC 30 5.99878 5.99878 5.99807
OP 31 0.632815 0.726773 0.541215 0.21607 0.395161 0.000104346
AC 31 8.25365 8.25365 8.25288
OP 32 0.654096 0.717159 0.535829 0.214918 0.399823 0.000108103
AC 32 7.76635 7.76635 7.76565
OP 33 0.646126 0.721498 0.536523 0.218989 0.397884 0.000107486
AC 33 7.93099 7.93099 7.93029
OP 34 0.649976 0.723758 0.54367 0.230331 0.394038 0.000103228
AC 34 9.45393 9.45393 9.4532
OP 35 0.647586 0.723386 0.543928 0.227945 0.392686 0.000103343
AC 35 8.52687 8.52687 8.52611
OP 36 0.639113 0.727653 0.542791 0.217052 0.396113 0.000104278
AC 36 8.44847 8.44847 8.44773
OP 37 0.660642 0.723394 0.553219 0.233866 0.389547 9.95294E-05
AC 37 7.83166 7.83166 7.8309
OP 38 0.659288 0.719925 0.529508 0.2228 0.398065 0.000110289
AC 38 9.22192 9.22192 9.22123
OP 39 0.642183 0.723407 0.546999 0.216614 0.391323 0.000102395
AC 39 8.05801 8.05801 8.05722
OP 40 0.645652 0.717479 0.545933 0.223272 0.390532 0.000102705
AC 40 8.11364 8.11364 8.11291
OP 41 0.647184 0.710766 0.537464 0.226526 0.39686 0.000107216
AC 41 8.19447 8.19447 8.19383
OP 42 0.64023 0.719393 0.545759 0.214366 0.392926 0.000103089
AC 42 7.0743 7.0743 7.07359
OP 43 0.641521 0.717933 0.5513 0.222067 0.391121 0.000100382
AC 43 8.19959 8.19959 8.19888
OP 44 0.644182 0.7108 0.534099 0.217374 0.40164 0.000109448
AC 44 7.60156 7.60156 7.60095
OP 45 0.658264 0.715507 0.537564 0.229359 0.399042 0.000107001
AC 45 7.32987 7.32987 7.32919
OP 46 0.651566 0.718365 0.546492 0.222529 0.39267 0.00010217
AC 46 8.53932 8.53932 8.53855
OP 47 0.651252 0.722878 0.535096 0.221006 0.400112 0.000108328
AC 47 9.04076 9.04076 9.04007
OP 48 0.638824 0.710348 0.540173 0.217498 0.396309 0.000106091
AC 48 7.53325 7.53325 7.53259
OP 49 0.639018 0.722573 0.542884 0.217187 0.395211 0.000104035
AC 49 7.74322 7.74322 7.74249
OP 50 0.644565 0.734243 0.547255 0.229035 0.391061 0.000100865
AC 50 7.98325 7.98325 7.98245
OP 51 0.640873 0.713255 0.537633 0.217531 0.399417 0.000107272
AC 51 6.2807 6.2807 6.28004
OP 52 0.663342 0.722486 0.541695 0.231516 0.391619 0.000104548
AC 52 8.84442 8.84442 8.84369
OP 53 0.631997 0.71539 0.533818 0.206816 0.400182 0.00010886
AC 53 6.941 6.941 6.94034
OP 54 0.641732 0.719736 0.543793 0.219978 0.395955 0.000103868
AC 54 8.82154 8.82154 8.82078
OP 55 0.650135 0.721203 0.537222 0.218268 0.39676 0.000107082
AC 55 8.79887 8.79887 8.79815
OP 56 0.638508 0.719255 0.54006 0.219012 0.397538 0.000106068
AC 56 8.04746 8.04746 8.0468
OP 57 0.641421 0.717422 0.533157 0.219151 0.400231 0.000109034
AC 57 8.70483 8.70483 8.70415
OP 58 0.631075 0.725555 0.541532 0.210916 0.396492 0.000104809
AC 58 8.03856 8.03856 8.03783
OP 59 0.653372 0.716289 0.531536 0.216175 0.400474 0.000110015
AC 59 8.98292 8.98292 8.98225
OP 60 0.652665 0.721451 0.534565 0.220421 0.397605 0.000108118
AC 60 7.59451 7.59451 7.59379
OP 61 0.649465 0.72946 0.543518 0.22303 0.394382 0.000103805
AC 61 8.05132 8.05132 8.05058
OP 62 0.63883 0.703571 0.522837 0.203251 0.403986 0.000114942
AC 62 7.66212 7.66212 7.66154
OP 63 0.65795 0.715342 0.54631 0.223268 0.389783 0.000102573
AC 63 8.2782 8.2782 8.27747
OP 64 0.651724 0.718616 0.538358 0.221499 0.39507 0.000106516
AC 64 9.43714 9.43714 9.43642
OP 65 0.640174 0.728385 0.545718 0.220024 0.390143 0.000102799
AC 65 8.17448 8.17448 8.1737
OP 66 0.647944 0.715097 0.541131 0.222103 0.393954 0.000105004
AC 66 7.59519 7.59519 7.59449
OP 67 0.63651 0.716111 0.537686 0.214322 0.399694 0.000106883
AC 67 7.71117 7.71117 7.7105
OP 68 0.653091 0.721584 0.539784 0.225296 0.397314 0.000105321
AC 68 8.40723 8.40723 8.4065
OP 69 0.649198 0.720867 0.545585 0.227727 0.391904 0.000102942
AC 69 7.96201 7.96201 7.96123
OP 70 0.640213 0.70724 0.544095 0.221723 0.394915 0.000104239
AC 70 6.299 6.299 6.29834
OP 71 0.644622 0.71646 0.534444 0.223025 0.399107 0.000108846
AC 71 7.27443 7.27443 7.27379
OP 72 0.649667 0.711757 0.534222 0.212052 0.397393 0.00010827
AC 72 7.20578 7.20578 7.20511
OP 73 0.631088 0.72061 0.528015 0.214927 0.399822 0.000111821
AC 73 7.88407 7.88407 7.88342
OP 74 0.661627 0.715436 0.544122 0.226115 0.393827 0.000103787
AC 74 8.85572 8.85572 8.85505
OP 75 0.640972 0.719934 0.53667 0.21536 0.398568 0.000107377
AC 75 7.76469 7.76469 7.76401
OP 76 0.63724 0.702113 0.518218 0.206988 0.40732 0.000118043
AC 76 7.30517 7.30517 7.30464
OP 77 0.654988 0.726212 0.542493 0.224838 0.394122 0.000104206
AC 77 8.45321 8.45321 8.45245
OP 78 0.647612 0.718136 0.542031 0.218767 0.395149 0.000104739
AC 78 8.85874 8.85874 8.85801
OP 79 0.651533 0.723688 0.535195 0.223775 0.397673 0.000107336
AC 79 9.01105 9.01105 9.01037
OP 80 0.626699 0.7242 0.538822 0.211649 0.399145 0.000106157
AC 80 7.71842 7.71842 7.71772
OP 81 0.649215 0.736074 0.544663 0.229057 0.392585 0.000102857
AC 81 9.38563 9.38563 9.38482
OP 82 0.630657 0.722979 0.537996 0.217376 0.395875 0.000106722
AC 82 6.49174 6.49174 6.49106
OP 83 0.655652 0.731077 0.543483 0.233966 0.392698 0.00010358
AC 83 9.16533 9.16533 9.16457
OP 84 0.638933 0.725297 0.547 0.22162 0.390496 0.000101951
AC 84 8.59523 8.59523 8.59445
OP 85 0.649037 0.713203 0.546832 0.217132 0.393333 0.000103373
AC 85 6.83911 6.83911 6.83843
OP 86 0.647986 0.707311 0.535819 0.211364 0.397255 0.000108354
AC 86 7.00079 7.00079 7.00016
OP 87 0.637447 0.707746 0.538551 0.214876 0.39787 0.000107198
AC 87 6.74014 6.74014 6.73952
OP 88 0.665199 0.733451 0.544783 0.231485 0.392059 0.000102462
AC 88 9.31761 9.31761 9.31679
OP 89 0.64869 0.720179 0.543661 0.227195 0.39654 0.000104165
AC 89 8.85933 8.85933 8.85865
OP 90 0.638504 0.723297 0.539838 0.220657 0.394174 0.000105374
AC 90 8.0133 8.0133 8.01256
OP 91 0.633724 0.727738 0.535927 0.214434 0.399244 0.000107011
AC 91 9.08641 9.08641 9.08566
OP 92 0.663319 0.717196 0.534336 0.221805 0.399391 0.00010851
AC 92 9.08123 9.08123 9.08057
OP 93 0.635286 0.717405 0.525334 0.212811 0.404643 0.000113499
AC 93 8.05131 8.05131 8.05068
OP 94 0.647313 0.716602 0.538219 0.219669 0.397588 0.0001067
AC 94 8.56925 8.56925 8.56857
OP 95 0.637274 0.72469 0.53946 0.217958 0.395037 0.00010566
AC 95 7.66444 7.66444 7.66367
OP 96 0.635942 0.716587 0.535794 0.213325 0.399929 0.000107999
AC 96 7.9599 7.9599 7.95922
OP 97 0.639195 0.719024 0.543714 0.214072 0.394443 0.000103972
AC 97 7.30161 7.30161 7.30091
OP 98 0.656364 0.718744 0.543536 0.225571 0.392757 0.000104522
AC 98 8.27915 8.27915 8.27844
OP 99 0.639513 0.712431 0.531678 0.217303 0.399899 0.000109964
AC 99 7.65794 7.65794 7.65729
OP 100 0.649682 0.718164 0.539531 0.216674 0.396149 0.000106232
AC 100 7.81354 7.81354 7.81285
OP 101 0.63108 0.703384 0.537449 0.208154 0.397156 0.00010797
AC 101 6.34661 6.34661 6.34601
OP 102 0.632556 0.710241 0.541808 0.214311 0.396696 0.000105355
AC 102 7.95384 7.95384 7.95322
OP 103 0.653738 0.719275 0.5378 0.228138 0.397744 0.000107072
AC 103 7.55307 7.55307 7.55239
OP 104 0.64734 0.741392 0.548099 0.22678 0.392342 0.000100853
AC 104 9.61123 9.61123 9.61033
OP 105 0.643855 0.72573 0.542278 0.223899 0.39605 0.000104302
AC 105 8.03373 8.03373 8.03302
OP 106 0.649541 0.722554 0.547454 0.222137 0.39235 0.000102088
AC 106 7.43522 7.43522 7.43448
OP 107 0.660116 0.71936 0.536949 0.222759 0.397572 0.00010695
AC 107 9.23276 9.23276 9.23206
OP 108 0.647217 0.720177 0.544515 0.218214 0.396323 0.000103683
AC 108 8.89857 8.89857 8.89783
OP 109 0.654351 0.707143 0.534139 0.222637 0.400433 0.000108943
AC 109 7.82833 7.82833 7.82771
OP 110 0.627446 0.720323 0.54512 0.210154 0.396381 0.000103724
AC 110 6.14517 6.14517 6.14443
OP 111 0.647865 0.7272 0.541688 0.224956 0.395532 0.000104655
AC 111 9.01937 9.01937 9.01865
OP 112 0.653857 0.716657 0.536826 0.227772 0.398356 0.00010729
AC 112 7.99243 7.99243 7.99174
OP 113 0.627015 0.724475 0.547044 0.211857 0.393543 0.000102429
AC 113 7.42785 7.42785 7.42707
OP 114 0.639226 0.721109 0.545621 0.217706 0.391915 0.000103059
AC 114 8.29028 8.29028 8.28956
OP 115 0.626449 0.710373 0.539388 0.211589 0.396762 0.000106709
AC 115 6.51193 6.51193 6.51126
OP 116 0.62198 0.719848 0.552323 0.209299 0.39465 9.99506E-05
AC 116 5.58073 5.58073 5.57995
OP 117 0.655216 0.733389 0.542206 0.2317 0.391062 0.000103948
AC 117 9.78243 9.78243 9.78161
OP 118 0.63719 0.723047 0.542396 0.22217 0.395516 0.000104306
AC 118 7.74872 7.74872 7.74797
OP 119 0.651456 0.719715 0.538258 0.229398 0.397977 0.00010699
AC 119 8.24721 8.24721 8.24653
OP 120 0.619634 0.722948 0.536647 0.204138 0.397602 0.000107188
AC 120 7.77958 7.77958 7.77883
OP 121 0.632652 0.716796 0.526983 0.216875 0.404758 0.000112197
AC 121 8.35808 8.35808 8.35744
OP 122 0.641235 0.738807 0.557457 0.226173 0.387163 9.6627E-05
AC 122 8.3578 8.3578 8.35691
OP 123 0.647002 0.720642 0.540369 0.228468 0.396413 0.000105798
AC 123 7.49578 7.49578 7.49513
OP 124 0.654813 0.718307 0.536978 0.221078 0.399452 0.000107257
AC 124 7.95804 7.95804 7.95738
OP 125 0.652272 0.741765 0.554921 0.235362 0.386314 9.73562E-05
AC 125 9.38589 9.38589 9.38498
OP 126 0.656752 0.716912 0.545822 0.229029 0.393279 0.000102849
AC 126 8.87137 8.87137 8.87065
OP 127 0.638012 0.719644 0.537207 0.213046 0.395875 0.000106984
AC 127 7.31882 7.31882 7.31813
OP 128 0.638296 0.737475 0.546488 0.216026 0.392491 0.000101994
AC 128 7.56864 7.56864 7.56775
OP 129 0.639182 0.716793 0.533006 0.217423 0.400514 0.000109277
AC 129 8.32226 8.32226 8.3216
OP 130 0.651737 0.710029 0.538816 0.224 0.396923 0.000106687
AC 130 7.56468 7.56468 7.56405
OP 131 0.64184 0.714006 0.538075 0.209413 0.398897 0.000107228
AC 131 6.64289 6.64289 6.6422
OP 132 0.651083 0.729238 0.540745 0.225046 0.393536 0.000104722
AC 132 9.54777 9.54777 9.54699
OP 133 0.632461 0.726934 0.542994 0.217232 0.393758 0.000103718
AC 133 8.03114 8.03114 8.03041
OP 134 0.632763 0.716462 0.548241 0.2179 0.393484 0.000101938
AC 134 7.07458 7.07458 7.07389
OP 135 0.653078 0.71395 0.537299 0.219721 0.396184 0.00010727
AC 135 8.34469 8.34469 8.34404
OP 136 0.649798 0.725543 0.540729 0.224298 0.395467 0.000105344
AC 136 7.91567 7.91567 7.91496
OP 137 0.643457 0.715444 0.541544 0.22136 0.395424 0.000105453
AC 137 7.51438 7.51438 7.51369
OP 138 0.633847 0.712195 0.544273 0.210873 0.395864 0.000104669
AC 138 6.70688 6.70688 6.70623
OP 139 0.639949 0.724906 0.544376 0.216491 0.393531 0.000102871
AC 139 6.96445 6.96445 6.96369
OP 140 0.642513 0.725665 0.553305 0.215389 0.387908 9.89449E-05
AC 140 7.92135 7.92135 7.92052
OP 141 0.647097 0.718154 0.548983 0.21832 0.392991 0.000101381
AC 141 8.34128 8.34128 8.34052
OP 142 0.646392 0.725569 0.542682 0.215152 0.395176 0.000104638
AC 142 7.44362 7.44362 7.44286
OP 143 0.657447 0.709905 0.536375 0.229082 0.398009 0.000107549
AC 143 7.85425 7.85425 7.8536
OP 144 0.639983 0.712923 0.542236 0.213769 0.391949 0.000105252
AC 144 7.37458 7.37458 7.37393
OP 145 0.643365 0.719519 0.541877 0.22608 0.394888 0.000104587
AC 145 8.45384 8.45384 8.45314
OP 146 0.627769 0.735753 0.549476 0.220574 0.391611 0.000100882
AC 146 8.35499 8.35499 8.35417
OP 147 0.646785 0.72241 0.536506 0.223421 0.397188 0.000107401
AC 147 8.55698 8.55698 8.55629
OP 148 0.642077 0.724885 0.542244 0.221672 0.393897 0.000104016
AC 148 8.24997 8.24997 8.24925
OP 149 0.660289 0.713713 0.54508 0.229122 0.396854 0.000103528
AC 149 7.47974 7.47974 7.47907
OP 150 0.641929 0.736996 0.547321 0.221229 0.39104 0.000101239
AC 150 7.9718 7.9718 7.97095
OP 151 0.651233 0.71178 0.525715 0.212811 0.406562 0.000112998
AC 151 8.70996 8.70996 8.70934
OP 152 0.653692 0.722606 0.537832 0.219384 0.398711 0.000106848
AC 152 9.12179 9.12179 9.12104
OP 153 0.659445 0.718063 0.548748 0.222828 0.392677 0.000101981
AC 153 6.60034 6.60034 6.59962
OP 154 0.633184 0.727573 0.545987 0.219367 0.391545 0.000102897
AC 154 6.43284 6.43284 6.43205
OP 155 0.648057 0.711673 0.540538 0.217268 0.394496 0.000105639
AC 155 6.87311 6.87311 6.8724
OP 156 0.650274 0.741409 0.548213 0.232212 0.390955 0.000100517
AC 156 9.84997 9.84997 9.84907
OP 157 0.636651 0.722376 0.542559 0.212525 0.39662 0.000104582
AC 157 7.59608 7.59608 7.59536
OP 158 0.648563 0.733071 0.539644 0.226433 0.395991 0.000104763
AC 158 10.1781 10.1781 10.1772
OP 159 0.643782 0.707275 0.528114 0.208653 0.403051 0.000112608
AC 159 8.15844 8.15844 8.15786
OP 160 0.624449 0.727203 0.541722 0.221868 0.394272 0.000104542
AC 160 8.92639 8.92639 8.92567
OP 161 0.666028 0.719679 0.535369 0.225376 0.398191 0.000107773
AC 161 8.81773 8.81773 8.81704
OP 162 0.645397 0.711307 0.530193 0.212856 0.40176 0.000111013
AC 162 9.11436 9.11436 9.11369
OP 163 0.655718 0.717055 0.539661 0.224143 0.39469 0.000105495
AC 163 7.74453 7.74453 7.74384
OP 164 0.644894 0.720303 0.531529 0.226082 0.40018 0.000109792
AC 164 6.74574 6.74574 6.74507
OP 165 0.638341 0.727198 0.548876 0.221529 0.393753 0.000101275
AC 165 7.32016 7.32016 7.31935
OP 166 0.646239 0.718541 0.540167 0.219306 0.396636 0.000105714
AC 166 8.79314 8.79314 8.79247
OP 167 0.641273 0.725074 0.542936 0.215543 0.394411 0.000104032
AC 167 8.73437 8.73437 8.73361
OP 168 0.651511 0.729545 0.542234 0.218878 0.395079 0.000103978
AC 168 9.0583 9.0583 9.05748
OP 169 0.641419 0.72141 0.537259 0.229518 0.398204 0.00010716
AC 169 8.54755 8.54755 8.54688
OP 170 0.643622 0.721785 0.545314 0.216445 0.392282 0.000102618
AC 170 8.37542 8.37542 8.37467
OP 171 0.656185 0.714696 0.545901 0.221377 0.39415 0.000103089
AC 171 7.75943 7.75943 7.75873
OP 172 0.641789 0.727386 0.539685 0.222918 0.393769 0.00010547
AC 172 8.81398 8.81398 8.8132
OP 173 0.627863 0.72002 0.539799 0.212213 0.397199 0.000105888
AC 173 7.49892 7.49892 7.49822
OP 174 0.652466 0.722172 0.537382 0.220814 0.39621 0.000106442
AC 174 8.8299 8.8299 8.8292
OP 175 0.648212 0.719214 0.540783 0.227236 0.395112 0.000105208
AC 175 7.25829 7.25829 7.25761
OP 176 0.64168 0.721861 0.543515 0.221092 0.394448 0.000104305
AC 176 8.08589 8.08589 8.08519
OP 177 0.647644 0.727272 0.544329 0.223999 0.39316 0.000102983
AC 177 9.0524 9.0524 9.05161
OP 178 0.649247 0.728051 0.541128 0.223755 0.395002 0.000104667
AC 178 8.54757 8.54757 8.54679
OP 179 0.637281 0.717017 0.548555 0.212495 0.392001 0.000101331
AC 179 6.50852 6.50852 6.50779
OP 180 0.637388 0.719494 0.538158 0.213129 0.399395 0.000106622
AC 180 7.71204 7.71204 7.71136
OP 181 0.639065 0.724719 0.540844 0.220385 0.396458 0.00010523
AC 181 7.90427 7.90427 7.90357
OP 182 0.646641 0.7102 0.532363 0.21412 0.399074 0.000110331
AC 182 8.57351 8.57351 8.5729
OP 183 0.653217 0.731824 0.544753 0.225543 0.392701 0.000102976
AC 183 8.46904 8.46904 8.46827
OP 184 0.630916 0.734613 0.547887 0.221365 0.391781 0.00010163
AC 184 8.44225 8.44225 8.44141
OP 185 0.640587 0.732369 0.537787 0.219578 0.396559 0.000106136
AC 185 9.81905 9.81905 9.81828
OP 186 0.631449 0.722988 0.55427 0.205252 0.391876 9.89487E-05
AC 186 6.03762 6.03762 6.03681
OP 187 0.643222 0.720337 0.533037 0.221831 0.399455 0.0001091
AC 187 8.14476 8.14476 8.14409
OP 188 0.649121 0.708598 0.530672 0.214 0.402289 0.000110511
AC 188 8.27038 8.27038 8.26975
OP 189 0.642963 0.731866 0.549103 0.218106 0.3904 0.000100978
AC 189 9.23079 9.23079 9.22995
OP 190 0.631939 0.731536 0.551879 0.215932 0.389978 9.93666E-05
AC 190 8.02486 8.02486 8.02402
OP 191 0.639926 0.723917 0.54321 0.22218 0.398119 0.000104543
AC 191 8.14485 8.14485 8.14411
OP 192 0.630554 0.71246 0.53772 0.218684 0.397291 0.000106987
AC 192 7.4522 7.4522 7.45156
OP 193 0.663283 0.717834 0.535594 0.22881 0.398806 0.000108092
AC 193 9.43971 9.43971 9.43903
OP 194 0.643745 0.725309 0.537832 0.219443 0.39779 0.000106653
AC 194 9.33034 9.33034 9.32959
OP 195 0.648893 0.726314 0.55022 0.21988 0.39131 0.000100624
AC 195 6.98189 6.98189 6.98109
OP 196 0.632579 0.719171 0.544795 0.212656 0.396644 0.000103864
AC 196 6.88653 6.88653 6.88583
OP 197 0.636699 0.723194 0.546075 0.219164 0.391517 0.000102508
AC 197 8.03993 8.03993 8.03918
OP 198 0.639945 0.732054 0.548353 0.219149 0.390516 0.000100521
AC 198 8.52261 8.52261 8.52174
OP 199 0.641018 0.708278 0.543079 0.220509 0.396843 0.00010472
AC 199 7.49451 7.49451 7.49384
OP 200 0.63262 0.725022 0.537724 0.216644 0.397258 0.000106471
AC 200 8.1289 8.1289 8.12813
OP 201 0.632215 0.715888 0.536238 0.217062 0.398471 0.000107709
AC 201 7.37053 7.37053 7.36986
OP 202 0.6467 0.723792 0.544515 0.221284 0.392481 0.00010367
AC 202 8.96443 8.96443 8.96371
OP 203 0.629812 0.730806 0.55573 0.220731 0.39093 9.78329E-05
AC 203 8.07653 8.07653 8.07569
OP 204 0.647867 0.715187 0.538698 0.216164 0.39455 0.000106895
AC 204 7.43639 7.43639 7.43571
OP 205 0.6256 0.723674 0.548763 0.214218 0.393131 0.000101776
AC 205 7.11981 7.11981 7.11907
OP 206 0.639821 0.711322 0.536884 0.2148 0.397887 0.000107629
AC 206 8.45226 8.45226 8.45159
OP 207 0.621461 0.7228 0.534972 0.202539 0.399984 0.0001084
AC 207 7.52289 7.52289 7.52218
OP 208 0.641587 0.728422 0.544974 0.220955 0.39389 0.000102393
AC 208 7.97083 7.97083 7.97006
OP 209 0.64726 0.713293 0.543237 0.217264 0.394558 0.000104687
AC 209 6.88963 6.88963 6.88893
OP 210 0.642673 0.723125 0.547361 0.217807 0.393347 0.000102214
AC 210 8.28917 8.28917 8.28844
OP 211 0.642864 0.733793 0.550761 0.227528 0.388427 9.94355E-05
AC 211 8.58998 8.58998 8.58915
OP 212 0.641117 0.709763 0.525631 0.217889 0.401865 0.000113457
AC 212 7.71596 7.71596 7.71535
OP 213 0.636732 0.726553 0.546958 0.220739 0.390922 0.000102176
AC 213 8.586 8.586 8.58524
OP 214 0.641644 0.712828 0.535313 0.211651 0.398669 0.000107855
AC 214 7.9119 7.9119 7.91121
OP 215 0.651174 0.729948 0.548169 0.2211 0.387989 0.000101269
AC 215 8.0448 8.0448 8.04402
OP 216 0.644646 0.722658 0.547258 0.224261 0.393534 0.000102002
AC 216 7.95175 7.95175 7.95101
OP 217 0.646341 0.719864 0.535227 0.222862 0.398233 0.000107536
AC 217 8.18543 8.18543 8.18476
OP 218 0.652567 0.721185 0.548443 0.222996 0.392483 0.000101695
AC 218 7.90614 7.90614 7.90536
OP 219 0.644546 0.710694 0.535128 0.216492 0.400531 0.000108512
AC 219 7.45066 7.45066 7.45004
OP 220 0.629668 0.712887 0.535929 0.211535 0.398634 0.000107677
AC 220 5.99704 5.99704 5.99638
OP 221 0.642804 0.726629 0.535511 0.218747 0.396882 0.000107394
AC 221 8.78425 8.78425 8.78353
OP 222 0.646723 0.720697 0.533202 0.219475 0.396425 0.000108786
AC 222 7.7664 7.7664 7.76571
OP 223 0.642811 0.734077 0.544918 0.218021 0.392491 0.000102448
AC 223 8.96311 8.96311 8.96232
OP 224 0.645929 0.727988 0.535748 0.222894 0.394993 0.000107408
AC 224 9.29588 9.29588 9.29513
OP 225 0.638392 0.727836 0.550208 0.220204 0.388602 0.000100297
AC 225 9.07948 9.07948 9.07868
OP 226 0.64122 0.721571 0.542064 0.2262 0.393244 0.000104709
AC 226 8.35636 8.35636 8.35566
OP 227 0.637456 0.711079 0.535588 0.213425 0.399565 0.000108728
AC 227 6.4287 6.4287 6.42807
OP 228 0.645533 0.73654 0.540458 0.22022 0.396385 0.000104512
AC 228 8.72315 8.72315 8.72234
OP 229 0.627184 0.731405 0.549027 0.21904 0.391768 0.000101233
AC 229 8.40529 8.40529 8.40449
OP 230 0.639159 0.716503 0.540141 0.216606 0.394393 0.0001062
AC 230 7.88763 7.88763 7.88695
OP 231 0.646519 0.727287 0.543906 0.229616 0.392527 0.000103273
AC 231 8.9023 8.9023 8.9015
OP 232 0.638183 0.726715 0.544932 0.218029 0.394066 0.000102766
AC 232 7.32051 7.32051 7.31971
OP 233 0.666298 0.725137 0.543575 0.222175 0.392172 0.000103468
AC 233 9.36652 9.36652 9.36575
OP 234 0.650649 0.722118 0.53644 0.224729 0.396909 0.00010726
AC 234 8.42516 8.42516 8.42444
OP 235 0.650841 0.721635 0.544016 0.22764 0.393728 0.000103304
AC 235 8.75791 8.75791 8.75717
OP 236 0.642224 0.710789 0.538597 0.215044 0.399473 0.00010677
AC 236 7.71511 7.71511 7.71445
OP 237 0.637331 0.72368 0.549377 0.216544 0.392425 0.000101126
AC 237 7.7508 7.7508 7.75004
OP 238 0.674 0.725899 0.542055 0.234667 0.390891 0.000104119
AC 238 9.72409 9.72409 9.72335
OP 239 0.654522 0.712214 0.537205 0.220962 0.396654 0.000106858
AC 239 7.81017 7.81017 7.80949
OP 240 0.641995 0.722609 0.546823 0.216348 0.393408 0.000102723
AC 240 7.63273 7.63273 7.632
OP 241 0.641328 0.729493 0.548237 0.215696 0.393269 0.000101361
AC 241 8.30548 8.30548 8.30466
OP 242 0.651106 0.714893 0.54238 0.225731 0.396154 0.000105264
AC 242 9.04112 9.04112 9.04047
OP 243 0.639271 0.732569 0.546841 0.226907 0.39168 0.000101703
AC 243 7.96556 7.96556 7.96479
OP 244 0.644819 0.720009 0.547156 0.219898 0.393538 0.00010218
AC 244 8.63158 8.63158 8.63084
OP 245 0.641707 0.718861 0.546129 0.222068 0.395311 0.000102688
AC 245 7.24222 7.24222 7.2415
OP 246 0.643905 0.72619 0.535915 0.213286 0.396181 0.000107294
AC 246 7.8861 7.8861 7.88534
OP 247 0.637206 0.720861 0.547712 0.208006 0.393084 0.000102075
AC 247 6.5027 6.5027 6.50194
OP 248 0.64662 0.730609 0.542996 0.226582 0.394958 0.000103444
AC 248 10.3146 10.3146 10.3138
OP 249 0.636239 0.719327 0.539723 0.214568 0.396187 0.000106003
AC 249 7.695 7.695 7.69432
OP 250 0.640808 0.722638 0.546386 0.221099 0.393011 0.0001024
AC 250 7.40963 7.40963 7.40889
OP 251 0.636929 0.710362 0.532431 0.210839 0.397981 0.000110079
AC 251 5.4872 5.4872 5.48656
OP 252 0.647603 0.721645 0.54322 0.217912 0.395381 0.000104073
AC 252 7.52282 7.52282 7.52208
OP 253 0.648541 0.718656 0.533044 0.218464 0.399993 0.000108867
AC 253 6.42798 6.42798 6.4273
OP 254 0.655627 0.699487 0.535515 0.213324 0.398851 0.00010901
AC 254 5.99425 5.99425 5.99365
OP 255 0.634839 0.718601 0.547934 0.219666 0.392706 0.000102077
AC 255 7.15323 7.15323 7.15249
OP 256 0.625914 0.729265 0.540902 0.213915 0.394201 0.000104753
AC 256 8.11977 8.11977 8.11897
OP 257 0.64717 0.729176 0.538421 0.223176 0.397326 0.000105523
AC 257 9.63387 9.63387 9.63312
OP 258 0.639119 0.724129 0.535951 0.219482 0.397531 0.000107264
AC 258 8.88456 8.88456 8.88383
OP 259 0.642281 0.716193 0.539633 0.221332 0.396637 0.000105894
AC 259 7.89028 7.89028 7.8896
OP 260 0.625279 0.722059 0.538215 0.210071 0.399196 0.000106723
AC 260 5.85875 5.85875 5.85804
OP 261 0.643571 0.721234 0.539913 0.218824 0.397633 0.000105786
AC 261 8.68257 8.68257 8.68184
OP 262 0.644713 0.723364 0.535823 0.222348 0.400352 0.000107293
AC 262 8.27762 8.27762 8.27691
OP 263 0.637662 0.717872 0.526804 0.214981 0.404156 0.000112759
AC 263 8.44999 8.44999 8.44938
OP 264 0.636701 0.731253 0.551702 0.215513 0.389622 9.98409E-05
AC 264 6.71412 6.71412 6.71327
OP 265 0.637917 0.726265 0.544052 0.219041 0.393699 0.000103481
AC 265 8.17092 8.17092 8.17014
OP 266 0.640751 0.733751 0.537627 0.216767 0.397282 0.000105898
AC 266 8.41328 8.41328 8.41247
OP 267 0.636119 0.729368 0.548501 0.219914 0.389416 0.000101101
AC 267 8.11119 8.11119 8.11042
OP 268 0.655141 0.721219 0.53823 0.219645 0.39449 0.000106755
AC 268 8.85588 8.85588 8.85519
OP 269 0.625737 0.725166 0.536779 0.216796 0.398557 0.000106664
AC 269 8.23037 8.23037 8.22965
OP 270 0.639806 0.719906 0.549333 0.221382 0.393021 0.000101308
AC 270 7.50243 7.50243 7.50168
OP 271 0.646671 0.725549 0.547562 0.222115 0.391435 0.000102235
AC 271 8.45806 8.45806 8.45733
OP 272 0.634291 0.705612 0.525055 0.213188 0.401168 0.000113959
AC 272 7.64941 7.64941 7.64882
OP 273 0.6378 0.734064 0.54554 0.214127 0.393505 0.000102046
AC 273 8.17857 8.17857 8.17772
OP 274 0.63946 0.727018 0.545721 0.223142 0.39239 0.000102794
AC 274 7.28882 7.28882 7.28807
OP 275 0.637398 0.718252 0.544246 0.212593 0.393883 0.000104009
AC 275 7.34635 7.34635 7.34565
OP 276 0.640713 0.71874 0.535622 0.220484 0.398795 0.000107726
AC 276 8.06764 8.06764 8.06699
OP 277 0.65489 0.725001 0.534182 0.223604 0.396734 0.000108255
AC 277 8.65158 8.65158 8.65086
OP 278 0.640851 0.724526 0.535312 0.216083 0.399758 0.000107667
AC 278 9.5019 9.5019 9.50119
OP 279 0.652038 0.725406 0.54922 0.219431 0.390918 0.000100998
AC 279 8.23648 8.23648 8.23567
OP 280 0.641942 0.723316 0.545595 0.228321 0.393524 0.00010243
AC 280 8.07539 8.07539 8.07466
OP 281 0.656082 0.710606 0.534148 0.21475 0.398149 0.000109214
AC 281 8.09783 8.09783 8.09719
OP 282 0.642148 0.713733 0.53598 0.218624 0.401124 0.000107629
AC 282 8.34672 8.34672 8.34604
OP 283 0.645188 0.725734 0.543228 0.221688 0.393746 0.0001039
AC 283 8.26818 8.26818 8.26743
OP 284 0.642427 0.710664 0.524106 0.215616 0.40473 0.000114131
AC 284 8.4999 8.4999 8.49932
OP 285 0.646816 0.713969 0.536569 0.220893 0.398627 0.000107759
AC 285 8.36961 8.36961 8.36898
OP 286 0.645971 0.715103 0.538675 0.219701 0.39772 0.000106562
AC 286 7.78698 7.78698 7.7863
OP 287 0.63919 0.725206 0.54935 0.225614 0.389682 0.000101192
AC 287 7.69356 7.69356 7.6928
OP 288 0.634979 0.720508 0.53266 0.2154 0.400246 0.000108998
AC 288 8.23058 8.23058 8.22989
OP 289 0.647746 0.719935 0.544675 0.21859 0.394986 0.000103563
AC 289 7.4373 7.4373 7.43657
OP 290 0.646025 0.718969 0.541963 0.213516 0.396865 0.000105003
AC 290 6.97491 6.97491 6.97421
OP 291 0.651914 0.728092 0.544978 0.218721 0.39229 0.000102898
AC 291 8.12018 8.12018 8.1194
OP 292 0.658011 0.724573 0.536292 0.225988 0.397206 0.000107035
AC 292 8.39036 8.39036 8.38964
OP 293 0.639518 0.722894 0.545953 0.219872 0.393199 0.000102745
AC 293 7.86021 7.86021 7.85946
OP 294 0.617998 0.720395 0.535942 0.199134 0.399456 0.000108102
AC 294 6.14318 6.14318 6.14248
OP 295 0.64376 0.728906 0.547023 0.221228 0.391901 0.000101863
AC 295 8.86398 8.86398 8.86319
OP 296 0.660733 0.722425 0.533843 0.222906 0.398177 0.00010863
AC 296 8.53754 8.53754 8.53687
OP 297 0.64968 0.698241 0.536289 0.212378 0.396336 0.000108426
AC 297 5.8976 5.8976 5.89701
OP 298 0.645902 0.709588 0.532355 0.22036 0.403881 0.000110065
AC 298 7.90433 7.90433 7.90373
OP 299 0.63735 0.728056 0.538315 0.223102 0.397402 0.000106208
AC 299 8.15625 8.15625 8.15545
