OP 0 0.510187 0.505345 0.300739 0.107839 0.400324 0.000103522
AC 0 -17.7049 -17.7049 -17.7054
OP 1 0.533442 0.506944 0.30351 0.108478 0.396967 0.000101424
AC 1 -9.7264 -9.7264 -9.72698
OP 2 0.511787 0.517897 0.309438 0.109079 0.394319 9.87958E-05
AC 2 -16.2804 -16.2804 -16.281
OP 3 0.515533 0.508671 0.308841 0.114356 0.395486 9.9476E-05
AC 3 -9.4085 -9.4085 -9.40909
OP 4 0.511403 0.509894 0.301399 0.0992092 0.397664 0.000102601
AC 4 -5.31861 -5.31861 -5.31921
OP 5 0.537359 0.504808 0.308637 0.114341 0.394583 9.95461E-05
AC 5 -10.4079 -10.4079 -10.4084
OP 6 0.522845 0.50842 0.308292 0.109049 0.395966 9.97367E-05
AC 6 -16.7481 -16.7481 -16.7487
OP 7 0.5057 0.509557 0.317099 0.109306 0.390209 9.54246E-05
AC 7 -1.88994 -1.88994 -1.89054
OP 8 0.522148 0.49748 0.303874 0.106241 0.400629 0.000102432
AC 8 -2.35437 -2.35437 -2.35488
OP 9 0.52131 0.509763 0.304558 0.115032 0.396662 0.000101089
AC 9 -11.0717 -11.0717 -11.0722
OP 10 0.512282 0.511402 0.306931 0.101444 0.395106 0.000100011
AC 10 -8.79034 -8.79034 -8.79092
OP 11 0.511075 0.505254 0.302657 0.106479 0.399138 0.000102258
AC 11 -18.6996 -18.6996 -18.7001
OP 12 0.518101 0.505357 0.306458 0.105513 0.397279 0.000100474
AC 12 -17.5476 -17.5476 -17.5482
OP 13 0.524287 0.500295 0.301777 0.107856 0.398014 0.000102805
AC 13 -5.29285 -5.29285 -5.29335
OP 14 0.511108 0.513588 0.305389 0.104972 0.395846 0.000100424
AC 14 -13.5676 -13.5676 -13.5682
OP 15 0.521443 0.511707 0.302201 0.108614 0.400433 0.000102601
AC 15 -18.0813 -18.0813 -18.0819
OP 16 0.522017 0.507242 0.302925 0.105708 0.399046 0.000101736
AC 16 -7.26201 -7.26201 -7.26256
OP 17 0.514966 0.509677 0.306577 0.107095 0.395425 0.000100574
AC 17 -1.49416 -1.49416 -1.4947
OP 18 0.513976 0.509701 0.314091 0.112143 0.391434 9.65336E-05
AC 18 -29.4777 -29.4777 -29.4784
OP 19 0.507291 0.509364 0.307714 0.102048 0.396344 9.98593E-05
AC 19 -2.05743 -2.05743 -2.05803
OP 20 0.523733 0.504665 0.307043 0.114863 0.39538 0.000100154
AC 20 -19.1412 -19.1412 -19.1417
OP 21 0.539162 0.50552 0.303272 0.111754 0.397342 0.000102199
AC 21 -7.54282 -7.54282 -7.54336
OP 22 0.524786 0.506946 0.30599 0.113856 0.395268 0.000100916
AC 22 -11.1787 -11.1787 -11.1792
OP 23 0.513588 0.513358 0.314589 0.108209 0.393321 9.59772E-05
AC 23 -15.7123 -15.7123 -15.713
OP 24 0.527795 0.513146 0.305256 0.113524 0.395658 0.000100554
AC 24 -4.77115 -4.77115 -4.77171
OP 25 0.530714 0.500735 0.303079 0.116204 0.400185 0.000102244
AC 25 -23.9273 -23.9273 -23.9278
OP 26 0.525116 0.507885 0.308638 0.116241 0.395344 9.90809E-05
AC 26 -10.7709 -10.7709 -10.7715
OP 27 0.5143 0.510602 0.304812 0.109341 0.398175 0.00010109
AC 27 -40.873 -40.873 -40.8735
OP 28 0.516579 0.51204 0.307011 0.110158 0.397066 9.99896E-05
AC 28 -16.1904 -16.1904 -16.191
OP 29 0.523428 0.51608 0.308732 0.107774 0.394491 9.8585E-05
AC 29 -27.3248 -27.3248 -27.3254
OP 30 0.512166 0.504659 0.302316 0.107696 0.399485 0.000102634
AC 30 -8.09275 -8.09275 -8.09328
OP 31 0.523828 0.517316 0.302284 0.106484 0.396597 0.000101904
AC 31 -28.8658 -28.8658 -28.8664
OP 32 0.520348 0.508307 0.295788 0.111725 0.400487 0.00010572
AC 32 -6.97793 -6.97793 -6.97843
OP 33 0.535647 0.51175 0.312356 0.117281 0.391627 9.76938E-05
AC 33 -3.58375 -3.58375 -3.58433
OP 34 0.514546 0.503546 0.304095 0.107378 0.396855 0.000101444
AC 34 -6.18529 -6.18529 -6.18585
OP 35 0.534286 0.499744 0.301947 0.115597 0.395429 0.000102831
AC 35 -19.7749 -19.7749 -19.7754
OP 36 0.522491 0.500188 0.299147 0.109524 0.400679 0.000103485
AC 36 -9.25635 -9.25635 -9.25685
OP 37 0.513186 0.512059 0.30965 0.110898 0.394114 9.88276E-05
AC 37 -26.6139 -26.6139 -26.6145
OP 38 0.51267 0.517614 0.3124 0.105974 0.392114 9.70555E-05
AC 38 -8.71887 -8.71887 -8.7195
OP 39 0.503782 0.518131 0.309497 0.104614 0.396411 9.85697E-05
AC 39 -14.8975 -14.8975 -14.8981
OP 40 0.541317 0.505294 0.313219 0.119433 0.392338 9.75363E-05
AC 40 -4.61487 -4.61487 -4.61541
OP 41 0.515822 0.499379 0.292775 0.107999 0.404048 0.000107292
AC 41 -8.48801 -8.48801 -8.48845
OP 42 0.523993 0.503127 0.314752 0.111554 0.3922 9.70617E-05
AC 42 -7.64673 -7.64673 -7.6473
OP 43 0.492476 0.51611 0.311066 0.101008 0.392706 9.76505E-05
AC 43 -2.51041 -2.51041 -2.51104
OP 44 0.510921 0.519504 0.311263 0.103537 0.393437 9.783E-05
AC 44 -20.8981 -20.8981 -20.8988
OP 45 0.513795 0.51613 0.306144 0.105045 0.397467 0.000100346
AC 45 -14.41 -14.41 -14.4106
OP 46 0.515855 0.501744 0.295881 0.108769 0.403944 0.000105615
AC 46 -10.5787 -10.5787 -10.5791
OP 47 0.509556 0.509147 0.303273 0.111847 0.398452 0.00010207
AC 47 -21.1356 -21.1356 -21.1361
OP 48 0.510506 0.518127 0.321348 0.110477 0.388821 9.31676E-05
AC 48 -16.7511 -16.7511 -16.7518
OP 49 0.521024 0.504517 0.307111 0.109353 0.398059 0.000100476
AC 49 -9.09742 -9.09742 -9.09796
OP 50 0.517225 0.513928 0.316472 0.109759 0.39081 9.57156E-05
AC 50 -9.81722 -9.81722 -9.81788
OP 51 0.525092 0.502118 0.301473 0.11234 0.398899 0.000103519
AC 51 -14.5575 -14.5575 -14.558
OP 52 0.508964 0.507143 0.307855 0.106803 0.393654 9.97652E-05
AC 52 -3.6772 -3.6772 -3.67774
OP 53 0.510014 0.507273 0.313864 0.11277 0.393382 9.74639E-05
AC 53 -45.7214 -45.7214 -45.7217
OP 54 0.516968 0.512124 0.306439 0.108794 0.394158 0.000100178
AC 54 -9.9534 -9.9534 -9.95397
OP 55 0.518277 0.507944 0.309614 0.106845 0.393198 9.88201E-05
AC 55 -27.9041 -27.9041 -27.9047
OP 56 0.530795 0.504408 0.302592 0.110775 0.398728 0.000102325
AC 56 -37.7616 -37.7616 -37.762
OP 57 0.534694 0.501419 0.306853 0.116597 0.394179 0.00010041
AC 57 -39.2807 -39.2807 -39.2812
OP 58 0.517478 0.502311 0.301801 0.109684 0.400725 0.000102822
AC 58 -15.4021 -15.4021 -15.4026
OP 59 0.524219 0.514515 0.314499 0.113038 0.390831 9.6365E-05
AC 59 -11.1518 -11.1518 -11.1524
OP 60 0.505237 0.513322 0.306622 0.100629 0.395197 9.99741E-05
AC 60 -9.85232 -9.85232 -9.85295
OP 61 0.521734 0.507481 0.307743 0.111846 0.397583 9.99585E-05
AC 61 -13.8586 -13.8586 -13.8591
OP 62 0.544259 0.508263 0.308438 0.124522 0.39202 9.94426E-05
AC 62 -3.98485 -3.98485 -3.98536
OP 63 0.525508 0.506102 0.309935 0.106112 0.395155 9.9053E-05
AC 63 -9.31289 -9.31289 -9.31346
OP 64 0.525042 0.506992 0.298261 0.105192 0.400015 0.000103896
AC 64 -10.5806 -10.5806 -10.5812
OP 65 0.520958 0.507026 0.310644 0.103364 0.396602 9.80268E-05
AC 65 -5.62095 -5.62095 -5.62155
OP 66 0.533711 0.50184 0.303437 0.114306 0.397225 0.000101975
AC 66 -15.7608 -15.7608 -15.7613
OP 67 0.507996 0.509891 0.31016 0.0991751 0.397516 9.88438E-05
AC 67 1.2106 1.2106 1.21002
OP 68 0.536145 0.51276 0.315429 0.124318 0.390947 9.6305E-05
AC 68 -2.77519 -2.77519 -2.77577
OP 69 0.517789 0.503472 0.304906 0.109422 0.392014 0.000101396
AC 69 -11.2924 -11.2924 -11.2929
OP 70 0.534782 0.497226 0.300434 0.111348 0.397929 0.000104067
AC 70 -14.3928 -14.3928 -14.3933
OP 71 0.508326 0.514711 0.307697 0.113812 0.3945 9.96223E-05
AC 71 -26.265 -26.265 -26.2656
OP 72 0.515695 0.502856 0.302125 0.107388 0.396332 0.000102502
AC 72 -10.507 -10.507 -10.5075
OP 73 0.516872 0.511137 0.312446 0.113674 0.393626 9.78374E-05
AC 73 -9.9083 -9.9083 -9.90888
OP 74 0.5392 0.498886 0.298585 0.112705 0.399192 0.000104582
AC 74 -12.319 -12.319 -12.3195
OP 75 0.508613 0.497533 0.307639 0.1044 0.39771 0.000100601
AC 75 1.76625 1.76625 1.76573
OP 76 0.502032 0.507798 0.320325 0.109238 0.389685 9.41011E-05
AC 76 -1.97895 -1.97895 -1.97952
OP 77 0.526989 0.50819 0.310325 0.105433 0.394642 9.88146E-05
AC 77 -8.79029 -8.79029 -8.79089
OP 78 0.513166 0.507305 0.297531 0.105456 0.398929 0.000104385
AC 78 -2.03571 -2.03571 -2.0362
OP 79 0.516726 0.501732 0.308293 0.105201 0.395677 9.99705E-05
AC 79 -5.48725 -5.48725 -5.48779
OP 80 0.520415 0.498691 0.305968 0.108816 0.397002 0.000100839
AC 80 -3.31646 -3.31646 -3.31699
OP 81 0.495546 0.503062 0.308851 0.095875 0.397638 9.97343E-05
AC 81 6.27895 6.27895 6.27842
OP 82 0.5116 0.504027 0.306574 0.111802 0.39783 0.00010116
AC 82 -11.4821 -11.4821 -11.4826
OP 83 0.499601 0.522578 0.315391 0.106149 0.389829 9.54891E-05
AC 83 -26.1766 -26.1766 -26.1773
OP 84 0.509557 0.511966 0.300757 0.105269 0.399924 0.000103556
AC 84 -25.8907 -25.8907 -25.8913
OP 85 0.527572 0.512458 0.305259 0.112029 0.396512 0.000101014
AC 85 -11.9204 -11.9204 -11.921
OP 86 0.539879 0.504088 0.308716 0.115836 0.395905 9.94472E-05
AC 86 -10.3418 -10.3418 -10.3423
OP 87 0.505205 0.523229 0.306555 0.105492 0.393068 9.98964E-05
AC 87 -27.0594 -27.0594 -27.0601
OP 88 0.518605 0.509136 0.313505 0.109162 0.393112 9.72288E-05
AC 88 -22.9446 -22.9446 -22.9452
OP 89 0.527292 0.501972 0.290904 0.111488 0.406231 0.000108099
AC 89 -13.4468 -13.4468 -13.4473
OP 90 0.507863 0.501778 0.296367 0.105531 0.403208 0.000105902
AC 90 -12.7039 -12.7039 -12.7044
OP 91 0.526813 0.492841 0.299065 0.112797 0.401701 0.000104188
AC 91 -16.4608 -16.4608 -16.4613
OP 92 0.518634 0.499542 0.300979 0.108176 0.398144 0.000103603
AC 92 -7.90495 -7.90495 -7.90545
OP 93 0.513582 0.508001 0.316851 0.113223 0.391073 9.53944E-05
AC 93 -14.1334 -14.1334 -14.1339
OP 94 0.517705 0.514107 0.311062 0.110411 0.394766 9.78386E-05
AC 94 -43.0888 -43.0888 -43.0892
OP 95 0.507751 0.501289 0.305915 0.110568 0.397214 0.000100901
AC 95 -5.28722 -5.28722 -5.28772
OP 96 0.524968 0.505977 0.309751 0.107898 0.394914 9.90337E-05
AC 96 -15.3408 -15.3408 -15.3414
OP 97 0.527842 0.50437 0.304016 0.118526 0.397465 0.000101634
AC 97 -6.85731 -6.85731 -6.85783
OP 98 0.525913 0.503556 0.303516 0.111062 0.397218 0.000101879
AC 98 -24.6337 -24.6337 -24.6343
OP 99 0.521073 0.502372 0.306146 0.111847 0.39959 0.000100841
AC 99 -31.0092 -31.0092 -31.0097
OP 100 0.51368 0.508782 0.304432 0.10528 0.396022 0.000101245
AC 100 -0.908035 -0.908035 -0.908573
OP 101 0.510531 0.514774 0.300415 0.104809 0.400684 0.000103434
AC 101 -31.4465 -31.4465 -31.4471
OP 102 0.516931 0.508132 0.306399 0.105843 0.394846 0.000100353
AC 102 -4.6926 -4.6926 -4.69317
OP 103 0.524774 0.510512 0.313897 0.112418 0.392249 9.67721E-05
AC 103 -22.1658 -22.1658 -22.1663
OP 104 0.528481 0.515838 0.308448 0.108962 0.394986 9.87779E-05
AC 104 -13.2196 -13.2196 -13.2203
OP 105 0.519553 0.517187 0.316199 0.111307 0.392254 9.55515E-05
AC 105 -7.61727 -7.61727 -7.61794
OP 106 0.512844 0.505486 0.309227 0.105646 0.394001 9.94445E-05
AC 106 -2.11367 -2.11367 -2.11425
OP 107 0.511997 0.506572 0.307368 0.108146 0.395846 0.000100333
AC 107 -13.1932 -13.1932 -13.1937
OP 108 0.512958 0.513676 0.307808 0.110743 0.392465 9.9622E-05
AC 108 -9.26806 -9.26806 -9.26866
OP 109 0.516814 0.494546 0.306258 0.108 0.399906 0.000101244
AC 109 -2.15781 -2.15781 -2.15829
OP 110 0.525321 0.506048 0.3009 0.106319 0.399426 0.00010306
AC 110 -6.41953 -6.41953 -6.42009
OP 111 0.537659 0.509869 0.30555 0.115262 0.395168 0.000100478
AC 111 -10.3338 -10.3338 -10.3343
OP 112 0.517032 0.511675 0.311579 0.105116 0.393728 9.77618E-05
AC 112 -18.7529 -18.7529 -18.7535
OP 113 0.529115 0.514818 0.307621 0.114416 0.394259 9.951E-05
AC 113 -4.20613 -4.20613 -4.20672
OP 114 0.534377 0.502058 0.302712 0.115056 0.398338 0.00010268
AC 114 -14.833 -14.833 -14.8335
OP 115 0.513773 0.510799 0.311215 0.107921 0.393685 9.82329E-05
AC 115 -8.00069 -8.00069 -8.00124
OP 116 0.523576 0.515499 0.305455 0.111392 0.396506 0.000100562
AC 116 -19.1133 -19.1133 -19.1139
OP 117 0.531734 0.506802 0.303214 0.105935 0.396691 0.000101469
AC 117 -3.79017 -3.79017 -3.79075
OP 118 0.525772 0.501375 0.305462 0.109283 0.396319 0.00010137
AC 118 -18.9078 -18.9078 -18.9084
OP 119 0.515231 0.511414 0.306098 0.106586 0.39808 0.000100176
AC 119 -9.1944 -9.1944 -9.19499
OP 120 0.514454 0.505135 0.294475 0.104854 0.404818 0.000106456
AC 120 -5.70021 -5.70021 -5.70071
OP 121 0.509329 0.506429 0.309389 0.105084 0.395052 9.91444E-05
AC 121 -0.784845 -0.784845 -0.785404
OP 122 0.509081 0.512646 0.306495 0.104944 0.396518 0.000100344
AC 122 -4.03828 -4.03828 -4.03884
OP 123 0.529522 0.502967 0.301326 0.115367 0.39668 0.000102792
AC 123 -10.3054 -10.3054 -10.3059
OP 124 0.531016 0.508191 0.301353 0.113711 0.39723 0.000102786
AC 124 -10.0472 -10.0472 -10.0477
OP 125 0.510406 0.520439 0.3163 0.112556 0.391443 9.58168E-05
AC 125 -5.21707 -5.21707 -5.21775
OP 126 0.523594 0.504255 0.303864 0.108475 0.396925 0.000101978
AC 126 -19.2739 -19.2739 -19.2745
OP 127 0.490212 0.521717 0.311596 0.101584 0.392355 9.74029E-05
AC 127 -4.50727 -4.50727 -4.50796
OP 128 0.509857 0.505688 0.301884 0.102026 0.400675 0.000103211
AC 128 -1.87162 -1.87162 -1.87216
OP 129 0.531149 0.506756 0.303228 0.111322 0.398885 0.000102283
AC 129 -14.293 -14.293 -14.2935
OP 130 0.497329 0.498433 0.298885 0.0982938 0.401577 0.00010432
AC 130 3.62048 3.62048 3.61999
OP 131 0.520162 0.507842 0.301671 0.111501 0.399767 0.000102644
AC 131 -9.13787 -9.13787 -9.13841
OP 132 0.508495 0.512018 0.302215 0.103728 0.397895 0.000102876
AC 132 -4.30656 -4.30656 -4.3071
OP 133 0.509189 0.495654 0.303565 0.105327 0.39856 0.000102274
AC 133 -2.30713 -2.30713 -2.30762
OP 134 0.508234 0.509222 0.314355 0.108354 0.392131 9.67165E-05
AC 134 -10.7796 -10.7796 -10.7802
OP 135 0.513569 0.519045 0.314597 0.111267 0.387109 9.62204E-05
AC 135 -15.8589 -15.8589 -15.8595
OP 136 0.518918 0.522127 0.308002 0.110162 0.395538 9.8826E-05
AC 136 -6.37595 -6.37595 -6.37663
OP 137 0.512284 0.520625 0.315646 0.103581 0.390919 9.5662E-05
AC 137 -7.87805 -7.87805 -7.8787
OP 138 0.520993 0.501972 0.301474 0.107167 0.39934 0.000103237
AC 138 -11.6443 -11.6443 -11.6448
OP 139 0.509072 0.501484 0.30445 0.103538 0.398447 0.000101774
AC 139 -1.02712 -1.02712 -1.02765
OP 140 0.497669 0.517806 0.311755 0.107356 0.392897 9.72667E-05
AC 140 -23.1372 -23.1372 -23.1379
OP 141 0.54484 0.50824 0.308415 0.114435 0.394986 9.90418E-05
AC 141 -8.71594 -8.71594 -8.7165
OP 142 0.515546 0.511768 0.30382 0.105423 0.399409 0.00010181
AC 142 -7.26969 -7.26969 -7.27028
OP 143 0.518363 0.511769 0.301686 0.11021 0.399546 0.000102998
AC 143 -19.2182 -19.2182 -19.2187
OP 144 0.522836 0.506752 0.30659 0.109278 0.396283 0.000100048
AC 144 -8.50842 -8.50842 -8.50898
OP 145 0.509679 0.513689 0.310388 0.108796 0.394347 9.80022E-05
AC 145 -17.1543 -17.1543 -17.155
OP 146 0.534705 0.502062 0.304559 0.115569 0.395614 0.000101671
AC 146 -11.299 -11.299 -11.2995
OP 147 0.511843 0.511692 0.307563 0.107072 0.397964 0.000100051
AC 147 -38.4022 -38.4022 -38.4028
OP 148 0.521306 0.50459 0.311244 0.112733 0.391658 9.80132E-05
AC 148 -9.72303 -9.72303 -9.72358
OP 149 0.522623 0.502476 0.301964 0.111257 0.400005 0.00010304
AC 149 -32.3338 -32.3338 -32.3343
OP 150 0.522678 0.506578 0.302022 0.115708 0.397425 0.000102456
AC 150 -9.50122 -9.50122 -9.50173
OP 151 0.516398 0.508622 0.31436 0.107556 0.393074 9.62884E-05
AC 151 -11.092 -11.092 -11.0926
OP 152 0.515284 0.510349 0.308398 0.107926 0.394656 9.94412E-05
AC 152 -9.25566 -9.25566 -9.25627
OP 153 0.54422 0.506824 0.308477 0.118115 0.392127 9.92479E-05
AC 153 -4.97938 -4.97938 -4.97991
OP 154 0.522733 0.514875 0.316012 0.113042 0.391301 9.52769E-05
AC 154 -7.44576 -7.44576 -7.44642
OP 155 0.515003 0.507715 0.307554 0.110425 0.396513 0.00010008
AC 155 -23.0156 -23.0156 -23.0161
OP 156 0.512123 0.509528 0.310214 0.109763 0.395881 9.83801E-05
AC 156 -22.5969 -22.5969 -22.5974
OP 157 0.528475 0.50253 0.296752 0.108146 0.400108 0.00010532
AC 157 -11.8868 -11.8868 -11.8873
OP 158 0.506017 0.505962 0.306302 0.109537 0.396371 0.000100245
AC 158 -13.0636 -13.0636 -13.0641
OP 159 0.499537 0.521282 0.311782 0.106324 0.392324 9.69744E-05
AC 159 -12.5872 -12.5872 -12.5879
OP 160 0.533308 0.509459 0.307666 0.115127 0.395292 9.9644E-05
AC 160 -4.89047 -4.89047 -4.89107
OP 161 0.52373 0.510159 0.315634 0.109823 0.390715 9.67814E-05
AC 161 -18.9882 -18.9882 -18.9888
OP 162 0.512308 0.499782 0.300671 0.110071 0.401054 0.000103741
AC 162 -6.87499 -6.87499 -6.87546
OP 163 0.50834 0.527551 0.325011 0.109298 0.385796 9.07396E-05
AC 163 -19.5582 -19.5582 -19.559
OP 164 0.527345 0.501139 0.300439 0.119261 0.399862 0.00010336
AC 164 -0.742073 -0.742073 -0.742549
OP 165 0.519302 0.514391 0.310733 0.110894 0.393659 9.81913E-05
AC 165 -18.3774 -18.3774 -18.378
OP 166 0.513837 0.515894 0.316 0.113244 0.392855 9.52824E-05
AC 166 -20.8209 -20.8209 -20.8215
OP 167 0.504864 0.507496 0.304734 0.103834 0.397209 0.000101638
AC 167 -6.65339 -6.65339 -6.65394
OP 168 0.506173 0.510712 0.306636 0.10513 0.398138 0.000100362
AC 168 -4.90217 -4.90217 -4.90272
OP 169 0.541982 0.505485 0.303197 0.114021 0.397924 0.000102463
AC 169 -8.59789 -8.59789 -8.59844
OP 170 0.503976 0.50595 0.307722 0.105036 0.395988 9.97866E-05
AC 170 -4.75939 -4.75939 -4.75995
OP 171 0.521076 0.505442 0.31162 0.111206 0.39379 9.76959E-05
AC 171 -19.9755 -19.9755 -19.976
OP 172 0.526705 0.507596 0.301708 0.111279 0.398001 0.000102196
AC 172 -21.2697 -21.2697 -21.2702
OP 173 0.523278 0.501806 0.307017 0.110383 0.395797 0.000100408
AC 173 -8.87013 -8.87013 -8.87065
OP 174 0.505639 0.512436 0.306347 0.109676 0.396635 0.000100461
AC 174 -27.3939 -27.3939 -27.3945
OP 175 0.516029 0.52294 0.318959 0.108469 0.389126 9.41374E-05
AC 175 -17.7908 -17.7908 -17.7915
OP 176 0.522269 0.50621 0.307168 0.105413 0.396491 0.000100188
AC 176 -5.78617 -5.78617 -5.78674
OP 177 0.512258 0.516945 0.301387 0.10304 0.399132 0.000102261
AC 177 -12.925 -12.925 -12.9256
OP 178 0.528365 0.50425 0.318517 0.119191 0.389453 9.46272E-05
AC 178 -25.8117 -25.8117 -25.8123
OP 179 0.504965 0.515287 0.306868 0.10788 0.394864 9.9369E-05
AC 179 -18.3829 -18.3829 -18.3835
OP 180 0.498738 0.509165 0.314052 0.100527 0.393824 9.68E-05
AC 180 -0.0740545 -0.0740545 -0.0746611
OP 181 0.521528 0.509016 0.315183 0.109229 0.392721 9.59419E-05
AC 181 -18.9937 -18.9937 -18.9943
OP 182 0.522284 0.504548 0.306173 0.11011 0.396064 0.0001004
AC 182 -21.6892 -21.6892 -21.6897
OP 183 0.523772 0.525992 0.312459 0.116781 0.394164 9.72706E-05
AC 183 -5.2545 -5.2545 -5.25513
OP 184 0.515826 0.514082 0.30767 0.111745 0.393013 9.94656E-05
AC 184 -8.82943 -8.82943 -8.83003
OP 185 0.508507 0.504526 0.305027 0.110026 0.398683 0.000101197
AC 185 -13.9479 -13.9479 -13.9485
OP 186 0.514116 0.507004 0.308697 0.107144 0.397746 9.99161E-05
AC 186 -8.27452 -8.27452 -8.27507
OP 187 0.511821 0.510467 0.307772 0.107681 0.397408 9.99102E-05
AC 187 -9.27902 -9.27902 -9.27957
OP 188 0.503762 0.515855 0.311942 0.0992508 0.395965 9.72411E-05
AC 188 -0.388855 -0.388855 -0.389545
OP 189 0.520012 0.516724 0.309843 0.110649 0.395531 9.86699E-05
AC 189 -15.583 -15.583 -15.5835
OP 190 0.527908 0.512593 0.312043 0.110123 0.392392 9.76858E-05
AC 190 -40.3523 -40.3523 -40.3529
OP 191 0.498854 0.521749 0.308572 0.0999431 0.396889 9.89373E-05
AC 191 -4.23635 -4.23635 -4.237
OP 192 0.519616 0.506957 0.306293 0.108134 0.396532 0.00010064
AC 192 -5.10623 -5.10623 -5.10678
OP 193 0.514073 0.499212 0.311361 0.111918 0.396834 9.8465E-05
AC 193 -4.24813 -4.24813 -4.24865
OP 194 0.527375 0.505412 0.305205 0.108349 0.39606 0.000100697
AC 194 -8.19784 -8.19784 -8.1984
OP 195 0.528762 0.505057 0.300296 0.10631 0.399852 0.000103325
AC 195 -4.80215 -4.80215 -4.80265
OP 196 0.525085 0.508225 0.304934 0.115936 0.394489 0.000100933
AC 196 -8.33407 -8.33407 -8.33463
OP 197 0.50927 0.509957 0.308104 0.109125 0.39493 9.96763E-05
AC 197 -20.9652 -20.9652 -20.9658
OP 198 0.525633 0.503717 0.30559 0.106153 0.398909 0.000101226
AC 198 -6.19243 -6.19243 -6.19293
OP 199 0.504089 0.510012 0.310989 0.108955 0.396273 9.83248E-05
AC 199 -14.7642 -14.7642 -14.7648
OP 200 0.520865 0.507599 0.311086 0.108852 0.394603 9.81898E-05
AC 200 -10.1513 -10.1513 -10.1519
OP 201 0.520637 0.504403 0.30944 0.110216 0.395229 9.92781E-05
AC 201 -14.9497 -14.9497 -14.9503
OP 202 0.522328 0.517813 0.314771 0.10294 0.393706 9.61119E-05
AC 202 -9.47429 -9.47429 -9.47497
OP 203 0.511002 0.502615 0.309795 0.104311 0.396038 9.93693E-05
AC 203 -0.455355 -0.455355 -0.45588
OP 204 0.5133 0.504846 0.30059 0.103737 0.400288 0.000103076
AC 204 -0.44941 -0.44941 -0.449934
OP 205 0.515347 0.507175 0.302377 0.104037 0.396949 0.00010255
AC 205 -10.217 -10.217 -10.2176
OP 206 0.520723 0.512702 0.313164 0.111838 0.389515 9.67376E-05
AC 206 -28.2528 -28.2528 -28.2535
OP 207 0.53214 0.51146 0.307582 0.115961 0.395785 0.000100181
AC 207 -10.4702 -10.4702 -10.4708
OP 208 0.509176 0.504609 0.298944 0.1032 0.3997 0.000103733
AC 208 -13.839 -13.839 -13.8395
OP 209 0.521322 0.508123 0.304241 0.110014 0.396168 0.000101604
AC 209 -16.8778 -16.8778 -16.8783
OP 210 0.512225 0.506186 0.310132 0.104154 0.396008 9.89118E-05
AC 210 0.577368 0.577368 0.576796
OP 211 0.522332 0.511911 0.309374 0.115729 0.393808 9.90715E-05
AC 211 -11.9954 -11.9954 -11.9959
OP 212 0.533371 0.502817 0.310234 0.11692 0.394754 9.87992E-05
AC 212 -23.469 -23.469 -23.4695
OP 213 0.522729 0.512032 0.31526 0.111182 0.392824 9.60125E-05
AC 213 -16.1693 -16.1693 -16.1699
OP 214 0.498943 0.51204 0.311498 0.100092 0.395509 9.80576E-05
AC 214 -1.90532 -1.90532 -1.90591
OP 215 0.513497 0.508301 0.30623 0.106279 0.393792 0.000100599
AC 215 -20.5585 -20.5585 -20.559
OP 216 0.519639 0.503742 0.305383 0.112942 0.396759 0.00010112
AC 216 -26.0413 -26.0413 -26.0418
OP 217 0.516415 0.504858 0.310166 0.10829 0.394376 9.90504E-05
AC 217 -21.9349 -21.9349 -21.9354
OP 218 0.521589 0.497852 0.295213 0.104425 0.401772 0.000106509
AC 218 -4.05753 -4.05753 -4.05803
OP 219 0.507342 0.52047 0.312092 0.108485 0.395189 9.70468E-05
AC 219 -15.4845 -15.4845 -15.4852
OP 220 0.53085 0.506521 0.313939 0.11841 0.394077 9.72603E-05
AC 220 -6.85721 -6.85721 -6.8578
OP 221 0.517712 0.508888 0.310558 0.11379 0.393904 9.84344E-05
AC 221 -24.5026 -24.5026 -24.5032
OP 222 0.530044 0.503883 0.31279 0.119364 0.39366 9.74979E-05
AC 222 -9.11468 -9.11468 -9.11521
OP 223 0.523845 0.514885 0.311474 0.109609 0.392655 9.77164E-05
AC 223 -24.9176 -24.9176 -24.9182
OP 224 0.523353 0.510037 0.30182 0.103679 0.398382 0.000102693
AC 224 -8.82152 -8.82152 -8.82207
OP 225 0.51393 0.519605 0.307853 0.109041 0.394213 9.95106E-05
AC 225 -7.4014 -7.4014 -7.40205
OP 226 0.505605 0.519157 0.303479 0.109999 0.398909 0.000101295
AC 226 -15.0802 -15.0802 -15.0808
OP 227 0.539412 0.50758 0.305164 0.119322 0.395838 0.000100774
AC 227 -7.69877 -7.69877 -7.69932
OP 228 0.520584 0.513932 0.317954 0.109583 0.390565 9.47687E-05
AC 228 -40.2876 -40.2876 -40.2881
OP 229 0.503666 0.514197 0.31278 0.107856 0.393838 9.72589E-05
AC 229 -10.6496 -10.6496 -10.6502
OP 230 0.518001 0.508358 0.295818 0.117232 0.398974 0.000104896
AC 230 -5.42028 -5.42028 -5.4208
OP 231 0.514605 0.495891 0.298556 0.103799 0.401837 0.000104555
AC 231 -1.54833 -1.54833 -1.54882
OP 232 0.507614 0.508617 0.30615 0.106204 0.397458 0.000100812
AC 232 -19.2969 -19.2969 -19.2975
OP 233 0.528161 0.49998 0.307242 0.114309 0.396942 0.000100206
AC 233 -36.7581 -36.7581 -36.7586
OP 234 0.534859 0.50439 0.300318 0.10874 0.398086 0.000103592
AC 234 -24.784 -24.784 -24.7846
OP 235 0.522273 0.510324 0.303142 0.108425 0.397128 0.000102043
AC 235 -12.3023 -12.3023 -12.3029
OP 236 0.528886 0.506042 0.309801 0.106885 0.39412 9.89701E-05
AC 236 -12.3209 -12.3209 -12.3215
OP 237 0.519044 0.506625 0.30718 0.104403 0.394865 9.99641E-05
AC 237 -12.5577 -12.5577 -12.5582
OP 238 0.529556 0.498635 0.300709 0.11175 0.399105 0.000103791
AC 238 -46.748 -46.748 -46.7482
OP 239 0.519314 0.510387 0.305375 0.10792 0.39598 0.000101225
AC 239 -26.4675 -26.4675 -26.4681
OP 240 0.532325 0.499444 0.311416 0.113101 0.394314 9.8536E-05
AC 240 -12.7107 -12.7107 -12.7112
OP 241 0.542853 0.505599 0.300844 0.121367 0.395225 0.000102944
AC 241 -1.3559 -1.3559 -1.35641
OP 242 0.506161 0.511196 0.310685 0.0988389 0.396152 9.83912E-05
AC 242 0.919444 0.919444 0.918826
OP 243 0.520418 0.512434 0.312836 0.115707 0.393008 9.7138E-05
AC 243 -10.8935 -10.8935 -10.8941
OP 244 0.514175 0.512833 0.312097 0.106461 0.393885 9.78916E-05
AC 244 -8.2245 -8.2245 -8.22507
OP 245 0.523958 0.506576 0.29892 0.114831 0.398506 0.000104118
AC 245 -3.81126 -3.81126 -3.81177
OP 246 0.522148 0.502625 0.30477 0.115325 0.397741 0.000100969
AC 246 -10.8059 -10.8059 -10.8064
OP 247 0.51534 0.509101 0.303407 0.103057 0.396984 0.000101818
AC 247 -4.23657 -4.23657 -4.23711
OP 248 0.513496 0.511745 0.315911 0.107466 0.394596 9.61684E-05
AC 248 -10.5439 -10.5439 -10.5445
OP 249 0.516869 0.501245 0.299983 0.103411 0.402411 0.000103883
AC 249 -3.60534 -3.60534 -3.60587
OP 250 0.519697 0.507547 0.300668 0.109863 0.397645 0.00010333
AC 250 -41.4225 -41.4225 -41.4229
OP 251 0.509986 0.504236 0.299959 0.0980736 0.398503 0.000103609
AC 251 4.29975 4.29975 4.29923
OP 252 0.50958 0.503679 0.30383 0.109531 0.397852 0.000102013
AC 252 -16.8517 -16.8517 -16.8523
OP 253 0.518867 0.510383 0.304327 0.108964 0.398551 0.000101282
AC 253 -20.5751 -20.5751 -20.5756
OP 254 0.515763 0.516024 0.300443 0.100483 0.398258 0.000102782
AC 254 -2.72425 -2.72425 -2.72484
OP 255 0.524829 0.511834 0.313574 0.115599 0.390979 9.68952E-05
AC 255 -16.4013 -16.4013 -16.4019
OP 256 0.520611 0.520063 0.312082 0.110589 0.392072 9.73573E-05
AC 256 -21.4365 -21.4365 -21.4371
OP 257 0.504552 0.515863 0.310424 0.108879 0.393599 9.83492E-05
AC 257 -11.3344 -11.3344 -11.335
OP 258 0.526705 0.510491 0.320343 0.115951 0.390879 9.37855E-05
AC 258 -23.0624 -23.0624 -23.0631
OP 259 0.545723 0.503315 0.303119 0.116001 0.398642 0.000102144
AC 259 -5.6646 -5.6646 -5.66511
OP 260 0.517799 0.511461 0.313845 0.105609 0.392497 9.68066E-05
AC 260 -9.10464 -9.10464 -9.10524
OP 261 0.510292 0.506163 0.306289 0.10125 0.398855 0.000100716
AC 261 0.399788 0.399788 0.399247
OP 262 0.513242 0.496725 0.298118 0.102901 0.401668 0.000104856
AC 262 -2.64063 -2.64063 -2.64111
OP 263 0.511019 0.524716 0.313789 0.107598 0.392299 9.67405E-05
AC 263 -21.8737 -21.8737 -21.8743
OP 264 0.529802 0.5019 0.303669 0.116024 0.39723 0.000101928
AC 264 -44.1565 -44.1565 -44.1569
OP 265 0.531394 0.505109 0.302408 0.102764 0.399621 0.000102408
AC 265 -4.6068 -4.6068 -4.60734
OP 266 0.525156 0.498704 0.30328 0.107958 0.40184 0.000101944
AC 266 -6.98774 -6.98774 -6.98827
OP 267 0.515629 0.502933 0.311648 0.110924 0.392531 9.8195E-05
AC 267 -8.72097 -8.72097 -8.72151
OP 268 0.517295 0.517191 0.302755 0.108635 0.39943 0.000101906
AC 268 -13.9253 -13.9253 -13.9259
OP 269 0.50652 0.511583 0.299325 0.101738 0.401342 0.000103549
AC 269 -6.18866 -6.18866 -6.18921
OP 270 0.520283 0.503453 0.308468 0.111098 0.394282 9.92866E-05
AC 270 -15.9455 -15.9455 -15.946
OP 271 0.518601 0.50379 0.308136 0.106703 0.397495 9.98915E-05
AC 271 -5.25533 -5.25533 -5.25586
OP 272 0.518115 0.504967 0.297964 0.100242 0.404059 0.000104525
AC 272 -2.62304 -2.62304 -2.62354
OP 273 0.528886 0.512171 0.316439 0.115003 0.390087 9.5329E-05
AC 273 -29.1669 -29.1669 -29.1675
OP 274 0.524744 0.511703 0.312598 0.118477 0.393587 9.76422E-05
AC 274 -6.67869 -6.67869 -6.67928
OP 275 0.515437 0.511788 0.317234 0.113626 0.390472 9.51811E-05
AC 275 -18.0153 -18.0153 -18.0159
OP 276 0.506854 0.514539 0.301576 0.0980738 0.399411 0.000102465
AC 276 -0.644113 -0.644113 -0.644681
OP 277 0.539787 0.504155 0.299485 0.106269 0.399433 0.00010354
AC 277 -13.0658 -13.0658 -13.0663
OP 278 0.519741 0.513632 0.311972 0.109936 0.394965 9.74719E-05
AC 278 -16.7392 -16.7392 -16.7398
OP 279 0.519123 0.493395 0.30562 0.107369 0.397137 0.000101855
AC 279 -2.851 -2.851 -2.85148
OP 280 0.517982 0.506332 0.302825 0.105691 0.396419 0.000101863
AC 280 -18.1691 -18.1691 -18.1696
OP 281 0.530002 0.495444 0.296621 0.113536 0.402128 0.000105526
AC 281 -14.7837 -14.7837 -14.7842
OP 282 0.522561 0.506802 0.304374 0.106374 0.397813 0.000101822
AC 282 -10.7175 -10.7175 -10.718
OP 283 0.539854 0.511395 0.301344 0.113805 0.398143 0.000102669
AC 283 -10.8232 -10.8232 -10.8237
OP 284 0.512012 0.512717 0.295014 0.105434 0.402236 0.000105518
AC 284 -9.92763 -9.92763 -9.92817
OP 285 0.526916 0.514932 0.320571 0.111168 0.3881 9.34749E-05
AC 285 -29.8363 -29.8363 -29.837
OP 286 0.520126 0.49798 0.293653 0.106723 0.403443 0.000106688
AC 286 -5.2767 -5.2767 -5.27717
OP 287 0.518523 0.504986 0.302116 0.10503 0.396687 0.000102586
AC 287 -7.38667 -7.38667 -7.38722
OP 288 0.523392 0.504943 0.302661 0.110476 0.398361 0.000102333
AC 288 -28.8404 -28.8404 -28.841
OP 289 0.526484 0.516326 0.310778 0.119237 0.392043 9.76505E-05
AC 289 -2.32995 -2.32995 -2.33056
OP 290 0.512573 0.502422 0.301025 0.104722 0.398612 0.000103329
AC 290 -2.57698 -2.57698 -2.5775
OP 291 0.516955 0.507715 0.309177 0.101517 0.39294 9.88671E-05
AC 291 -1.18708 -1.18708 -1.18764
OP 292 0.526863 0.511911 0.301135 0.112019 0.399057 0.000103174
AC 292 -9.35831 -9.35831 -9.35887
OP 293 0.510019 0.512473 0.307307 0.108184 0.396609 9.9579E-05
AC 293 -11.1157 -11.1157 -11.1163
OP 294 0.510935 0.499573 0.304956 0.0955934 0.399809 0.000101641
AC 294 3.84746 3.84746 3.84691
OP 295 0.535327 0.500537 0.300427 0.110956 0.397931 0.000103231
AC 295 -13.2592 -13.2592 -13.2597
OP 296 0.51154 0.501798 0.303998 0.101229 0.400766 0.00010174
AC 296 -3.95147 -3.95147 -3.95203
OP 297 0.518149 0.511037 0.311596 0.105583 0.392619 9.74811E-05
AC 297 -4.03776 -4.03776 -4.03837
OP 298 0.52268 0.517669 0.318527 0.115189 0.3884 9.42767E-05
AC 298 -8.80965 -8.80965 -8.8103
OP 299 0.51461 0.508511 0.305713 0.11239 0.397235 0.000100888
AC 299 -30.201 -30.201 -30.2015
