OP 0 0.580767 0.625379 0.454585 0.150036 0.384184 0.000104791
AC 0 5.43631 5.43631 5.43567
OP 1 0.582632 0.625152 0.445218 0.157498 0.393005 0.000109957
AC 1 6.52409 6.52409 6.52347
OP 2 0.573632 0.634006 0.44538 0.15222 0.388229 0.000109913
AC 2 6.01348 6.01348 6.01282
OP 3 0.583944 0.623075 0.445808 0.149513 0.389955 0.00011015
AC 3 6.3391 6.3391 6.3385
OP 4 0.585153 0.616251 0.432904 0.148256 0.395408 0.000118446
AC 4 4.86203 4.86203 4.86151
OP 5 0.597062 0.619014 0.445967 0.162211 0.388853 0.000110328
AC 5 5.29898 5.29898 5.29843
OP 6 0.594828 0.625387 0.451431 0.161186 0.386729 0.000106092
AC 6 6.87957 6.87957 6.87894
OP 7 0.574412 0.636723 0.444535 0.157215 0.3928 0.000110352
AC 7 7.67244 7.67244 7.67178
OP 8 0.58091 0.624279 0.441272 0.141498 0.390658 0.000112813
AC 8 5.66993 5.66993 5.66933
OP 9 0.58997 0.625487 0.452178 0.155871 0.386173 0.000106572
AC 9 6.32863 6.32863 6.328
OP 10 0.586021 0.636346 0.449363 0.160676 0.385188 0.00010738
AC 10 7.58246 7.58246 7.58178
OP 11 0.596232 0.615457 0.433961 0.154261 0.395126 0.000117467
AC 11 6.37515 6.37515 6.37462
OP 12 0.566824 0.639483 0.446518 0.145575 0.388903 0.000108723
AC 12 6.80953 6.80953 6.80883
OP 13 0.576074 0.629741 0.445612 0.147102 0.390568 0.000109612
AC 13 6.2988 6.2988 6.29818
OP 14 0.578936 0.631374 0.450132 0.157784 0.387151 0.000107021
AC 14 7.62845 7.62845 7.6278
OP 15 0.585765 0.636237 0.449066 0.161453 0.386151 0.00010741
AC 15 7.71591 7.71591 7.71523
OP 16 0.595159 0.634139 0.443472 0.16006 0.386138 0.000110745
AC 16 7.84348 7.84348 7.84283
OP 17 0.582692 0.620732 0.441405 0.156753 0.391257 0.000112586
AC 17 6.51895 6.51895 6.51839
OP 18 0.60506 0.637296 0.460164 0.16882 0.382585 0.00010089
AC 18 8.21778 8.21778 8.21701
OP 19 0.57607 0.628014 0.452295 0.152523 0.387815 0.000105938
AC 19 5.4631 5.4631 5.46244
OP 20 0.595652 0.623956 0.444947 0.159691 0.388374 0.000110413
AC 20 6.67205 6.67205 6.67146
OP 21 0.585877 0.623498 0.442557 0.154446 0.388266 0.000111863
AC 21 6.31191 6.31191 6.31131
OP 22 0.586641 0.621317 0.441956 0.156834 0.390144 0.000112398
AC 22 6.28118 6.28118 6.28061
OP 23 0.596409 0.609816 0.433715 0.148139 0.395634 0.000118521
AC 23 4.16677 4.16677 4.16629
OP 24 0.572498 0.636456 0.448571 0.156353 0.386932 0.000107292
AC 24 6.9132 6.9132 6.91253
OP 25 0.577746 0.618079 0.445332 0.1524 0.389805 0.000110698
AC 25 4.77103 4.77103 4.7705
OP 26 0.574289 0.621932 0.451651 0.153054 0.388543 0.000106899
AC 26 4.71632 4.71632 4.7157
OP 27 0.582072 0.635053 0.458926 0.156344 0.384521 0.000101964
AC 27 6.72449 6.72449 6.72379
OP 28 0.589907 0.617417 0.436422 0.15765 0.395049 0.000115972
AC 28 6.09897 6.09897 6.09844
OP 29 0.585046 0.629503 0.440301 0.155986 0.391597 0.00011331
AC 29 7.48562 7.48562 7.485
OP 30 0.595549 0.624205 0.441506 0.159014 0.390028 0.000112283
AC 30 6.99673 6.99673 6.99612
OP 31 0.591318 0.6128 0.448984 0.16292 0.387551 0.000108742
AC 31 5.73063 5.73063 5.73008
OP 32 0.578006 0.623062 0.450133 0.154831 0.388891 0.000107579
AC 32 4.70047 4.70047 4.69989
OP 33 0.589377 0.62063 0.445521 0.153205 0.391252 0.00011072
AC 33 4.40483 4.40483 4.40429
OP 34 0.598728 0.632621 0.446824 0.165919 0.387282 0.000108928
AC 34 8.19666 8.19666 8.19601
OP 35 0.584874 0.632768 0.449585 0.158606 0.387633 0.000106742
AC 35 7.66066 7.66066 7.65994
OP 36 0.575362 0.645237 0.457768 0.150429 0.384506 0.00010185
AC 36 7.17336 7.17336 7.17251
OP 37 0.561415 0.617548 0.444652 0.143394 0.388719 0.000111386
AC 37 4.06049 4.06049 4.05993
OP 38 0.576522 0.622545 0.44904 0.14901 0.389854 0.000108457
AC 38 5.07901 5.07901 5.07839
OP 39 0.592674 0.626169 0.444001 0.156236 0.390485 0.000111236
AC 39 6.8164 6.8164 6.81577
OP 40 0.582246 0.628765 0.441201 0.157486 0.390592 0.000112606
AC 40 7.99059 7.99059 7.98996
OP 41 0.580057 0.623347 0.45134 0.147359 0.386364 0.000107359
AC 41 5.96048 5.96048 5.95986
OP 42 0.569804 0.630707 0.44256 0.146439 0.388623 0.000111932
AC 42 6.83891 6.83891 6.83826
OP 43 0.590388 0.627967 0.448886 0.15618 0.388428 0.000107831
AC 43 7.37365 7.37365 7.37301
OP 44 0.57685 0.628115 0.445811 0.157946 0.388317 0.000110328
AC 44 6.22958 6.22958 6.22901
OP 45 0.621178 0.634406 0.455694 0.178015 0.382195 0.000103905
AC 45 8.17214 8.17214 8.17147
OP 46 0.569976 0.629876 0.454258 0.15218 0.386066 0.000105176
AC 46 6.10322 6.10322 6.10256
OP 47 0.572649 0.613966 0.438671 0.141969 0.394985 0.000115777
AC 47 4.16509 4.16509 4.16454
OP 48 0.572823 0.630607 0.448182 0.154984 0.388873 0.00010863
AC 48 5.93862 5.93862 5.93802
OP 49 0.587063 0.639907 0.455452 0.16031 0.383514 0.000103192
AC 49 7.78224 7.78224 7.78145
OP 50 0.596036 0.630636 0.449923 0.16534 0.388526 0.000107189
AC 50 7.12291 7.12291 7.12223
OP 51 0.596323 0.637286 0.453381 0.171431 0.384055 0.000104739
AC 51 8.1292 8.1292 8.12845
OP 52 0.579875 0.62783 0.446635 0.155774 0.387332 0.000109178
AC 52 6.43667 6.43667 6.43605
OP 53 0.579969 0.61387 0.438368 0.149807 0.392862 0.000115083
AC 53 4.55721 4.55721 4.55667
OP 54 0.5884 0.627187 0.446523 0.159369 0.390529 0.000109475
AC 54 6.43156 6.43156 6.43092
OP 55 0.575394 0.64097 0.448394 0.148557 0.388113 0.000107151
AC 55 7.17651 7.17651 7.17574
OP 56 0.590852 0.634332 0.452047 0.160888 0.385772 0.000105795
AC 56 7.01866 7.01866 7.01793
OP 57 0.599495 0.618203 0.439673 0.155418 0.389641 0.000113873
AC 57 6.84721 6.84721 6.84665
OP 58 0.567095 0.628276 0.438387 0.151351 0.394015 0.000114331
AC 58 5.82152 5.82152 5.82092
OP 59 0.570312 0.631997 0.456573 0.157791 0.381761 0.000103469
AC 59 6.78141 6.78141 6.7807
OP 60 0.570331 0.6346 0.450664 0.156504 0.387546 0.000107274
AC 60 6.9009 6.9009 6.90027
OP 61 0.566696 0.638484 0.445486 0.153914 0.385339 0.000109126
AC 61 7.79774 7.79774 7.797
OP 62 0.587602 0.625901 0.448205 0.154121 0.38975 0.000108711
AC 62 5.81528 5.81528 5.81467
OP 63 0.561092 0.641127 0.459045 0.157519 0.3811 0.000101209
AC 63 7.32326 7.32326 7.32247
OP 64 0.582867 0.628754 0.453941 0.1551 0.385437 0.000105698
AC 64 6.18029 6.18029 6.17966
OP 65 0.590827 0.627407 0.440807 0.159971 0.391131 0.000112827
AC 65 7.41042 7.41042 7.40979
OP 66 0.579479 0.642865 0.450207 0.154453 0.386863 0.000106355
AC 66 8.00057 8.00057 7.99981
OP 67 0.588922 0.633938 0.449644 0.159236 0.385285 0.000106801
AC 67 7.45319 7.45319 7.45247
OP 68 0.572442 0.610845 0.436392 0.148353 0.397199 0.000116819
AC 68 3.78756 3.78756 3.78708
OP 69 0.587549 0.617757 0.433975 0.152272 0.395949 0.000117904
AC 69 5.48687 5.48687 5.48638
OP 70 0.590313 0.630592 0.437264 0.16189 0.393558 0.000114873
AC 70 7.57671 7.57671 7.57612
OP 71 0.577456 0.635423 0.446852 0.153922 0.389901 0.000108922
AC 71 7.35126 7.35126 7.35058
OP 72 0.589944 0.634947 0.449646 0.163405 0.384849 0.000107215
AC 72 7.08102 7.08102 7.08035
OP 73 0.570234 0.6266 0.446103 0.148386 0.390669 0.000110083
AC 73 5.78902 5.78902 5.7884
OP 74 0.593365 0.628137 0.439751 0.166095 0.391644 0.000113374
AC 74 7.08702 7.08702 7.08642
OP 75 0.58993 0.642281 0.456278 0.160002 0.382354 0.000103222
AC 75 8.39169 8.39169 8.39093
OP 76 0.585469 0.620931 0.438505 0.154343 0.392216 0.000114819
AC 76 5.9815 5.9815 5.98096
OP 77 0.584228 0.624684 0.441163 0.146926 0.389997 0.000112383
AC 77 5.88024 5.88024 5.87964
OP 78 0.587537 0.636407 0.449386 0.165844 0.388309 0.000107519
AC 78 7.50131 7.50131 7.50061
OP 79 0.587954 0.62808 0.453344 0.15171 0.387076 0.000105171
AC 79 5.61801 5.61801 5.61732
OP 80 0.59755 0.635225 0.451841 0.161374 0.383864 0.000105653
AC 80 7.11435 7.11435 7.11365
OP 81 0.577339 0.616555 0.443999 0.149245 0.390983 0.000112161
AC 81 5.26257 5.26257 5.26201
OP 82 0.581102 0.647582 0.459363 0.165018 0.381062 0.000100382
AC 82 8.71075 8.71075 8.70988
OP 83 0.595368 0.635067 0.447969 0.166744 0.388597 0.000108128
AC 83 7.99607 7.99607 7.99538
OP 84 0.589642 0.627036 0.443926 0.152741 0.390739 0.000111155
AC 84 6.73878 6.73878 6.73814
OP 85 0.579056 0.64566 0.458133 0.160176 0.380773 0.000101435
AC 85 7.58155 7.58155 7.58071
OP 86 0.575322 0.637679 0.451608 0.153828 0.389453 0.000106179
AC 86 7.66852 7.66852 7.66779
OP 87 0.584412 0.633683 0.459296 0.163035 0.383391 0.000102022
AC 87 6.48668 6.48668 6.48598
OP 88 0.597773 0.634901 0.449017 0.166923 0.388923 0.000108107
AC 88 7.8336 7.8336 7.83296
OP 89 0.586607 0.629857 0.450451 0.151689 0.386229 0.000106893
AC 89 5.94527 5.94527 5.94461
OP 90 0.579604 0.619535 0.436576 0.144674 0.39474 0.000115565
AC 90 4.564 4.564 4.56343
OP 91 0.585121 0.621708 0.445432 0.155346 0.390584 0.000110627
AC 91 5.71557 5.71557 5.715
OP 92 0.599024 0.632445 0.454097 0.162051 0.383753 0.000104901
AC 92 7.41546 7.41546 7.41476
OP 93 0.59229 0.614246 0.43387 0.149647 0.394002 0.000117841
AC 93 5.88528 5.88528 5.88473
OP 94 0.577925 0.638032 0.453665 0.157424 0.38588 0.000104958
AC 94 6.79152 6.79152 6.79083
OP 95 0.583441 0.629593 0.445235 0.155465 0.38833 0.000110206
AC 95 6.91476 6.91476 6.91409
OP 96 0.580718 0.633316 0.455422 0.151158 0.382007 0.000104302
AC 96 6.15794 6.15794 6.15722
OP 97 0.593358 0.634091 0.442346 0.16256 0.38971 0.00011153
AC 97 7.26312 7.26312 7.26248
OP 98 0.580352 0.621801 0.444165 0.148012 0.390508 0.000111275
AC 98 5.995 5.995 5.99441
OP 99 0.600325 0.619044 0.444083 0.157388 0.389612 0.000111554
AC 99 4.43466 4.43466 4.43413
OP 100 0.587398 0.604862 0.445469 0.148144 0.391543 0.000111557
AC 100 2.11433 2.11433 2.11384
OP 101 0.57987 0.616718 0.437741 0.154092 0.395095 0.000115277
AC 101 5.16683 5.16683 5.1663
OP 102 0.598138 0.632694 0.44771 0.161356 0.388665 0.000108319
AC 102 7.3599 7.3599 7.35923
OP 103 0.565885 0.630221 0.446408 0.145693 0.390023 0.000109377
AC 103 5.46237 5.46237 5.46172
OP 104 0.584116 0.632211 0.440593 0.155945 0.391808 0.000112464
AC 104 7.16024 7.16024 7.15964
OP 105 0.579639 0.630856 0.45038 0.147146 0.387566 0.000107055
AC 105 5.78063 5.78063 5.77994
OP 106 0.595178 0.63919 0.443709 0.162762 0.388524 0.000110958
AC 106 7.43506 7.43506 7.43439
OP 107 0.582966 0.634817 0.448895 0.151111 0.389512 0.000107864
AC 107 6.77514 6.77514 6.77444
OP 108 0.564138 0.636286 0.446319 0.147192 0.388851 0.000109123
AC 108 6.72888 6.72888 6.72816
OP 109 0.597534 0.623476 0.438738 0.161135 0.391525 0.000114043
AC 109 7.55657 7.55657 7.55597
OP 110 0.584679 0.613277 0.443755 0.14843 0.393017 0.000111764
AC 110 4.35531 4.35531 4.35476
OP 111 0.577974 0.633445 0.450843 0.158687 0.386328 0.000106175
AC 111 6.93452 6.93452 6.93386
OP 112 0.574711 0.633575 0.445586 0.14974 0.387244 0.00010923
AC 112 5.9426 5.9426 5.94196
OP 113 0.575145 0.624539 0.446903 0.148043 0.38728 0.000109611
AC 113 5.49089 5.49089 5.49027
OP 114 0.579521 0.627494 0.449361 0.151313 0.388585 0.000108123
AC 114 5.60716 5.60716 5.60654
OP 115 0.598004 0.627498 0.440551 0.159428 0.393658 0.000113569
AC 115 7.51334 7.51334 7.51273
OP 116 0.575421 0.636174 0.447057 0.15205 0.387655 0.000108597
AC 116 6.93623 6.93623 6.93555
OP 117 0.589206 0.62539 0.460128 0.157973 0.381148 0.000101728
AC 117 5.7994 5.7994 5.79876
OP 118 0.593186 0.613346 0.43707 0.157977 0.393739 0.000115741
AC 118 6.87339 6.87339 6.87285
OP 119 0.579187 0.630547 0.447512 0.15321 0.386487 0.000108661
AC 119 6.52713 6.52713 6.52647
OP 120 0.600312 0.618942 0.436152 0.16482 0.394059 0.000115757
AC 120 6.57035 6.57035 6.56981
OP 121 0.585034 0.616665 0.431558 0.148709 0.395435 0.000119338
AC 121 4.59971 4.59971 4.59922
OP 122 0.589607 0.628279 0.448452 0.161798 0.387355 0.000108271
AC 122 6.98548 6.98548 6.98484
OP 123 0.578678 0.627961 0.451421 0.152921 0.389103 0.000106618
AC 123 6.62579 6.62579 6.6251
OP 124 0.579856 0.627822 0.445826 0.147179 0.390004 0.000109832
AC 124 5.74183 5.74183 5.74121
OP 125 0.566837 0.621929 0.449505 0.15139 0.389721 0.000108816
AC 125 4.77868 4.77868 4.77812
OP 126 0.569941 0.623155 0.447122 0.147277 0.387797 0.000109231
AC 126 5.49801 5.49801 5.4974
OP 127 0.592997 0.632971 0.449595 0.165675 0.387433 0.000107114
AC 127 6.70066 6.70066 6.69999
OP 128 0.585825 0.631582 0.447532 0.160538 0.389746 0.000109321
AC 128 6.83393 6.83393 6.83327
OP 129 0.607538 0.614426 0.447075 0.16775 0.389139 0.000109937
AC 129 6.56145 6.56145 6.56089
OP 130 0.569203 0.633975 0.447665 0.147301 0.388543 0.000108669
AC 130 6.57766 6.57766 6.57698
OP 131 0.587875 0.637039 0.457074 0.159606 0.383713 0.000102587
AC 131 7.29099 7.29099 7.29023
OP 132 0.566975 0.624811 0.445245 0.14778 0.390453 0.000109956
AC 132 5.92888 5.92888 5.92827
OP 133 0.594861 0.619194 0.443629 0.150943 0.38992 0.000111941
AC 133 5.4872 5.4872 5.48664
OP 134 0.592655 0.635089 0.452269 0.1652 0.385863 0.000104946
AC 134 7.69295 7.69295 7.69222
OP 135 0.586466 0.624784 0.441833 0.157754 0.390306 0.00011234
AC 135 7.55106 7.55106 7.55047
OP 136 0.580166 0.625558 0.436118 0.147886 0.393726 0.000115907
AC 136 7.28199 7.28199 7.28142
OP 137 0.579134 0.613963 0.439167 0.149428 0.394207 0.000114823
AC 137 4.60044 4.60044 4.59991
OP 138 0.579001 0.626037 0.447936 0.149673 0.386955 0.000108606
AC 138 4.86859 4.86859 4.86795
OP 139 0.583966 0.624568 0.444039 0.154876 0.390222 0.00011116
AC 139 6.00625 6.00625 6.00566
OP 140 0.591835 0.62361 0.444271 0.158732 0.389656 0.000110803
AC 140 6.19496 6.19496 6.19439
OP 141 0.578642 0.649728 0.45371 0.149846 0.38431 0.000103784
AC 141 8.27949 8.27949 8.27864
OP 142 0.600023 0.624141 0.445118 0.172268 0.38868 0.000110162
AC 142 7.73923 7.73923 7.73862
OP 143 0.601854 0.627071 0.449533 0.160535 0.386743 0.000107852
AC 143 6.88099 6.88099 6.88038
OP 144 0.584995 0.61718 0.443059 0.150844 0.389712 0.00011234
AC 144 5.31372 5.31372 5.31317
OP 145 0.586714 0.64094 0.453216 0.157265 0.386261 0.000104912
AC 145 7.64334 7.64334 7.64259
OP 146 0.586281 0.632726 0.452139 0.162062 0.386399 0.000105645
AC 146 7.4156 7.4156 7.41489
OP 147 0.599954 0.636853 0.456351 0.163261 0.382857 0.000103096
AC 147 7.68564 7.68564 7.68492
OP 148 0.581125 0.615194 0.442696 0.1508 0.391068 0.000112511
AC 148 4.39252 4.39252 4.39199
OP 149 0.588646 0.638679 0.458184 0.165996 0.381736 0.000102048
AC 149 7.20514 7.20514 7.20437
OP 150 0.584752 0.629852 0.455675 0.152991 0.385459 0.000103855
AC 150 6.39876 6.39876 6.39804
OP 151 0.585422 0.623387 0.443864 0.15511 0.389568 0.000111271
AC 151 6.53629 6.53629 6.53568
OP 152 0.583659 0.622653 0.438076 0.147041 0.393141 0.000114996
AC 152 5.55749 5.55749 5.55691
OP 153 0.586334 0.621849 0.438856 0.150973 0.391453 0.000114311
AC 153 6.07048 6.07048 6.06992
OP 154 0.572869 0.616767 0.454966 0.145899 0.385472 0.000105372
AC 154 2.70523 2.70523 2.70466
OP 155 0.57288 0.616108 0.444359 0.148912 0.389789 0.000111293
AC 155 4.62499 4.62499 4.62446
OP 156 0.585772 0.634585 0.446369 0.165684 0.388513 0.000109567
AC 156 7.95196 7.95196 7.95131
OP 157 0.591368 0.630065 0.456817 0.165672 0.382698 0.000102913
AC 157 6.59697 6.59697 6.59627
OP 158 0.591515 0.620308 0.436719 0.150725 0.394948 0.000115379
AC 158 6.27411 6.27411 6.27354
OP 159 0.596021 0.627578 0.44677 0.163464 0.388045 0.000109397
AC 159 7.72756 7.72756 7.72697
OP 160 0.565305 0.630264 0.447495 0.149142 0.3891 0.000108583
AC 160 5.88478 5.88478 5.8841
OP 161 0.561369 0.625529 0.456019 0.149893 0.383909 0.000104139
AC 161 5.7462 5.7462 5.74553
OP 162 0.586721 0.637222 0.44947 0.16488 0.385177 0.000106985
AC 162 7.92483 7.92483 7.92414
OP 163 0.598517 0.627 0.439488 0.164604 0.38857 0.000113657
AC 163 7.33641 7.33641 7.33584
OP 164 0.580572 0.626462 0.447583 0.150613 0.3884 0.000108999
AC 164 5.70907 5.70907 5.70847
OP 165 0.589709 0.637083 0.447858 0.160762 0.38629 0.000107659
AC 165 7.37287 7.37287 7.37216
OP 166 0.592593 0.631633 0.43443 0.158156 0.395283 0.000116462
AC 166 7.90747 7.90747 7.90687
OP 167 0.584615 0.619642 0.438714 0.154441 0.392456 0.000114232
AC 167 6.22757 6.22757 6.22701
OP 168 0.598358 0.626444 0.452355 0.161172 0.38502 0.000105777
AC 168 6.45411 6.45411 6.45346
OP 169 0.601452 0.618648 0.441929 0.154482 0.390357 0.000112136
AC 169 6.54208 6.54208 6.54152
OP 170 0.593998 0.631739 0.451837 0.161783 0.386633 0.000106518
AC 170 7.17791 7.17791 7.17724
OP 171 0.594021 0.631874 0.454723 0.161986 0.383482 0.000104618
AC 171 7.05387 7.05387 7.05318
OP 172 0.594568 0.626392 0.437498 0.154262 0.393684 0.000114805
AC 172 6.27529 6.27529 6.2747
OP 173 0.585879 0.636107 0.454537 0.166679 0.382442 0.000104166
AC 173 6.74252 6.74252 6.74186
OP 174 0.577468 0.63623 0.452718 0.157942 0.38628 0.000105574
AC 174 7.55198 7.55198 7.55127
OP 175 0.588501 0.621252 0.449293 0.159033 0.387039 0.000108311
AC 175 5.52667 5.52667 5.52609
OP 176 0.584567 0.629059 0.438074 0.156296 0.390384 0.000113988
AC 176 7.23421 7.23421 7.23359
OP 177 0.590076 0.625257 0.448716 0.158361 0.386837 0.000108192
AC 177 6.08733 6.08733 6.08669
OP 178 0.59317 0.621891 0.443117 0.160987 0.389549 0.000111583
AC 178 6.89929 6.89929 6.89873
OP 179 0.586104 0.628496 0.446231 0.16102 0.389149 0.000109717
AC 179 7.0802 7.0802 7.07955
OP 180 0.572541 0.622798 0.441921 0.146216 0.388102 0.000112354
AC 180 4.96982 4.96982 4.96923
OP 181 0.590776 0.63509 0.450915 0.161433 0.388096 0.000106673
AC 181 7.27585 7.27585 7.27517
OP 182 0.572844 0.625533 0.455123 0.147317 0.386178 0.000105049
AC 182 4.6528 4.6528 4.65217
OP 183 0.584385 0.622283 0.442979 0.155456 0.39074 0.000111465
AC 183 6.75221 6.75221 6.75161
OP 184 0.58299 0.624591 0.453607 0.157724 0.386678 0.00010522
AC 184 5.40413 5.40413 5.40349
OP 185 0.598634 0.620844 0.44755 0.158524 0.388361 0.000109559
AC 185 5.49432 5.49432 5.49375
OP 186 0.578815 0.635214 0.442469 0.153182 0.38944 0.000111602
AC 186 8.01097 8.01097 8.01027
OP 187 0.60324 0.628621 0.451592 0.156617 0.386868 0.000106786
AC 187 7.10373 7.10373 7.10308
OP 188 0.578962 0.638612 0.464314 0.15738 0.380336 9.84778E-05
AC 188 6.81212 6.81212 6.81137
OP 189 0.595243 0.63272 0.452607 0.161816 0.385162 0.000105372
AC 189 8.3702 8.3702 8.36947
OP 190 0.581162 0.629373 0.441001 0.156492 0.390257 0.000112272
AC 190 7.41181 7.41181 7.41119
OP 191 0.585102 0.627323 0.448565 0.156398 0.386517 0.000108388
AC 191 6.4804 6.4804 6.47977
OP 192 0.59878 0.632327 0.45199 0.161558 0.386794 0.000106021
AC 192 7.64048 7.64048 7.6398
OP 193 0.572042 0.634704 0.459707 0.159745 0.38196 0.000101293
AC 193 7.11217 7.11217 7.1114
OP 194 0.572667 0.637706 0.445906 0.154441 0.388362 0.000109353
AC 194 7.00854 7.00854 7.00785
OP 195 0.587898 0.629914 0.445214 0.154153 0.390571 0.000110173
AC 195 7.17736 7.17736 7.17674
OP 196 0.589176 0.627571 0.458885 0.156665 0.380844 0.000101756
AC 196 5.23247 5.23247 5.2318
OP 197 0.58073 0.619739 0.446176 0.154275 0.389798 0.000110185
AC 197 5.46897 5.46897 5.4684
OP 198 0.589281 0.614758 0.441711 0.154357 0.391592 0.000112909
AC 198 4.18816 4.18816 4.18765
OP 199 0.581547 0.642285 0.460365 0.156852 0.379986 0.000100196
AC 199 8.47061 8.47061 8.46978
OP 200 0.573282 0.635675 0.44663 0.158349 0.390273 0.000108512
AC 200 6.79724 6.79724 6.79657
OP 201 0.571951 0.634467 0.447202 0.152644 0.39032 0.00010845
AC 201 7.34194 7.34194 7.34122
OP 202 0.585424 0.626336 0.442911 0.155983 0.38863 0.000111131
AC 202 7.17761 7.17761 7.17696
OP 203 0.585773 0.613003 0.450314 0.149343 0.38857 0.00010833
AC 203 3.51118 3.51118 3.51065
OP 204 0.592395 0.627511 0.436633 0.156554 0.391342 0.000114889
AC 204 7.3944 7.3944 7.39377
OP 205 0.589329 0.627628 0.433093 0.160468 0.398094 0.00011772
AC 205 7.25477 7.25477 7.2542
OP 206 0.593381 0.616733 0.445624 0.15464 0.39154 0.000111113
AC 206 5.32044 5.32044 5.3199
OP 207 0.587911 0.627193 0.443104 0.153514 0.389827 0.000112116
AC 207 5.92259 5.92259 5.92197
OP 208 0.590832 0.629476 0.448984 0.151189 0.390054 0.000108206
AC 208 5.84347 5.84347 5.8428
OP 209 0.586156 0.620095 0.449248 0.155644 0.38789 0.000108404
AC 209 5.97236 5.97236 5.97174
OP 210 0.596089 0.61987 0.438044 0.156915 0.393675 0.000114272
AC 210 7.52607 7.52607 7.5255
OP 211 0.591676 0.613991 0.432739 0.156952 0.394725 0.000118007
AC 211 6.38844 6.38844 6.38792
OP 212 0.595385 0.627358 0.445307 0.1596 0.389666 0.000110126
AC 212 7.1546 7.1546 7.15396
OP 213 0.579869 0.626904 0.445964 0.156497 0.388967 0.000110027
AC 213 6.69732 6.69732 6.69672
OP 214 0.583304 0.64065 0.448533 0.160415 0.384192 0.000107543
AC 214 7.63409 7.63409 7.63338
OP 215 0.593358 0.622708 0.445904 0.153102 0.388967 0.000110277
AC 215 6.44949 6.44949 6.44889
OP 216 0.594709 0.639193 0.446007 0.165881 0.388144 0.000109128
AC 216 8.67015 8.67015 8.66941
OP 217 0.583754 0.631925 0.443749 0.153279 0.39152 0.000110691
AC 217 6.99395 6.99395 6.99331
OP 218 0.571782 0.638562 0.449402 0.153569 0.38677 0.000106806
AC 218 7.79508 7.79508 7.79434
OP 219 0.590789 0.629764 0.447191 0.157037 0.387763 0.000108789
AC 219 7.54876 7.54876 7.54812
OP 220 0.5812 0.627476 0.446404 0.156485 0.387793 0.000109511
AC 220 4.99283 4.99283 4.99224
OP 221 0.601324 0.613768 0.447649 0.159959 0.389945 0.000109347
AC 221 5.70359 5.70359 5.70302
OP 222 0.579435 0.62985 0.444914 0.153646 0.389864 0.000109704
AC 222 5.50696 5.50696 5.50636
OP 223 0.606273 0.630476 0.44913 0.169772 0.386698 0.000107558
AC 223 7.85522 7.85522 7.85455
OP 224 0.585515 0.631759 0.444851 0.164353 0.388873 0.000110556
AC 224 7.19618 7.19618 7.19558
OP 225 0.580971 0.634148 0.449046 0.155895 0.386742 0.000107644
AC 225 6.89976 6.89976 6.89906
OP 226 0.584782 0.641933 0.458509 0.161643 0.381355 0.000101216
AC 226 7.46651 7.46651 7.46568
OP 227 0.586173 0.635712 0.438695 0.155568 0.392394 0.000113599
AC 227 7.59677 7.59677 7.5961
OP 228 0.581777 0.621789 0.430099 0.151307 0.397471 0.000119653
AC 228 6.25663 6.25663 6.25608
OP 229 0.594768 0.638932 0.450366 0.168255 0.386879 0.000106804
AC 229 8.52807 8.52807 8.52735
OP 230 0.579647 0.627541 0.449526 0.157693 0.38962 0.000107734
AC 230 6.5015 6.5015 6.50089
OP 231 0.575033 0.639737 0.450035 0.153859 0.386951 0.000106846
AC 231 7.6528 7.6528 7.65211
OP 232 0.592076 0.628304 0.440966 0.1577 0.388627 0.000112735
AC 232 7.41704 7.41704 7.41641
OP 233 0.581656 0.61057 0.438075 0.148869 0.395202 0.000115776
AC 233 3.37667 3.37667 3.37619
OP 234 0.586609 0.625659 0.4479 0.157123 0.387182 0.00010853
AC 234 5.94843 5.94843 5.94781
OP 235 0.577738 0.63128 0.44073 0.15102 0.389898 0.000112645
AC 235 7.28886 7.28886 7.2882
OP 236 0.584065 0.627592 0.441297 0.157829 0.39048 0.000112755
AC 236 6.834 6.834 6.83343
OP 237 0.590416 0.614566 0.439915 0.157049 0.393024 0.000114001
AC 237 5.65093 5.65093 5.6504
OP 238 0.567253 0.623381 0.447639 0.149948 0.390304 0.000109069
AC 238 4.14638 4.14638 4.14577
OP 239 0.584716 0.636882 0.453781 0.155256 0.385193 0.000104876
AC 239 7.52351 7.52351 7.52277
OP 240 0.586228 0.6294 0.447049 0.1596 0.38759 0.000108838
AC 240 7.42088 7.42088 7.42022
OP 241 0.577266 0.629847 0.459328 0.151138 0.384899 0.00010227
AC 241 5.04173 5.04173 5.04105
OP 242 0.595891 0.628527 0.44458 0.161774 0.388142 0.000110455
AC 242 7.275 7.275 7.27438
OP 243 0.584486 0.610216 0.446702 0.148989 0.390303 0.000110353
AC 243 3.66355 3.66355 3.66301
OP 244 0.587017 0.628094 0.445204 0.163184 0.38654 0.000110093
AC 244 7.13417 7.13417 7.13352
OP 245 0.580903 0.625681 0.45156 0.157316 0.388112 0.000106876
AC 245 6.02635 6.02635 6.02572
OP 246 0.585913 0.628446 0.450359 0.161961 0.386179 0.000107198
AC 246 6.04847 6.04847 6.04786
OP 247 0.568018 0.630472 0.443587 0.154885 0.389364 0.00011028
AC 247 7.28802 7.28802 7.28737
OP 248 0.598276 0.616144 0.445855 0.158239 0.392001 0.000110463
AC 248 5.38866 5.38866 5.38809
OP 249 0.578334 0.622483 0.439776 0.146779 0.395432 0.000114143
AC 249 5.85245 5.85245 5.85187
OP 250 0.57911 0.640685 0.450787 0.160341 0.387749 0.000106322
AC 250 7.78759 7.78759 7.7869
OP 251 0.589324 0.610048 0.43757 0.151713 0.392324 0.00011552
AC 251 5.60503 5.60503 5.60453
OP 252 0.593203 0.637349 0.460604 0.158486 0.383011 0.000100912
AC 252 7.74167 7.74167 7.74089
OP 253 0.59115 0.641625 0.459205 0.156595 0.381864 0.000101507
AC 253 7.73512 7.73512 7.7343
OP 254 0.57463 0.626556 0.443999 0.151799 0.389675 0.000111561
AC 254 5.01417 5.01417 5.0136
OP 255 0.593895 0.622858 0.43441 0.158183 0.395741 0.000117356
AC 255 7.83488 7.83488 7.83434
OP 256 0.56779 0.628241 0.44109 0.152036 0.392285 0.000112366
AC 256 6.76119 6.76119 6.76054
OP 257 0.562531 0.622223 0.452173 0.146208 0.387707 0.000106366
AC 257 4.37015 4.37015 4.36952
OP 258 0.576812 0.613986 0.443821 0.150682 0.392016 0.000111926
AC 258 4.43941 4.43941 4.4389
OP 259 0.576248 0.635658 0.445178 0.148561 0.391618 0.000110282
AC 259 6.13988 6.13988 6.13917
OP 260 0.591026 0.627996 0.452497 0.160199 0.386765 0.000106069
AC 260 6.14618 6.14618 6.14552
OP 261 0.601799 0.625244 0.440773 0.16168 0.392938 0.000113159
AC 261 6.8585 6.8585 6.85792
OP 262 0.591398 0.637719 0.460588 0.162795 0.382105 0.000100662
AC 262 7.75305 7.75305 7.75226
OP 263 0.593205 0.622076 0.436172 0.15778 0.394229 0.000116158
AC 263 6.84654 6.84654 6.84598
OP 264 0.595441 0.617477 0.433224 0.162258 0.394156 0.000118096
AC 264 6.64215 6.64215 6.64165
OP 265 0.607022 0.620507 0.444241 0.161425 0.388852 0.000111201
AC 265 6.3344 6.3344 6.33381
OP 266 0.58994 0.634117 0.441305 0.157256 0.388405 0.000112372
AC 266 7.52868 7.52868 7.52802
OP 267 0.585559 0.622589 0.440654 0.155632 0.394057 0.00011312
AC 267 6.51941 6.51941 6.51881
OP 268 0.572192 0.633535 0.441229 0.152445 0.38991 0.000112374
AC 268 8.02652 8.02652 8.02589
OP 269 0.582808 0.632329 0.4466 0.157567 0.387247 0.000109201
AC 269 7.48012 7.48012 7.47943
OP 270 0.580502 0.609256 0.441805 0.149018 0.392566 0.000113597
AC 270 4.03248 4.03248 4.03195
OP 271 0.585237 0.626431 0.440767 0.153572 0.391771 0.000113212
AC 271 5.60931 5.60931 5.60873
OP 272 0.569982 0.635541 0.452969 0.151769 0.388421 0.000105727
AC 272 5.78364 5.78364 5.78298
OP 273 0.576613 0.645293 0.455371 0.156881 0.380435 0.0001029
AC 273 7.51705 7.51705 7.51624
OP 274 0.596242 0.625902 0.448111 0.160027 0.388065 0.000107828
AC 274 7.04906 7.04906 7.04842
OP 275 0.59732 0.625709 0.446711 0.164942 0.390777 0.000109384
AC 275 7.31953 7.31953 7.31892
OP 276 0.59907 0.632889 0.448298 0.161134 0.385445 0.000107595
AC 276 7.90156 7.90156 7.90084
OP 277 0.582088 0.639256 0.450209 0.154917 0.385528 0.000106138
AC 277 7.42199 7.42199 7.42121
OP 278 0.577184 0.631494 0.438292 0.154622 0.392161 0.000114127
AC 278 6.87451 6.87451 6.87387
OP 279 0.595903 0.609456 0.442445 0.1634 0.391194 0.000112784
AC 279 6.06731 6.06731 6.0668
OP 280 0.590205 0.628007 0.443285 0.164866 0.387581 0.000111094
AC 280 7.32644 7.32644 7.32582
OP 281 0.585205 0.629286 0.44417 0.155613 0.390396 0.000110287
AC 281 7.03196 7.03196 7.03131
OP 282 0.571917 0.640275 0.458421 0.155924 0.384215 0.00010222
AC 282 7.68149 7.68149 7.68067
OP 283 0.585097 0.623516 0.450749 0.15785 0.387572 0.000107211
AC 283 6.1696 6.1696 6.16902
OP 284 0.585255 0.62213 0.439951 0.158454 0.391701 0.000113389
AC 284 6.70611 6.70611 6.70555
OP 285 0.588365 0.624093 0.441776 0.153226 0.392585 0.000112725
AC 285 5.91493 5.91493 5.91436
OP 286 0.589992 0.636346 0.454455 0.161462 0.386948 0.000104342
AC 286 7.51736 7.51736 7.51667
OP 287 0.587873 0.618499 0.438927 0.149777 0.392076 0.00011457
AC 287 5.56986 5.56986 5.56931
OP 288 0.583336 0.604027 0.434555 0.152347 0.392289 0.000118013
AC 288 5.0429 5.0429 5.04241
OP 289 0.57548 0.624078 0.449976 0.156089 0.387553 0.000107359
AC 289 5.3473 5.3473 5.34669
OP 290 0.596059 0.633585 0.447082 0.159619 0.386899 0.000108686
AC 290 8.05577 8.05577 8.05508
OP 291 0.569219 0.636649 0.45225 0.153653 0.38739 0.000105741
AC 291 6.98027 6.98027 6.97955
OP 292 0.587226 0.62265 0.440908 0.15244 0.390919 0.000113327
AC 292 6.81241 6.81241 6.81183
OP 293 0.590148 0.621676 0.44574 0.155969 0.389039 0.000110036
AC 293 5.88708 5.88708 5.8865
OP 294 0.605756 0.619728 0.439327 0.161402 0.392374 0.000113689
AC 294 6.42674 6.42674 6.42618
OP 295 0.580497 0.616962 0.43804 0.149174 0.393872 0.000114863
AC 295 5.96 5.96 5.95943
OP 296 0.596549 0.643745 0.457123 0.164972 0.381011 0.000102126
AC 296 7.56696 7.56696 7.56617
OP 297 0.590914 0.638982 0.457316 0.166242 0.383006 0.000102627
AC 297 8.14261 8.14261 8.14183
OP 298 0.596266 0.625442 0.438184 0.161897 0.393961 0.000114539
AC 298 7.14858 7.14858 7.14797
OP 299 0.584417 0.606767 0.435047 0.147915 0.395706 0.000117271
AC 299 4.1356 4.1356 4.13512
