OP 0 0.643088 0.742403 0.560247 0.286523 0.32456 0.000109483
AC 0 9.04155 9.04155 9.04104
OP 1 0.645494 0.728718 0.562932 0.294585 0.322791 0.000108565
AC 1 8.61098 8.61098 8.61048
OP 2 0.655808 0.728345 0.566189 0.285224 0.320701 0.000106968
AC 2 8.68963 8.68963 8.68911
OP 3 0.634945 0.744445 0.574921 0.295291 0.31819 0.00010214
AC 3 7.78558 7.78558 7.78503
OP 4 0.653386 0.721128 0.558486 0.294921 0.326065 0.000111788
AC 4 7.94986 7.94986 7.94942
OP 5 0.650268 0.728876 0.567524 0.294414 0.324048 0.000106517
AC 5 7.18279 7.18279 7.18229
OP 6 0.657183 0.723465 0.569381 0.294433 0.32424 0.00010601
AC 6 7.49449 7.49449 7.49401
OP 7 0.647482 0.725459 0.563052 0.288819 0.325301 0.000108898
AC 7 8.42577 8.42577 8.42528
OP 8 0.637467 0.735202 0.572947 0.293264 0.318549 0.000103393
AC 8 8.6665 8.6665 8.66595
OP 9 0.643187 0.738058 0.568304 0.287343 0.320489 0.000105369
AC 9 8.72419 8.72419 8.72365
OP 10 0.625813 0.723326 0.566126 0.279319 0.324957 0.000107426
AC 10 6.46098 6.46098 6.46048
OP 11 0.656147 0.728128 0.563458 0.293992 0.325028 0.000108158
AC 11 7.7912 7.7912 7.79067
OP 12 0.631015 0.729083 0.567274 0.289301 0.321494 0.000106763
AC 12 7.93702 7.93702 7.93653
OP 13 0.631809 0.745378 0.569909 0.29751 0.318379 0.000104108
AC 13 9.17711 9.17711 9.17652
OP 14 0.649486 0.747149 0.577277 0.30392 0.318128 0.000100683
AC 14 8.47001 8.47001 8.46941
OP 15 0.649759 0.724808 0.564756 0.294299 0.32514 0.000108264
AC 15 8.61582 8.61582 8.61535
OP 16 0.636536 0.72606 0.568776 0.286109 0.321862 0.000106528
AC 16 6.88727 6.88727 6.88677
OP 17 0.642842 0.737274 0.565491 0.289966 0.322923 0.000106788
AC 17 8.29121 8.29121 8.29062
OP 18 0.629633 0.728657 0.569236 0.289213 0.322536 0.00010596
AC 18 7.35948 7.35948 7.35897
OP 19 0.637525 0.740912 0.573359 0.293819 0.317741 0.000103002
AC 19 8.22091 8.22091 8.22035
OP 20 0.638277 0.737721 0.57028 0.293708 0.320277 0.000104663
AC 20 8.56471 8.56471 8.56414
OP 21 0.651669 0.741746 0.569756 0.299232 0.320051 0.000105111
AC 21 9.25133 9.25133 9.25076
OP 22 0.628444 0.74474 0.581464 0.303166 0.314158 9.93818E-05
AC 22 8.64772 8.64772 8.64714
OP 23 0.639967 0.730048 0.561033 0.289982 0.322912 0.000109354
AC 23 8.91429 8.91429 8.91379
OP 24 0.649659 0.73826 0.574057 0.302628 0.316249 0.000102292
AC 24 9.21722 9.21722 9.21663
OP 25 0.637519 0.739111 0.564259 0.297047 0.324299 0.000107631
AC 25 8.51103 8.51103 8.5105
OP 26 0.639646 0.725353 0.568791 0.285924 0.322318 0.000105835
AC 26 8.47743 8.47743 8.4769
OP 27 0.63786 0.743685 0.568698 0.289556 0.320502 0.000105524
AC 27 8.71205 8.71205 8.71147
OP 28 0.643407 0.734583 0.572463 0.292689 0.317227 0.000103628
AC 28 8.57147 8.57147 8.57092
OP 29 0.635217 0.734918 0.566116 0.297005 0.321008 0.000106705
AC 29 8.31963 8.31963 8.31908
OP 30 0.654044 0.744548 0.57495 0.302457 0.317786 0.000101536
AC 30 9.42468 9.42468 9.42408
OP 31 0.631174 0.746997 0.575626 0.294976 0.316863 0.000101615
AC 31 8.46383 8.46383 8.46326
OP 32 0.632359 0.728823 0.565239 0.283184 0.322423 0.000107725
AC 32 7.18031 7.18031 7.17981
OP 33 0.647272 0.733103 0.575228 0.29977 0.31994 0.000102363
AC 33 8.07716 8.07716 8.07661
OP 34 0.642949 0.725718 0.560396 0.282745 0.325772 0.000110563
AC 34 7.87474 7.87474 7.87427
OP 35 0.647743 0.718881 0.564067 0.290491 0.326458 0.000108731
AC 35 8.02783 8.02783 8.02736
OP 36 0.65267 0.723592 0.560745 0.296464 0.325856 0.000110189
AC 36 8.0819 8.0819 8.08143
OP 37 0.636485 0.732813 0.56892 0.29392 0.321528 0.000105614
AC 37 7.81042 7.81042 7.8099
OP 38 0.636293 0.737686 0.575467 0.290704 0.318068 0.000102412
AC 38 8.03741 8.03741 8.03685
OP 39 0.654158 0.728505 0.571283 0.295821 0.319324 0.000104812
AC 39 7.8215 7.8215 7.821
OP 40 0.638473 0.726474 0.563075 0.293052 0.325077 0.000108406
AC 40 8.48421 8.48421 8.48372
OP 41 0.636998 0.731938 0.578558 0.28771 0.31545 0.000100856
AC 41 8.14362 8.14362 8.14305
OP 42 0.631027 0.735009 0.584765 0.291938 0.314639 9.7998E-05
AC 42 6.82678 6.82678 6.82621
OP 43 0.655223 0.737207 0.56879 0.298398 0.320206 0.000105355
AC 43 8.94651 8.94651 8.94598
OP 44 0.641025 0.739781 0.571004 0.286387 0.320132 0.000104289
AC 44 7.90282 7.90282 7.90228
OP 45 0.651373 0.742958 0.581391 0.294164 0.314959 9.87702E-05
AC 45 8.78628 8.78628 8.78561
OP 46 0.657932 0.736563 0.571828 0.299175 0.320462 0.000103957
AC 46 8.17622 8.17622 8.17569
OP 47 0.64314 0.724652 0.570324 0.287813 0.321106 0.000105518
AC 47 7.89813 7.89813 7.89763
OP 48 0.656101 0.728157 0.569076 0.297623 0.319679 0.000105804
AC 48 7.9786 7.9786 7.97812
OP 49 0.630914 0.726316 0.569052 0.286616 0.321763 0.000105931
AC 49 6.77796 6.77796 6.77745
OP 50 0.656255 0.73509 0.565158 0.297067 0.322914 0.000106954
AC 50 9.2072 9.2072 9.20666
OP 51 0.650571 0.735992 0.566866 0.293625 0.322125 0.000106504
AC 51 8.66389 8.66389 8.66334
OP 52 0.637918 0.72039 0.560755 0.292766 0.32517 0.000109904
AC 52 7.84922 7.84922 7.84877
OP 53 0.626406 0.754339 0.574842 0.295637 0.317279 0.000101585
AC 53 8.57438 8.57438 8.57373
OP 54 0.644239 0.736763 0.567107 0.292242 0.323522 0.00010667
AC 54 8.55799 8.55799 8.55745
OP 55 0.642327 0.734403 0.562556 0.295244 0.324202 0.000108543
AC 55 8.31029 8.31029 8.30976
OP 56 0.634542 0.730531 0.570689 0.281519 0.322201 0.000104829
AC 56 6.95456 6.95456 6.95403
OP 57 0.641962 0.723885 0.567109 0.291248 0.323242 0.000106935
AC 57 7.1955 7.1955 7.19503
OP 58 0.636092 0.728484 0.575171 0.286967 0.319619 0.000102936
AC 58 7.39352 7.39352 7.39302
OP 59 0.65605 0.738391 0.578363 0.301301 0.316124 0.000100634
AC 59 8.96 8.96 8.95941
OP 60 0.65176 0.739928 0.566184 0.300368 0.321929 0.000106623
AC 60 9.44094 9.44094 9.44041
OP 61 0.649105 0.736289 0.570983 0.299969 0.320974 0.000104482
AC 61 7.40567 7.40567 7.40511
OP 62 0.632984 0.734561 0.576883 0.28944 0.318905 0.0001017
AC 62 7.67341 7.67341 7.67284
OP 63 0.644498 0.735818 0.571059 0.292077 0.321326 0.000104649
AC 63 8.17492 8.17492 8.17437
OP 64 0.641695 0.729329 0.563922 0.294228 0.323726 0.00010851
AC 64 8.33833 8.33833 8.33784
OP 65 0.645636 0.751536 0.579602 0.294141 0.316452 9.9395E-05
AC 65 9.16317 9.16317 9.16252
OP 66 0.628806 0.739462 0.572206 0.292461 0.317478 0.000103324
AC 66 8.00815 8.00815 8.00755
OP 67 0.641744 0.730727 0.56295 0.298685 0.322592 0.000108573
AC 67 8.64721 8.64721 8.6467
OP 68 0.633049 0.7309 0.563449 0.287038 0.325658 0.000108187
AC 68 7.31951 7.31951 7.31904
OP 69 0.636648 0.727809 0.562004 0.286715 0.324136 0.000109361
AC 69 8.1105 8.1105 8.11003
OP 70 0.648914 0.72581 0.56107 0.287634 0.324287 0.000110007
AC 70 7.97858 7.97858 7.97809
OP 71 0.646614 0.725197 0.567539 0.289255 0.323309 0.000106517
AC 71 6.60978 6.60978 6.60927
OP 72 0.626865 0.741326 0.573652 0.292594 0.317739 0.00010286
AC 72 8.40147 8.40147 8.40089
OP 73 0.646917 0.729647 0.566611 0.288616 0.323781 0.000106785
AC 73 8.14095 8.14095 8.14043
OP 74 0.647432 0.738633 0.571041 0.288613 0.320868 0.000104515
AC 74 7.95712 7.95712 7.95654
OP 75 0.631394 0.732898 0.574009 0.283293 0.319391 0.000103262
AC 75 7.82463 7.82463 7.82408
OP 76 0.648885 0.736767 0.578167 0.295504 0.315223 0.000100799
AC 76 7.59091 7.59091 7.59032
OP 77 0.621356 0.738123 0.578666 0.290588 0.317169 0.000100535
AC 77 7.81139 7.81139 7.81079
OP 78 0.647509 0.722838 0.561766 0.290433 0.322418 0.000109528
AC 78 7.14646 7.14646 7.14601
OP 79 0.644588 0.73109 0.571444 0.288619 0.320206 0.000104158
AC 79 7.75432 7.75432 7.75376
OP 80 0.654543 0.731334 0.575919 0.296327 0.317186 0.000102184
AC 80 7.44839 7.44839 7.44786
OP 81 0.656682 0.718199 0.559173 0.29684 0.327444 0.000111249
AC 81 7.68025 7.68025 7.67982
OP 82 0.636583 0.724816 0.571814 0.291066 0.321242 0.000104928
AC 82 6.70379 6.70379 6.70328
OP 83 0.651664 0.729162 0.55854 0.286904 0.326618 0.000111112
AC 83 8.78239 8.78239 8.7819
OP 84 0.637001 0.747135 0.58071 0.289481 0.314909 9.92805E-05
AC 84 9.25615 9.25615 9.25547
OP 85 0.645439 0.719805 0.565357 0.289041 0.323209 0.000108373
AC 85 7.4485 7.4485 7.44803
OP 86 0.638192 0.731965 0.56849 0.294442 0.321242 0.000106005
AC 86 7.30459 7.30459 7.30408
OP 87 0.636083 0.742234 0.566462 0.292347 0.322918 0.000106543
AC 87 9.18827 9.18827 9.18769
OP 88 0.648653 0.720185 0.561529 0.292876 0.326554 0.000109627
AC 88 7.43465 7.43465 7.43418
OP 89 0.645278 0.73135 0.574477 0.289913 0.320341 0.000102946
AC 89 8.08256 8.08256 8.08201
OP 90 0.641355 0.735651 0.566724 0.286896 0.324092 0.000106672
AC 90 8.58674 8.58674 8.58621
OP 91 0.647692 0.735245 0.573769 0.293761 0.320785 0.000103432
AC 91 8.24364 8.24364 8.24312
OP 92 0.634208 0.732839 0.56711 0.289116 0.322902 0.00010674
AC 92 8.09231 8.09231 8.09179
OP 93 0.656382 0.731489 0.563692 0.291394 0.324419 0.000108458
AC 93 8.65381 8.65381 8.65331
OP 94 0.651597 0.724738 0.565314 0.293208 0.323326 0.000107582
AC 94 8.71398 8.71398 8.71351
OP 95 0.647298 0.734155 0.570818 0.294787 0.321982 0.000104624
AC 95 8.35202 8.35202 8.35147
OP 96 0.657874 0.725773 0.569617 0.300574 0.31962 0.000105717
AC 96 7.97608 7.97608 7.97558
OP 97 0.647745 0.73964 0.57078 0.298199 0.320686 0.00010401
AC 97 9.1594 9.1594 9.15883
OP 98 0.637287 0.731126 0.571051 0.290785 0.319807 0.000104787
AC 98 7.92959 7.92959 7.92908
OP 99 0.632368 0.716282 0.558071 0.286398 0.325284 0.000112214
AC 99 6.39608 6.39608 6.39565
OP 100 0.634417 0.734292 0.567849 0.28524 0.324332 0.000106501
AC 100 8.15674 8.15674 8.15621
OP 101 0.637175 0.73402 0.567836 0.291861 0.321482 0.000106083
AC 101 8.02574 8.02574 8.02522
OP 102 0.645163 0.735081 0.569401 0.296203 0.322554 0.000105611
AC 102 8.74779 8.74779 8.74726
OP 103 0.639499 0.739269 0.570669 0.290636 0.318003 0.000104458
AC 103 8.42125 8.42125 8.42069
OP 104 0.652402 0.725224 0.563948 0.29461 0.323007 0.000108557
AC 104 7.93836 7.93836 7.93788
OP 105 0.63749 0.738816 0.566351 0.285009 0.322675 0.000106485
AC 105 8.57038 8.57038 8.56984
OP 106 0.634069 0.727243 0.567361 0.284438 0.320905 0.000106011
AC 106 7.51362 7.51362 7.51312
OP 107 0.627786 0.73187 0.570103 0.295614 0.323037 0.000105543
AC 107 7.13599 7.13599 7.13548
OP 108 0.650754 0.733727 0.570197 0.292062 0.32171 0.000105255
AC 108 8.28273 8.28273 8.2822
OP 109 0.646279 0.734796 0.568135 0.295184 0.320469 0.000105866
AC 109 7.85914 7.85914 7.85862
OP 110 0.658227 0.740325 0.570309 0.300562 0.319946 0.000104349
AC 110 9.64758 9.64758 9.64702
OP 111 0.646965 0.723449 0.562958 0.285142 0.325071 0.000109211
AC 111 8.2043 8.2043 8.20382
OP 112 0.649981 0.737808 0.573465 0.30147 0.318571 0.000102863
AC 112 8.09684 8.09684 8.09631
OP 113 0.633428 0.732595 0.565878 0.286854 0.3227 0.000107291
AC 113 7.92227 7.92227 7.92177
OP 114 0.63229 0.729098 0.572824 0.27383 0.320751 0.000104092
AC 114 6.67399 6.67399 6.67346
OP 115 0.658826 0.72001 0.563781 0.291617 0.325984 0.000108327
AC 115 7.64662 7.64662 7.64613
OP 116 0.641677 0.723083 0.565202 0.283002 0.32278 0.000107717
AC 116 7.31513 7.31513 7.31466
OP 117 0.665243 0.74427 0.583096 0.299677 0.312132 9.81189E-05
AC 117 8.66353 8.66353 8.6629
OP 118 0.671128 0.738788 0.562779 0.307576 0.319905 0.000108062
AC 118 9.78089 9.78089 9.78036
OP 119 0.637337 0.738591 0.567565 0.293863 0.320008 0.00010584
AC 119 8.20867 8.20867 8.20811
OP 120 0.628008 0.745177 0.577357 0.299985 0.31744 0.000100847
AC 120 8.46949 8.46949 8.46889
OP 121 0.624143 0.736315 0.564454 0.286349 0.323862 0.00010776
AC 121 8.40134 8.40134 8.40081
OP 122 0.645309 0.729825 0.573675 0.293075 0.321128 0.000104296
AC 122 7.95685 7.95685 7.95632
OP 123 0.63547 0.729574 0.568225 0.291903 0.322534 0.000106255
AC 123 8.01397 8.01397 8.01344
OP 124 0.637812 0.728286 0.57448 0.283817 0.319582 0.000103603
AC 124 7.64886 7.64886 7.64836
OP 125 0.645337 0.732565 0.570116 0.294462 0.322763 0.000104591
AC 125 8.23352 8.23352 8.23298
OP 126 0.645004 0.743995 0.575473 0.297501 0.319612 0.000101694
AC 126 8.35237 8.35237 8.35178
OP 127 0.633191 0.740558 0.572033 0.297221 0.318748 0.000103533
AC 127 7.93625 7.93625 7.93569
OP 128 0.645401 0.720284 0.563379 0.291298 0.325584 0.000109033
AC 128 8.04491 8.04491 8.04445
OP 129 0.652384 0.737441 0.571318 0.293968 0.320665 0.000104103
AC 129 8.3962 8.3962 8.39563
OP 130 0.637236 0.743249 0.579082 0.299948 0.316767 0.000100059
AC 130 7.68622 7.68622 7.68562
OP 131 0.631356 0.735453 0.572185 0.286879 0.319778 0.000103412
AC 131 7.05681 7.05681 7.05625
OP 132 0.62892 0.722574 0.557967 0.28339 0.32553 0.00011176
AC 132 5.72587 5.72587 5.72543
OP 133 0.633995 0.723843 0.568558 0.284702 0.323857 0.000106605
AC 133 7.21321 7.21321 7.21273
OP 134 0.637467 0.717137 0.566578 0.2873 0.323443 0.000108165
AC 134 6.68169 6.68169 6.68123
OP 135 0.64461 0.723827 0.561882 0.290509 0.323227 0.000109287
AC 135 7.84319 7.84319 7.8427
OP 136 0.643731 0.730873 0.567996 0.298085 0.320307 0.000106661
AC 136 7.87601 7.87601 7.87553
OP 137 0.631102 0.734067 0.563759 0.282427 0.322504 0.000108324
AC 137 8.09089 8.09089 8.09039
OP 138 0.643837 0.744777 0.570039 0.293081 0.317651 0.00010445
AC 138 9.22821 9.22821 9.22758
OP 139 0.65755 0.739226 0.571704 0.298298 0.318127 0.000103944
AC 139 9.27468 9.27468 9.27409
OP 140 0.637492 0.730151 0.564992 0.289123 0.324221 0.000107684
AC 140 7.80984 7.80984 7.80934
OP 141 0.638985 0.722023 0.56857 0.281765 0.322154 0.00010663
AC 141 6.62863 6.62863 6.62815
OP 142 0.633634 0.723782 0.569363 0.292566 0.320676 0.000106037
AC 142 7.13158 7.13158 7.13109
OP 143 0.656432 0.726762 0.564883 0.295145 0.322575 0.000107555
AC 143 8.25097 8.25097 8.25048
OP 144 0.651792 0.728271 0.566686 0.29803 0.323143 0.000106975
AC 144 8.28689 8.28689 8.28639
OP 145 0.652468 0.726739 0.569382 0.297029 0.32037 0.000105742
AC 145 7.21221 7.21221 7.21169
OP 146 0.647144 0.729291 0.56995 0.289867 0.321574 0.000105048
AC 146 8.44919 8.44919 8.44869
OP 147 0.64988 0.72716 0.57736 0.285632 0.317842 0.000102406
AC 147 7.20899 7.20899 7.20848
OP 148 0.645359 0.742422 0.569653 0.290819 0.31907 0.000104854
AC 148 9.10807 9.10807 9.10748
OP 149 0.63915 0.728706 0.565942 0.287457 0.323488 0.000107652
AC 149 7.79457 7.79457 7.79407
OP 150 0.632167 0.725012 0.561581 0.291493 0.329018 0.000109943
AC 150 8.0206 8.0206 8.02011
OP 151 0.656765 0.730551 0.560884 0.304168 0.327266 0.000109575
AC 151 8.60257 8.60257 8.60208
OP 152 0.622428 0.722398 0.569272 0.275537 0.321594 0.000106435
AC 152 5.58741 5.58741 5.58693
OP 153 0.619089 0.737941 0.574331 0.281986 0.317539 0.000102486
AC 153 7.41029 7.41029 7.40971
OP 154 0.643368 0.733496 0.566436 0.294147 0.322666 0.000106882
AC 154 8.5991 8.5991 8.5986
OP 155 0.654909 0.728548 0.569069 0.298717 0.321089 0.000105878
AC 155 7.66299 7.66299 7.6625
OP 156 0.638811 0.733759 0.561808 0.293668 0.325393 0.000109157
AC 156 8.266 8.266 8.26549
OP 157 0.634673 0.722004 0.569294 0.285743 0.321952 0.000105852
AC 157 7.07702 7.07702 7.07655
OP 158 0.652022 0.719905 0.561093 0.295419 0.326907 0.00010997
AC 158 7.45677 7.45677 7.45632
OP 159 0.647369 0.742911 0.561371 0.291849 0.323157 0.000108646
AC 159 9.66285 9.66285 9.6623
OP 160 0.643111 0.737494 0.573033 0.293158 0.316577 0.000103231
AC 160 7.90248 7.90248 7.90195
OP 161 0.664263 0.731841 0.565779 0.298745 0.325211 0.000107363
AC 161 9.41899 9.41899 9.41849
OP 162 0.651914 0.72693 0.561417 0.298089 0.325154 0.000109321
AC 162 8.15776 8.15776 8.15728
OP 163 0.642213 0.726571 0.567453 0.293843 0.323641 0.000106308
AC 163 7.72912 7.72912 7.72862
OP 164 0.642234 0.736306 0.569999 0.292385 0.320642 0.000104813
AC 164 8.11605 8.11605 8.1155
OP 165 0.632253 0.724274 0.569215 0.285376 0.319629 0.000106047
AC 165 6.70458 6.70458 6.70409
OP 166 0.638288 0.73597 0.572344 0.287462 0.316866 0.00010374
AC 166 7.35932 7.35932 7.35876
OP 167 0.6624 0.738037 0.575557 0.297387 0.31844 0.000101945
AC 167 8.30796 8.30796 8.30737
OP 168 0.651056 0.738347 0.566338 0.296407 0.322865 0.000106571
AC 168 9.50364 9.50364 9.5031
OP 169 0.644808 0.732567 0.562848 0.297221 0.32596 0.000108807
AC 169 8.68443 8.68443 8.68394
OP 170 0.651179 0.726305 0.559675 0.291681 0.326263 0.000111156
AC 170 8.58482 8.58482 8.58434
OP 171 0.643921 0.740746 0.571329 0.295891 0.320418 0.000104011
AC 171 8.34654 8.34654 8.34596
OP 172 0.629484 0.740719 0.573691 0.29204 0.316146 0.000102724
AC 172 8.44093 8.44093 8.44033
OP 173 0.637392 0.736322 0.572915 0.287971 0.320691 0.000103366
AC 173 8.42927 8.42927 8.42871
OP 174 0.63838 0.738468 0.575062 0.283389 0.319548 0.000102441
AC 174 7.65118 7.65118 7.65059
OP 175 0.641437 0.73811 0.567817 0.298778 0.322753 0.000105716
AC 175 8.68319 8.68319 8.68265
OP 176 0.639586 0.735385 0.57044 0.293203 0.31908 0.000104481
AC 176 8.41497 8.41497 8.41444
OP 177 0.667252 0.723663 0.563022 0.293611 0.323435 0.000108617
AC 177 9.08812 9.08812 9.08762
OP 178 0.638024 0.731872 0.572704 0.292803 0.320508 0.000103847
AC 178 8.23194 8.23194 8.23139
OP 179 0.650263 0.738861 0.570157 0.296161 0.321395 0.000104602
AC 179 8.82234 8.82234 8.82176
OP 180 0.645032 0.73212 0.562724 0.288645 0.324621 0.000108469
AC 180 8.41965 8.41965 8.41914
OP 181 0.643749 0.725984 0.567615 0.286808 0.322305 0.000106615
AC 181 7.65653 7.65653 7.65602
OP 182 0.641143 0.726915 0.575696 0.283497 0.318206 0.00010263
AC 182 7.54013 7.54013 7.5396
OP 183 0.655287 0.724514 0.56751 0.291129 0.32126 0.000106886
AC 183 7.54426 7.54426 7.54378
OP 184 0.650859 0.728208 0.564659 0.293685 0.323155 0.000107913
AC 184 7.85583 7.85583 7.85534
OP 185 0.645057 0.730864 0.571858 0.289562 0.319877 0.000104438
AC 185 7.68006 7.68006 7.67953
OP 186 0.633241 0.738986 0.568816 0.291671 0.319409 0.000105308
AC 186 8.36397 8.36397 8.3634
OP 187 0.644898 0.750731 0.565176 0.299674 0.322662 0.000106624
AC 187 9.36773 9.36773 9.36715
OP 188 0.645479 0.742105 0.568983 0.296943 0.319935 0.000105139
AC 188 8.79663 8.79663 8.7961
OP 189 0.643874 0.722749 0.555076 0.281358 0.329492 0.000113018
AC 189 8.18335 8.18335 8.18287
OP 190 0.63314 0.736039 0.572159 0.295232 0.317863 0.000103681
AC 190 7.54787 7.54787 7.54732
OP 191 0.630407 0.731589 0.566531 0.287944 0.325007 0.000106739
AC 191 7.80606 7.80606 7.80556
OP 192 0.654426 0.724524 0.56377 0.29768 0.324689 0.000108921
AC 192 7.68766 7.68766 7.68716
OP 193 0.646628 0.746141 0.569387 0.299548 0.320252 0.000104625
AC 193 8.71675 8.71675 8.71616
OP 194 0.641935 0.732911 0.571465 0.290572 0.31921 0.000104515
AC 194 7.99388 7.99388 7.99332
OP 195 0.65546 0.732186 0.571155 0.289321 0.320392 0.000104315
AC 195 8.71959 8.71959 8.71904
OP 196 0.643504 0.737983 0.577732 0.299942 0.316504 0.000101093
AC 196 8.02228 8.02228 8.0217
OP 197 0.63496 0.734926 0.567914 0.29053 0.323191 0.000106057
AC 197 8.20022 8.20022 8.19964
OP 198 0.65263 0.730512 0.573085 0.294649 0.318814 0.000103831
AC 198 7.58114 7.58114 7.58059
OP 199 0.648624 0.733785 0.564614 0.295474 0.323257 0.000107723
AC 199 8.71621 8.71621 8.71569
OP 200 0.632831 0.743101 0.571223 0.289831 0.320607 0.000104058
AC 200 8.18161 8.18161 8.18104
OP 201 0.633218 0.72373 0.566146 0.287384 0.324037 0.00010769
AC 201 7.43645 7.43645 7.43597
OP 202 0.630753 0.722104 0.562163 0.280732 0.323655 0.000109692
AC 202 7.11849 7.11849 7.11802
OP 203 0.642975 0.73091 0.571874 0.289566 0.322055 0.000104164
AC 203 7.83349 7.83349 7.83293
OP 204 0.643721 0.732878 0.574197 0.294233 0.31749 0.000102503
AC 204 7.99337 7.99337 7.99279
OP 205 0.640474 0.740935 0.577106 0.296515 0.317225 0.000101322
AC 205 8.1854 8.1854 8.18479
OP 206 0.652047 0.730434 0.561597 0.294431 0.323458 0.000109127
AC 206 8.9969 8.9969 8.9964
OP 207 0.637394 0.744377 0.568327 0.288012 0.322261 0.00010556
AC 207 7.74545 7.74545 7.74484
OP 208 0.63138 0.724679 0.570777 0.279418 0.319531 0.000105343
AC 208 7.24006 7.24006 7.23953
OP 209 0.646897 0.721931 0.56332 0.296747 0.323775 0.000108929
AC 209 7.88547 7.88547 7.88498
OP 210 0.642583 0.740826 0.566447 0.291818 0.320314 0.000106072
AC 210 9.2778 9.2778 9.27725
OP 211 0.649556 0.72901 0.564067 0.293483 0.322746 0.000108231
AC 211 8.45525 8.45525 8.45474
OP 212 0.619433 0.717541 0.560517 0.281719 0.326983 0.000110862
AC 212 6.55329 6.55329 6.55286
OP 213 0.657021 0.73961 0.575131 0.299687 0.31702 0.000101774
AC 213 8.89561 8.89561 8.89502
OP 214 0.637619 0.729772 0.560423 0.281772 0.325894 0.000109751
AC 214 8.38297 8.38297 8.38248
OP 215 0.636452 0.728028 0.567143 0.288795 0.321934 0.000107156
AC 215 7.48755 7.48755 7.48707
OP 216 0.639417 0.726991 0.56379 0.292835 0.325861 0.000108329
AC 216 7.81975 7.81975 7.81926
OP 217 0.646187 0.725161 0.564154 0.285412 0.324492 0.000109069
AC 217 7.6257 7.6257 7.62521
OP 218 0.659219 0.736694 0.564674 0.303797 0.321581 0.000107532
AC 218 9.41873 9.41873 9.4182
OP 219 0.635186 0.737968 0.570844 0.289353 0.319697 0.00010375
AC 219 9.05176 9.05176 9.05117
OP 220 0.643434 0.734428 0.56793 0.290501 0.321202 0.000105971
AC 220 8.46111 8.46111 8.46056
OP 221 0.64626 0.741819 0.575466 0.295495 0.317815 0.00010203
AC 221 8.33583 8.33583 8.33524
OP 222 0.649618 0.732143 0.582063 0.297068 0.315321 0.000100068
AC 222 7.68902 7.68902 7.68848
OP 223 0.644289 0.730561 0.563711 0.290733 0.321591 0.000108045
AC 223 8.85283 8.85283 8.85232
OP 224 0.655468 0.727437 0.572476 0.298009 0.321982 0.000104369
AC 224 7.72381 7.72381 7.72328
OP 225 0.661912 0.735575 0.562103 0.306603 0.322841 0.00010849
AC 225 9.2989 9.2989 9.29839
OP 226 0.656476 0.724555 0.570447 0.295665 0.320902 0.000105232
AC 226 8.00725 8.00725 8.00675
OP 227 0.640478 0.726713 0.561152 0.285736 0.326922 0.000109654
AC 227 8.1793 8.1793 8.17881
OP 228 0.639284 0.740959 0.571343 0.294242 0.321193 0.000104337
AC 228 8.42647 8.42647 8.4259
OP 229 0.643773 0.735013 0.563824 0.29073 0.324774 0.000107933
AC 229 8.70096 8.70096 8.70045
OP 230 0.65974 0.732065 0.577403 0.302015 0.315754 0.000101729
AC 230 8.07584 8.07584 8.0753
OP 231 0.630095 0.751335 0.573495 0.292896 0.31792 0.000102602
AC 231 8.68131 8.68131 8.68069
OP 232 0.636667 0.727729 0.565592 0.281534 0.322602 0.000107778
AC 232 7.77027 7.77027 7.76975
OP 233 0.64186 0.734499 0.563102 0.294768 0.323775 0.000108373
AC 233 8.52378 8.52378 8.52326
OP 234 0.65135 0.72619 0.56064 0.289295 0.326718 0.000109971
AC 234 8.27039 8.27039 8.26989
OP 235 0.635013 0.732041 0.572659 0.283015 0.320948 0.00010411
AC 235 7.46619 7.46619 7.46568
OP 236 0.640074 0.741397 0.578376 0.294916 0.318664 0.00010092
AC 236 8.26769 8.26769 8.26713
OP 237 0.639294 0.735059 0.565158 0.287324 0.323964 0.000107324
AC 237 8.10008 8.10008 8.09956
OP 238 0.639043 0.718281 0.566866 0.287458 0.322953 0.000107678
AC 238 7.08434 7.08434 7.08388
OP 239 0.649063 0.739265 0.56312 0.301989 0.321871 0.000107669
AC 239 8.91988 8.91988 8.91933
OP 240 0.636096 0.729498 0.564092 0.282222 0.322368 0.000107925
AC 240 7.86105 7.86105 7.86055
OP 241 0.648631 0.729171 0.567398 0.297478 0.323895 0.000106559
AC 241 7.11482 7.11482 7.11433
OP 242 0.640556 0.738275 0.570948 0.291929 0.319278 0.000104035
AC 242 8.50421 8.50421 8.50363
OP 243 0.634411 0.724392 0.567077 0.286249 0.323249 0.000106824
AC 243 7.67935 7.67935 7.67885
OP 244 0.643399 0.724249 0.5698 0.291955 0.321301 0.000105718
AC 244 6.56918 6.56918 6.56869
OP 245 0.634742 0.735132 0.57376 0.292955 0.319886 0.000103295
AC 245 7.09061 7.09061 7.09007
OP 246 0.640524 0.730798 0.561549 0.291442 0.323165 0.00010935
AC 246 8.39202 8.39202 8.39152
OP 247 0.646169 0.735055 0.575337 0.289631 0.317124 0.000102148
AC 247 8.04139 8.04139 8.04082
OP 248 0.658002 0.727352 0.567687 0.295602 0.322669 0.000106113
AC 248 8.02564 8.02564 8.02514
OP 249 0.654838 0.742137 0.575079 0.303812 0.317736 0.000101919
AC 249 9.07963 9.07963 9.07904
OP 250 0.641736 0.732003 0.569211 0.294701 0.321697 0.000105303
AC 250 8.11642 8.11642 8.11589
OP 251 0.64388 0.732572 0.569871 0.294637 0.321061 0.000104889
AC 251 8.34652 8.34652 8.34599
OP 252 0.642793 0.724112 0.557774 0.288852 0.326263 0.000112059
AC 252 8.22179 8.22179 8.22133
OP 253 0.651587 0.738754 0.568868 0.302236 0.317801 0.000105136
AC 253 9.15839 9.15839 9.15782
OP 254 0.637943 0.729055 0.560647 0.282362 0.327274 0.000110322
AC 254 8.35151 8.35151 8.35103
OP 255 0.648848 0.723768 0.560825 0.292197 0.327448 0.000109993
AC 255 8.04012 8.04012 8.03968
OP 256 0.639622 0.727724 0.555572 0.29419 0.328242 0.00011248
AC 256 8.69299 8.69299 8.69251
OP 257 0.645899 0.725509 0.573011 0.2968 0.321263 0.00010419
AC 257 7.62283 7.62283 7.62233
OP 258 0.654385 0.736389 0.568041 0.296779 0.320686 0.00010621
AC 258 9.04595 9.04595 9.04542
OP 259 0.653742 0.743896 0.5711 0.294624 0.319807 0.000104062
AC 259 9.59827 9.59827 9.5977
OP 260 0.649461 0.732859 0.571314 0.299924 0.320094 0.000104313
AC 260 7.50932 7.50932 7.50879
OP 261 0.646865 0.722792 0.570611 0.286701 0.320792 0.000105803
AC 261 7.59782 7.59782 7.59734
OP 262 0.646909 0.721923 0.565065 0.290636 0.323664 0.000108456
AC 262 8.08842 8.08842 8.08796
OP 263 0.645237 0.730445 0.566531 0.293494 0.322288 0.00010706
AC 263 8.42829 8.42829 8.42778
OP 264 0.629665 0.729828 0.568192 0.287008 0.3213 0.000106165
AC 264 6.89732 6.89732 6.8968
OP 265 0.639769 0.727523 0.569046 0.296463 0.321237 0.000105713
AC 265 8.00412 8.00412 8.00362
OP 266 0.653833 0.729866 0.569174 0.301534 0.320021 0.000105402
AC 266 8.87932 8.87932 8.87882
OP 267 0.642182 0.731983 0.573212 0.292537 0.320172 0.000103496
AC 267 8.00777 8.00777 8.00721
OP 268 0.632571 0.737147 0.572179 0.292554 0.321725 0.000104034
AC 268 8.33369 8.33369 8.33315
OP 269 0.638706 0.73259 0.569167 0.294813 0.32139 0.000105867
AC 269 7.91255 7.91255 7.91204
OP 270 0.631399 0.727059 0.572111 0.285627 0.324273 0.000104402
AC 270 6.98218 6.98218 6.98168
OP 271 0.637283 0.726612 0.566596 0.283306 0.325958 0.000107188
AC 271 7.43071 7.43071 7.4302
OP 272 0.634824 0.722458 0.562861 0.286927 0.325294 0.000109286
AC 272 7.5828 7.5828 7.58235
OP 273 0.631562 0.74354 0.569147 0.287609 0.320003 0.000105105
AC 273 8.7579 8.7579 8.75731
OP 274 0.633969 0.728796 0.575488 0.291018 0.317166 0.000102786
AC 274 7.36822 7.36822 7.36772
OP 275 0.641974 0.726634 0.561847 0.286222 0.326154 0.000109365
AC 275 8.04495 8.04495 8.04447
OP 276 0.639609 0.724736 0.567681 0.292829 0.325168 0.000107116
AC 276 7.93628 7.93628 7.93581
OP 277 0.641928 0.743453 0.572439 0.296532 0.318705 0.000103323
AC 277 8.40362 8.40362 8.40305
OP 278 0.643666 0.733475 0.566929 0.296453 0.32139 0.000106169
AC 278 9.02337 9.02337 9.02285
OP 279 0.627181 0.735191 0.573013 0.287429 0.320292 0.000103544
AC 279 7.62393 7.62393 7.62341
OP 280 0.648589 0.724531 0.570269 0.299139 0.318567 0.000104819
AC 280 7.94148 7.94148 7.94097
OP 281 0.623616 0.731804 0.57028 0.278273 0.322001 0.000104816
AC 281 6.82613 6.82613 6.82561
OP 282 0.663479 0.729771 0.567157 0.301035 0.319098 0.000106294
AC 282 8.01624 8.01624 8.01573
OP 283 0.637307 0.744706 0.580549 0.292321 0.315348 9.96122E-05
AC 283 8.29973 8.29973 8.2991
OP 284 0.667861 0.727812 0.568346 0.300971 0.321039 0.000106395
AC 284 9.23548 9.23548 9.23496
OP 285 0.622777 0.736768 0.574052 0.278919 0.319449 0.000102881
AC 285 6.66226 6.66226 6.66169
OP 286 0.635379 0.723844 0.567819 0.281063 0.322896 0.000106383
AC 286 6.54444 6.54444 6.54393
OP 287 0.655961 0.728751 0.558593 0.286746 0.328176 0.000110915
AC 287 8.2858 8.2858 8.28532
OP 288 0.633466 0.730384 0.569127 0.293314 0.320291 0.00010529
AC 288 7.43338 7.43338 7.43286
OP 289 0.650361 0.723946 0.563238 0.294715 0.324929 0.000108633
AC 289 7.48502 7.48502 7.48455
OP 290 0.657395 0.735455 0.569937 0.295892 0.318687 0.000104958
AC 290 8.01902 8.01902 8.01847
OP 291 0.627363 0.72916 0.565558 0.284583 0.323023 0.000107501
AC 291 7.86481 7.86481 7.86432
OP 292 0.624422 0.743294 0.584802 0.291506 0.314908 9.73265E-05
AC 292 8.00561 8.00561 8.00499
OP 293 0.624221 0.737027 0.57301 0.281273 0.318425 0.000103304
AC 293 7.61602 7.61602 7.61548
OP 294 0.63554 0.740989 0.575254 0.291295 0.320591 0.00010236
AC 294 8.51822 8.51822 8.51765
OP 295 0.637346 0.730105 0.571771 0.286947 0.320373 0.000104681
AC 295 7.90617 7.90617 7.90566
OP 296 0.655486 0.725192 0.564561 0.295653 0.32521 0.000108486
AC 296 7.51695 7.51695 7.51649
OP 297 0.643618 0.726308 0.567136 0.28185 0.322434 0.000107034
AC 297 7.19414 7.19414 7.19363
OP 298 0.638209 0.730721 0.56815 0.292323 0.320173 0.000106043
AC 298 8.34788 8.34788 8.34736
OP 299 0.636855 0.727618 0.571267 0.294206 0.318776 0.000105108
AC 299 7.40164 7.40164 7.40112
