OP 0 0.528951 0.526599 0.344781 0.108187 0.381157 9.79247E-05
AC 0 -3.09164 -3.09164 -3.09228
OP 1 0.522265 0.517063 0.330829 0.100169 0.389977 0.000106219
AC 1 -36.0515 -36.0515 -36.0521
OP 2 0.51982 0.506969 0.329474 0.0974072 0.389911 0.000107197
AC 2 -5.24556 -5.24556 -5.24606
OP 3 0.510053 0.528917 0.344387 0.0971562 0.383127 9.77873E-05
AC 3 -23.5065 -23.5065 -23.5072
OP 4 0.516517 0.517198 0.328992 0.0969826 0.389288 0.000107581
AC 4 -13.3749 -13.3749 -13.3754
OP 5 0.532977 0.523531 0.321213 0.105648 0.392574 0.000111059
AC 5 -2.94519 -2.94519 -2.94572
OP 6 0.500341 0.535012 0.332939 0.0924741 0.388176 0.000103809
AC 6 -21.0544 -21.0544 -21.055
OP 7 0.520249 0.520336 0.330068 0.10014 0.387071 0.000106073
AC 7 -8.67686 -8.67686 -8.67746
OP 8 0.520596 0.521973 0.335678 0.10234 0.386341 0.000102432
AC 8 -5.41359 -5.41359 -5.41424
OP 9 0.534573 0.520205 0.331801 0.111937 0.386731 0.000105333
AC 9 -0.156753 -0.156753 -0.157341
OP 10 0.531792 0.514686 0.323456 0.103974 0.391899 0.000110454
AC 10 -4.50709 -4.50709 -4.50765
OP 11 0.520918 0.513965 0.32302 0.0940852 0.390898 0.000110594
AC 11 -8.84723 -8.84723 -8.84777
OP 12 0.524667 0.514218 0.331809 0.0993031 0.387702 0.000105646
AC 12 -20.2218 -20.2218 -20.2224
OP 13 0.521877 0.508865 0.311854 0.0985337 0.395545 0.000117242
AC 13 -11.6 -11.6 -11.6004
OP 14 0.527242 0.52668 0.325277 0.0990224 0.392328 0.000108467
AC 14 -3.91458 -3.91458 -3.9152
OP 15 0.520555 0.534714 0.332861 0.109046 0.387963 0.000103912
AC 15 0.609154 0.609154 0.608483
OP 16 0.526666 0.516082 0.329849 0.104466 0.389614 0.000106351
AC 16 -14.6002 -14.6002 -14.6008
OP 17 0.53783 0.508602 0.326488 0.101606 0.389241 0.000109003
AC 17 -26.0836 -26.0836 -26.0841
OP 18 0.511607 0.527401 0.337585 0.0963906 0.387436 0.000101749
AC 18 -6.68305 -6.68305 -6.68372
OP 19 0.522899 0.519143 0.328276 0.0998943 0.391162 0.000107655
AC 19 -12.1923 -12.1923 -12.1928
OP 20 0.519789 0.522288 0.328332 0.0937594 0.387772 0.000107347
AC 20 -21.4404 -21.4404 -21.441
OP 21 0.5348 0.523521 0.334802 0.111903 0.389354 0.000103977
AC 21 0.764414 0.764414 0.763814
OP 22 0.530627 0.511844 0.329187 0.105836 0.389217 0.000106643
AC 22 -9.49226 -9.49226 -9.49281
OP 23 0.533906 0.510271 0.324558 0.112391 0.392608 0.000109915
AC 23 -2.25087 -2.25087 -2.25137
OP 24 0.521388 0.531474 0.33746 0.10494 0.387386 0.00010208
AC 24 -0.491948 -0.491948 -0.492624
OP 25 0.528101 0.518725 0.328579 0.103303 0.388668 0.000106997
AC 25 -7.69967 -7.69967 -7.70023
OP 26 0.518266 0.511783 0.321148 0.0975582 0.395059 0.00011203
AC 26 -20.3831 -20.3831 -20.3836
OP 27 0.520117 0.53205 0.336164 0.0924488 0.38737 0.000102138
AC 27 -14.2168 -14.2168 -14.2175
OP 28 0.532388 0.515498 0.331206 0.104192 0.391004 0.000105813
AC 28 -10.9849 -10.9849 -10.9854
OP 29 0.525462 0.518366 0.329015 0.0997297 0.3903 0.000106738
AC 29 -16.0645 -16.0645 -16.0651
OP 30 0.52033 0.522107 0.317808 0.100696 0.394516 0.000113508
AC 30 -6.49323 -6.49323 -6.49375
OP 31 0.533049 0.513853 0.33645 0.106602 0.385728 0.000102717
AC 31 -14.2727 -14.2727 -14.2733
OP 32 0.524499 0.5124 0.324574 0.100471 0.392225 0.000109559
AC 32 -11.6082 -11.6082 -11.6087
OP 33 0.50227 0.527373 0.327899 0.0935749 0.387906 0.0001072
AC 33 -19.1367 -19.1367 -19.1373
OP 34 0.515481 0.517872 0.339542 0.100218 0.384015 0.000100922
AC 34 -30.253 -30.253 -30.2536
OP 35 0.527194 0.523765 0.325017 0.0992401 0.389849 0.000108894
AC 35 -7.59581 -7.59581 -7.59639
OP 36 0.525923 0.526115 0.3261 0.100446 0.391484 0.000108029
AC 36 -1.19503 -1.19503 -1.19566
OP 37 0.520997 0.525309 0.336657 0.101825 0.384543 0.000101714
AC 37 -10.0074 -10.0074 -10.008
OP 38 0.530438 0.520387 0.318678 0.0998503 0.392027 0.000112638
AC 38 -5.62746 -5.62746 -5.62803
OP 39 0.517671 0.525016 0.333918 0.101723 0.38952 0.000103704
AC 39 -10.9109 -10.9109 -10.9115
OP 40 0.520508 0.515938 0.329082 0.100893 0.39045 0.000106769
AC 40 -5.8966 -5.8966 -5.89718
OP 41 0.511075 0.527243 0.32978 0.0932357 0.388106 0.000105857
AC 41 -12.4425 -12.4425 -12.4432
OP 42 0.526735 0.52103 0.335989 0.102548 0.386041 0.000102385
AC 42 -11.8443 -11.8443 -11.8449
OP 43 0.53169 0.515028 0.327067 0.1016 0.389068 0.000108224
AC 43 -6.89067 -6.89067 -6.89124
OP 44 0.541219 0.534463 0.341448 0.116462 0.383821 9.926E-05
AC 44 4.1626 4.1626 4.16192
OP 45 0.533576 0.518251 0.324029 0.101468 0.39199 0.000109928
AC 45 -13.8995 -13.8995 -13.9001
OP 46 0.512541 0.531287 0.336014 0.100337 0.38819 0.000102355
AC 46 -2.75019 -2.75019 -2.75089
OP 47 0.531312 0.513238 0.332383 0.106369 0.387578 0.000105333
AC 47 -17.9813 -17.9813 -17.9818
OP 48 0.535906 0.513225 0.330458 0.101711 0.387372 0.000106142
AC 48 -26.6593 -26.6593 -26.6598
OP 49 0.527778 0.514879 0.327216 0.103639 0.391606 0.000107901
AC 49 -7.37201 -7.37201 -7.37255
OP 50 0.538811 0.517814 0.334711 0.108619 0.383525 0.000103933
AC 50 -4.16996 -4.16996 -4.17052
OP 51 0.512419 0.529117 0.337103 0.100756 0.386872 0.000101886
AC 51 -6.90206 -6.90206 -6.90271
OP 52 0.514723 0.534111 0.330655 0.100264 0.38798 0.000105211
AC 52 -1.14676 -1.14676 -1.14745
OP 53 0.513758 0.519716 0.333714 0.0985134 0.388933 0.000103979
AC 53 -9.11469 -9.11469 -9.11526
OP 54 0.513092 0.527011 0.326427 0.0961483 0.388888 0.000108129
AC 54 -11.5938 -11.5938 -11.5944
OP 55 0.527626 0.528904 0.336585 0.106462 0.382519 0.000102132
AC 55 0.731 0.731 0.7303
OP 56 0.5172 0.519268 0.334875 0.102124 0.385228 0.000103196
AC 56 -10.8724 -10.8724 -10.873
OP 57 0.53604 0.513666 0.326989 0.0977972 0.389958 0.000108018
AC 57 -9.24224 -9.24224 -9.24274
OP 58 0.528483 0.520315 0.32171 0.101118 0.393339 0.000110658
AC 58 -7.67882 -7.67882 -7.67936
OP 59 0.524783 0.523051 0.33865 0.101266 0.383745 0.000101189
AC 59 -15.7393 -15.7393 -15.7399
OP 60 0.524163 0.513115 0.330818 0.10812 0.387909 0.000106307
AC 60 -9.25223 -9.25223 -9.25275
OP 61 0.534441 0.531175 0.337625 0.109253 0.384419 0.000100941
AC 61 1.68936 1.68936 1.68861
OP 62 0.526716 0.525076 0.328469 0.10286 0.389557 0.000107007
AC 62 -3.58818 -3.58818 -3.58879
OP 63 0.524546 0.529492 0.340939 0.102167 0.382018 9.97712E-05
AC 63 -3.37576 -3.37576 -3.37648
OP 64 0.523319 0.523589 0.323205 0.104394 0.394379 0.000110106
AC 64 -2.4747 -2.4747 -2.47528
OP 65 0.524592 0.522733 0.322372 0.100671 0.393518 0.000110748
AC 65 -8.81314 -8.81314 -8.81369
OP 66 0.532317 0.524859 0.335374 0.110634 0.385481 0.00010292
AC 66 -0.0670935 -0.0670935 -0.0677154
OP 67 0.53431 0.503188 0.309088 0.0924555 0.39868 0.000119363
AC 67 -0.918583 -0.918583 -0.919021
OP 68 0.503874 0.525699 0.334275 0.0974797 0.38924 0.000104188
AC 68 -24.4349 -24.4349 -24.4355
OP 69 0.529917 0.531683 0.334579 0.111581 0.386009 0.000102592
AC 69 3.0974 3.0974 3.09672
OP 70 0.529042 0.520137 0.325329 0.104681 0.39049 0.000109038
AC 70 -8.42475 -8.42475 -8.42529
OP 71 0.530298 0.52013 0.321438 0.100105 0.391637 0.00011105
AC 71 -4.05485 -4.05485 -4.05542
OP 72 0.52332 0.513356 0.328748 0.100669 0.391065 0.000107617
AC 72 -16.2215 -16.2215 -16.222
OP 73 0.520145 0.519481 0.31892 0.0985964 0.394099 0.000113308
AC 73 -9.36301 -9.36301 -9.36357
OP 74 0.517515 0.519858 0.321103 0.0987843 0.394084 0.000111542
AC 74 -8.90971 -8.90971 -8.91026
OP 75 0.505498 0.530107 0.334979 0.0970296 0.389225 0.000102898
AC 75 -5.63381 -5.63381 -5.6345
OP 76 0.502734 0.532459 0.335036 0.092237 0.387269 0.000102518
AC 76 -22.0862 -22.0862 -22.0869
OP 77 0.512258 0.531852 0.330351 0.105471 0.3866 0.00010561
AC 77 0.182877 0.182877 0.182216
OP 78 0.528707 0.50538 0.32651 0.0972572 0.390145 0.000108576
AC 78 -7.20724 -7.20724 -7.20774
OP 79 0.524717 0.520676 0.336206 0.10094 0.386123 0.000101999
AC 79 -8.44816 -8.44816 -8.44878
OP 80 0.515438 0.520642 0.332913 0.100678 0.388792 0.00010508
AC 80 -11.7023 -11.7023 -11.7029
OP 81 0.520016 0.519455 0.331393 0.101736 0.387061 0.000105117
AC 81 -6.93027 -6.93027 -6.93088
OP 82 0.52116 0.504503 0.318911 0.094912 0.395301 0.000113313
AC 82 -2.91995 -2.91995 -2.92043
OP 83 0.523503 0.517474 0.326483 0.0976066 0.391785 0.000108185
AC 83 -14.2015 -14.2015 -14.2021
OP 84 0.523086 0.513564 0.3257 0.103423 0.390838 0.000109438
AC 84 -14.222 -14.222 -14.2225
OP 85 0.541676 0.515656 0.325325 0.109857 0.390368 0.000109227
AC 85 -2.44936 -2.44936 -2.44988
OP 86 0.508692 0.53419 0.342536 0.105995 0.382944 9.92916E-05
AC 86 -0.698094 -0.698094 -0.698765
OP 87 0.522151 0.531537 0.338262 0.097438 0.382783 0.000100826
AC 87 -15.5039 -15.5039 -15.5045
OP 88 0.517718 0.520496 0.326472 0.0973281 0.391948 0.000108846
AC 88 -25.397 -25.397 -25.3976
OP 89 0.510942 0.519931 0.321353 0.0913289 0.392874 0.000111167
AC 89 -10.4418 -10.4418 -10.4424
OP 90 0.51625 0.520901 0.331594 0.0979746 0.389249 0.000105178
AC 90 -12.6444 -12.6444 -12.645
OP 91 0.525553 0.510518 0.324907 0.104955 0.393091 0.000110106
AC 91 -11.8216 -11.8216 -11.8221
OP 92 0.499335 0.530824 0.323016 0.0904699 0.393809 0.000110416
AC 92 -19.2757 -19.2757 -19.2763
OP 93 0.519107 0.533526 0.350769 0.0993875 0.378423 9.37107E-05
AC 93 -5.17538 -5.17538 -5.17615
OP 94 0.512858 0.519486 0.331487 0.0970862 0.389669 0.000105869
AC 94 -9.45598 -9.45598 -9.45652
OP 95 0.52174 0.524854 0.335696 0.109028 0.385375 0.00010262
AC 95 -1.3823 -1.3823 -1.38297
OP 96 0.524349 0.506797 0.312651 0.0971756 0.397545 0.000117519
AC 96 -14.3873 -14.3873 -14.3878
OP 97 0.527033 0.51981 0.32507 0.109301 0.390183 0.000108829
AC 97 -0.303338 -0.303338 -0.303875
OP 98 0.527549 0.53498 0.334583 0.106267 0.385792 0.000102705
AC 98 0.839141 0.839141 0.838434
OP 99 0.515732 0.53131 0.327037 0.107016 0.391392 0.00010738
AC 99 2.64091 2.64091 2.64023
OP 100 0.518749 0.519572 0.336291 0.104071 0.386979 0.000102466
AC 100 -10.7218 -10.7218 -10.7224
OP 101 0.530185 0.515867 0.333257 0.10869 0.387334 0.000104242
AC 101 -4.50442 -4.50442 -4.50501
OP 102 0.540808 0.521217 0.32953 0.108851 0.387172 0.00010603
AC 102 0.508284 0.508284 0.507672
OP 103 0.521691 0.511916 0.321123 0.0958144 0.394051 0.000112258
AC 103 -4.72789 -4.72789 -4.72837
OP 104 0.51743 0.51768 0.330459 0.107852 0.390617 0.000106441
AC 104 -3.44151 -3.44151 -3.44206
OP 105 0.52046 0.524852 0.334348 0.103145 0.385188 0.00010373
AC 105 -6.52188 -6.52188 -6.52249
OP 106 0.520043 0.516174 0.323086 0.0962419 0.391362 0.000110709
AC 106 -20.0301 -20.0301 -20.0307
OP 107 0.51385 0.510703 0.328347 0.099472 0.391894 0.000107749
AC 107 -16.093 -16.093 -16.0935
OP 108 0.519288 0.532929 0.341246 0.105586 0.38273 9.91552E-05
AC 108 1.67133 1.67133 1.6706
OP 109 0.529303 0.536937 0.338233 0.108532 0.382032 0.00010066
AC 109 3.01351 3.01351 3.01276
OP 110 0.520035 0.528854 0.327343 0.103909 0.389172 0.00010671
AC 110 -0.405735 -0.405735 -0.406394
OP 111 0.532646 0.532022 0.334413 0.10446 0.385636 0.000102684
AC 111 0.978906 0.978906 0.97818
OP 112 0.508912 0.520842 0.329418 0.0927058 0.388519 0.000106308
AC 112 -17.9439 -17.9439 -17.9445
OP 113 0.535918 0.522206 0.326894 0.101117 0.390793 0.000108119
AC 113 -4.08361 -4.08361 -4.08421
OP 114 0.504246 0.516607 0.326304 0.0918807 0.391925 0.000109001
AC 114 -5.51588 -5.51588 -5.51641
OP 115 0.531517 0.527936 0.337019 0.112189 0.386336 0.00010198
AC 115 1.45191 1.45191 1.45125
OP 116 0.525476 0.519537 0.326794 0.0983241 0.390986 0.000108409
AC 116 -20.6013 -20.6013 -20.6018
OP 117 0.534912 0.529425 0.338316 0.110626 0.381887 0.000100868
AC 117 3.61991 3.61991 3.61921
OP 118 0.520888 0.532477 0.340513 0.107867 0.381984 9.94005E-05
AC 118 1.64769 1.64769 1.64696
OP 119 0.514651 0.517516 0.325292 0.0978624 0.392753 0.000109029
AC 119 -13.8041 -13.8041 -13.8046
OP 120 0.526911 0.520381 0.329217 0.103037 0.387889 0.000106401
AC 120 -3.1013 -3.1013 -3.10191
OP 121 0.503485 0.516167 0.326533 0.0946388 0.391196 0.000108439
AC 121 -10.0903 -10.0903 -10.0908
OP 122 0.526056 0.519272 0.33335 0.102633 0.387334 0.000104454
AC 122 -12.7964 -12.7964 -12.797
OP 123 0.524737 0.513909 0.329941 0.108536 0.387818 0.000106497
AC 123 -4.18159 -4.18159 -4.18215
OP 124 0.51382 0.518721 0.330696 0.10096 0.389753 0.000106213
AC 124 -7.52554 -7.52554 -7.52613
OP 125 0.524756 0.524569 0.336401 0.107663 0.387269 0.00010206
AC 125 -0.390392 -0.390392 -0.391035
OP 126 0.519809 0.515892 0.337324 0.102433 0.387621 0.000102422
AC 126 -12.4003 -12.4003 -12.4009
OP 127 0.529069 0.526472 0.326906 0.107083 0.391467 0.000107454
AC 127 -2.15648 -2.15648 -2.15708
OP 128 0.527129 0.532916 0.336456 0.106967 0.385666 0.000101969
AC 128 0.438654 0.438654 0.437948
OP 129 0.515444 0.513365 0.331988 0.101222 0.386594 0.000106061
AC 129 -17.1595 -17.1595 -17.16
OP 130 0.530886 0.51119 0.325458 0.103898 0.388228 0.000109242
AC 130 -11.3011 -11.3011 -11.3016
OP 131 0.538539 0.509883 0.328571 0.107054 0.389336 0.00010775
AC 131 -9.29843 -9.29843 -9.29892
OP 132 0.520071 0.519692 0.312866 0.0948123 0.399022 0.000116517
AC 132 -15.8467 -15.8467 -15.8472
OP 133 0.517796 0.522167 0.328511 0.0971364 0.391447 0.000106943
AC 133 -17.3515 -17.3515 -17.3521
OP 134 0.526764 0.520255 0.335099 0.10212 0.386971 0.000102819
AC 134 -6.37051 -6.37051 -6.37113
OP 135 0.527417 0.521469 0.32271 0.0953783 0.393117 0.000110608
AC 135 -19.6771 -19.6771 -19.6777
OP 136 0.517207 0.515606 0.317241 0.0940597 0.394872 0.000113525
AC 136 -25.0672 -25.0672 -25.0678
OP 137 0.520251 0.532266 0.326977 0.1033 0.388572 0.000107554
AC 137 -1.87936 -1.87936 -1.88
OP 138 0.524662 0.521248 0.332119 0.108895 0.386663 0.000104837
AC 138 -1.69143 -1.69143 -1.69202
OP 139 0.528747 0.518614 0.343436 0.105161 0.382048 9.87451E-05
AC 139 -12.6629 -12.6629 -12.6635
OP 140 0.515501 0.508307 0.32714 0.091937 0.390805 0.000108446
AC 140 -1.43797 -1.43797 -1.43849
OP 141 0.510341 0.521552 0.32469 0.0924725 0.390686 0.000109107
AC 141 -14.6741 -14.6741 -14.6747
OP 142 0.527955 0.511992 0.34101 0.104791 0.386724 0.000100357
AC 142 -22.2125 -22.2125 -22.213
OP 143 0.529471 0.509884 0.318269 0.105418 0.392803 0.000113302
AC 143 -13.6081 -13.6081 -13.6085
OP 144 0.544432 0.51969 0.32692 0.115665 0.388106 0.000107818
AC 144 1.82183 1.82183 1.82127
OP 145 0.52705 0.525019 0.33078 0.106703 0.386815 0.000105058
AC 145 -1.47401 -1.47401 -1.47463
OP 146 0.522231 0.520487 0.331611 0.0961297 0.388032 0.000105534
AC 146 -16.7212 -16.7212 -16.7218
OP 147 0.524881 0.507283 0.318854 0.0933434 0.396717 0.000113191
AC 147 -5.12977 -5.12977 -5.13027
OP 148 0.514675 0.521386 0.333451 0.0974402 0.388508 0.000103882
AC 148 -13.8483 -13.8483 -13.8489
OP 149 0.527433 0.522132 0.329289 0.102838 0.389228 0.000106207
AC 149 -8.22343 -8.22343 -8.22402
OP 150 0.526023 0.523865 0.331131 0.103672 0.386882 0.000105664
AC 150 -3.24122 -3.24122 -3.24184
OP 151 0.528971 0.52301 0.328486 0.104587 0.388322 0.000106815
AC 151 -2.77735 -2.77735 -2.77795
OP 152 0.501154 0.51109 0.319161 0.0913128 0.394362 0.000113285
AC 152 -0.846822 -0.846822 -0.847286
OP 153 0.522806 0.5133 0.325936 0.100285 0.390948 0.000108423
AC 153 -21.0871 -21.0871 -21.0876
OP 154 0.53515 0.525981 0.338692 0.103601 0.384354 0.000100775
AC 154 -7.47904 -7.47904 -7.47967
OP 155 0.527405 0.523043 0.338684 0.104993 0.385365 0.00010067
AC 155 -4.84981 -4.84981 -4.85045
OP 156 0.528365 0.514103 0.325156 0.100869 0.392314 0.000109071
AC 156 -15.0967 -15.0967 -15.0972
OP 157 0.522245 0.52495 0.332577 0.112104 0.384443 0.000104009
AC 157 1.01162 1.01162 1.01099
OP 158 0.520237 0.520989 0.332723 0.100666 0.387037 0.000104385
AC 158 -12.6117 -12.6117 -12.6123
OP 159 0.531388 0.513307 0.325778 0.100785 0.39133 0.000108987
AC 159 -20.3488 -20.3488 -20.3493
OP 160 0.527537 0.520218 0.321234 0.106675 0.391175 0.000111492
AC 160 0.014082 0.014082 0.0135219
OP 161 0.520826 0.527178 0.335333 0.100865 0.387901 0.000102772
AC 161 -4.51423 -4.51423 -4.51489
OP 162 0.536279 0.517485 0.320354 0.108695 0.392129 0.000112032
AC 162 -0.630712 -0.630712 -0.63124
OP 163 0.531268 0.527726 0.332429 0.103178 0.386639 0.000104279
AC 163 -2.74233 -2.74233 -2.743
OP 164 0.507039 0.537987 0.348196 0.102065 0.379848 9.55367E-05
AC 164 -2.44054 -2.44054 -2.44132
OP 165 0.523003 0.518167 0.324595 0.100925 0.391877 0.000109628
AC 165 -13.6851 -13.6851 -13.6857
OP 166 0.530846 0.513924 0.317468 0.101234 0.391834 0.000113853
AC 166 -9.34614 -9.34614 -9.34665
OP 167 0.533472 0.512335 0.327489 0.0955578 0.39005 0.000108112
AC 167 -7.55959 -7.55959 -7.56013
OP 168 0.522624 0.520273 0.329193 0.0993337 0.387486 0.000106922
AC 168 -10.0257 -10.0257 -10.0263
OP 169 0.528962 0.512994 0.327859 0.0979083 0.390858 0.000108003
AC 169 -27.4127 -27.4127 -27.4132
OP 170 0.51918 0.529407 0.34553 0.104202 0.384492 9.71781E-05
AC 170 -3.22769 -3.22769 -3.22839
OP 171 0.535613 0.519575 0.326161 0.111584 0.389933 0.000108368
AC 171 1.1343 1.1343 1.13374
OP 172 0.511364 0.515467 0.330333 0.0985027 0.389119 0.000106552
AC 172 -14.2952 -14.2952 -14.2957
OP 173 0.52947 0.518293 0.328282 0.108878 0.386922 0.000106677
AC 173 -3.88605 -3.88605 -3.88658
OP 174 0.509821 0.529594 0.341834 0.100458 0.382099 9.9337E-05
AC 174 -5.41987 -5.41987 -5.42058
OP 175 0.514254 0.512538 0.319027 0.0920877 0.395323 0.000113297
AC 175 -0.00951632 -0.00951632 -0.00997904
OP 176 0.522243 0.513557 0.327565 0.101356 0.390276 0.000108057
AC 176 -21.4 -21.4 -21.4005
OP 177 0.524279 0.515614 0.320235 0.106589 0.393168 0.000112364
AC 177 -4.12098 -4.12098 -4.12151
OP 178 0.531133 0.513217 0.323107 0.105967 0.392428 0.00011079
AC 178 -11.1915 -11.1915 -11.192
OP 179 0.507676 0.512188 0.327724 0.0954647 0.395264 0.000108347
AC 179 -3.6374 -3.6374 -3.63791
OP 180 0.521137 0.521503 0.328404 0.0988659 0.39082 0.000107539
AC 180 -13.1091 -13.1091 -13.1097
OP 181 0.522358 0.524802 0.34313 0.106742 0.381944 9.82936E-05
AC 181 -4.19015 -4.19015 -4.19079
OP 182 0.53584 0.516912 0.320067 0.099171 0.394812 0.000112632
AC 182 -10.0076 -10.0076 -10.0081
OP 183 0.525306 0.525424 0.33447 0.104266 0.38701 0.000103488
AC 183 -2.81398 -2.81398 -2.81459
OP 184 0.517937 0.521225 0.324573 0.0985213 0.391053 0.000109506
AC 184 -6.10448 -6.10448 -6.10507
OP 185 0.528751 0.519632 0.315275 0.100917 0.393476 0.000114564
AC 185 -13.7884 -13.7884 -13.7889
OP 186 0.536942 0.518877 0.33165 0.105883 0.386972 0.000105552
AC 186 -6.98266 -6.98266 -6.98324
OP 187 0.530982 0.533586 0.339582 0.102914 0.381595 0.000100166
AC 187 -1.24395 -1.24395 -1.24464
OP 188 0.506295 0.518584 0.334783 0.0967105 0.388626 0.00010343
AC 188 -13.7346 -13.7346 -13.7352
OP 189 0.510414 0.523106 0.334825 0.103164 0.387119 0.000103513
AC 189 -9.67661 -9.67661 -9.6772
OP 190 0.490063 0.525934 0.332852 0.0884192 0.39023 0.000104402
AC 190 -0.203869 -0.203869 -0.20446
OP 191 0.540402 0.535457 0.341604 0.109145 0.380795 9.88057E-05
AC 191 2.32098 2.32098 2.32027
OP 192 0.512943 0.519125 0.332169 0.0986713 0.388911 0.000105108
AC 192 -52.8863 -52.8863 -52.886
OP 193 0.520707 0.518923 0.328491 0.0977771 0.389425 0.000106894
AC 193 -14.5237 -14.5237 -14.5243
OP 194 0.51823 0.511011 0.321854 0.0935123 0.394514 0.000111482
AC 194 -8.35898 -8.35898 -8.35951
OP 195 0.516562 0.526206 0.334525 0.0977138 0.38838 0.000102858
AC 195 -21.8649 -21.8649 -21.8655
OP 196 0.518332 0.539259 0.339698 0.10605 0.383411 9.98511E-05
AC 196 2.82581 2.82581 2.82504
OP 197 0.523574 0.531529 0.337483 0.104535 0.383767 0.000101132
AC 197 -0.429935 -0.429935 -0.430628
OP 198 0.527637 0.528263 0.337743 0.10824 0.384382 0.000101284
AC 198 -1.97329 -1.97329 -1.97397
OP 199 0.52713 0.526285 0.335388 0.104764 0.385983 0.000102273
AC 199 -2.73599 -2.73599 -2.73666
OP 200 0.516315 0.516341 0.327043 0.10111 0.391181 0.000108191
AC 200 -25.0405 -25.0405 -25.041
OP 201 0.528615 0.509242 0.315427 0.0995452 0.396583 0.000115508
AC 201 -48.3958 -48.3958 -48.396
OP 202 0.523142 0.531286 0.340212 0.104273 0.381607 0.000100064
AC 202 -1.84409 -1.84409 -1.84477
OP 203 0.520311 0.517403 0.324925 0.0988803 0.392266 0.000109031
AC 203 -14.7573 -14.7573 -14.7578
OP 204 0.539053 0.520388 0.344956 0.119685 0.381711 9.69858E-05
AC 204 2.29288 2.29288 2.2922
OP 205 0.510344 0.514583 0.326875 0.0963322 0.389641 0.000108505
AC 205 -8.99719 -8.99719 -8.99773
OP 206 0.541485 0.52014 0.329374 0.110997 0.386096 0.000106301
AC 206 -1.05892 -1.05892 -1.05948
OP 207 0.517206 0.524527 0.331711 0.102401 0.390254 0.000105133
AC 207 -5.73277 -5.73277 -5.73339
OP 208 0.510643 0.51467 0.329369 0.0948254 0.390211 0.000106846
AC 208 -10.6287 -10.6287 -10.6292
OP 209 0.513624 0.523078 0.334928 0.0935693 0.388154 0.000103356
AC 209 -18.7578 -18.7578 -18.7584
OP 210 0.524699 0.523351 0.330088 0.0978569 0.387452 0.000105705
AC 210 -16.7918 -16.7918 -16.7924
OP 211 0.520907 0.5127 0.315898 0.0958969 0.394647 0.000114818
AC 211 -16.8479 -16.8479 -16.8484
OP 212 0.527549 0.517629 0.319562 0.101741 0.390318 0.000112665
AC 212 -7.8349 -7.8349 -7.83542
OP 213 0.526661 0.516268 0.31671 0.0986225 0.397155 0.000114424
AC 213 -13.161 -13.161 -13.1615
OP 214 0.516281 0.52413 0.330281 0.100353 0.388237 0.000105968
AC 214 -6.85803 -6.85803 -6.85862
OP 215 0.516127 0.512947 0.327761 0.0886143 0.391767 0.000107628
AC 215 1.67947 1.67947 1.67893
OP 216 0.517128 0.529005 0.341855 0.106519 0.384758 9.92494E-05
AC 216 -3.75542 -3.75542 -3.75606
OP 217 0.524116 0.522912 0.322973 0.103864 0.391526 0.000110295
AC 217 -2.21316 -2.21316 -2.21375
OP 218 0.517047 0.506508 0.324542 0.0996841 0.393208 0.000109505
AC 218 -8.77148 -8.77148 -8.77197
OP 219 0.508846 0.513713 0.328779 0.0990054 0.390517 0.000107329
AC 219 -22.8897 -22.8897 -22.8902
OP 220 0.514913 0.524523 0.339013 0.0962351 0.3848 0.000100459
AC 220 -11.8014 -11.8014 -11.8021
OP 221 0.528214 0.500815 0.327824 0.100386 0.392631 0.000108922
AC 221 -2.84998 -2.84998 -2.85043
OP 222 0.533627 0.525048 0.345344 0.11022 0.382802 9.76168E-05
AC 222 -4.35984 -4.35984 -4.36048
OP 223 0.511323 0.521556 0.327517 0.0977235 0.391323 0.000107906
AC 223 -17.0427 -17.0427 -17.0432
OP 224 0.505042 0.523118 0.334859 0.0884933 0.385167 0.00010296
AC 224 -9.05604 -9.05604 -9.05668
OP 225 0.527592 0.509666 0.319755 0.102937 0.394818 0.000112693
AC 225 -16.6365 -16.6365 -16.637
OP 226 0.516035 0.508733 0.311422 0.0972421 0.397827 0.000118008
AC 226 -5.48379 -5.48379 -5.48422
OP 227 0.52804 0.527949 0.340109 0.111234 0.38418 0.00010014
AC 227 2.62045 2.62045 2.61972
OP 228 0.53897 0.513525 0.331384 0.100514 0.391439 0.000105825
AC 228 -32.0127 -32.0127 -32.0133
OP 229 0.519935 0.517817 0.329742 0.0941922 0.389072 0.000107031
AC 229 -14.6141 -14.6141 -14.6147
OP 230 0.521545 0.535507 0.34009 0.102958 0.384556 9.96834E-05
AC 230 -0.201805 -0.201805 -0.202529
OP 231 0.515115 0.530515 0.339038 0.103746 0.382651 0.000100913
AC 231 -1.80275 -1.80275 -1.80343
OP 232 0.535854 0.514299 0.322542 0.104499 0.39278 0.000110399
AC 232 -11.3446 -11.3446 -11.3451
OP 233 0.525145 0.521778 0.328054 0.100049 0.391654 0.000107568
AC 233 -8.28651 -8.28651 -8.28711
OP 234 0.526184 0.513758 0.326938 0.0987419 0.388851 0.000108548
AC 234 -10.2507 -10.2507 -10.2512
OP 235 0.527127 0.516465 0.324248 0.0962793 0.391501 0.000109656
AC 235 -29.4746 -29.4746 -29.4752
OP 236 0.518715 0.517103 0.32823 0.0971468 0.387998 0.000107183
AC 236 -27.392 -27.392 -27.3926
OP 237 0.532573 0.535829 0.332754 0.114563 0.386514 0.000103556
AC 237 4.2975 4.2975 4.29679
OP 238 0.515444 0.515984 0.325704 0.0910919 0.389899 0.000108357
AC 238 -10.5171 -10.5171 -10.5177
OP 239 0.520083 0.507467 0.321628 0.0974777 0.392841 0.000112205
AC 239 -10.7068 -10.7068 -10.7073
OP 240 0.514099 0.514748 0.328366 0.0916784 0.391255 0.000107433
AC 240 -2.00166 -2.00166 -2.0022
OP 241 0.522745 0.528735 0.342407 0.105078 0.38119 9.85698E-05
AC 241 -0.396955 -0.396955 -0.397668
OP 242 0.519722 0.534513 0.339988 0.100965 0.384403 0.000100025
AC 242 -3.05874 -3.05874 -3.05943
OP 243 0.514625 0.531518 0.33268 0.102503 0.38631 0.000104011
AC 243 0.182111 0.182111 0.181377
OP 244 0.519771 0.511833 0.325552 0.0948381 0.390113 0.000109217
AC 244 -1.95104 -1.95104 -1.95153
OP 245 0.527392 0.523436 0.338025 0.100731 0.384941 0.00010099
AC 245 -8.74334 -8.74334 -8.74399
OP 246 0.511227 0.521137 0.334574 0.095526 0.385817 0.000103576
AC 246 -26.941 -26.941 -26.9416
OP 247 0.516054 0.532183 0.332467 0.0990629 0.387931 0.000103952
AC 247 -4.63146 -4.63146 -4.63214
OP 248 0.529549 0.51814 0.325322 0.0970372 0.390883 0.000109217
AC 248 -27.0427 -27.0427 -27.0432
OP 249 0.518773 0.512912 0.327155 0.0969849 0.392693 0.000108119
AC 249 -10.1517 -10.1517 -10.1522
OP 250 0.519264 0.514786 0.323074 0.0963968 0.392402 0.000110523
AC 250 -15.6793 -15.6793 -15.6798
OP 251 0.514556 0.528428 0.334973 0.0944269 0.38574 0.000103267
AC 251 -24.8468 -24.8468 -24.8474
OP 252 0.517281 0.516272 0.331711 0.0999844 0.389162 0.000105784
AC 252 -16.8948 -16.8948 -16.8953
OP 253 0.519646 0.518651 0.331376 0.0983571 0.38985 0.000105619
AC 253 -16.3243 -16.3243 -16.3249
OP 254 0.528094 0.523332 0.331302 0.107761 0.387052 0.000104875
AC 254 -0.952342 -0.952342 -0.95296
OP 255 0.513625 0.523704 0.334049 0.0989937 0.388508 0.00010417
AC 255 -10.0615 -10.0615 -10.0621
OP 256 0.506486 0.516729 0.329409 0.0940016 0.391245 0.000107223
AC 256 -10.4454 -10.4454 -10.4459
OP 257 0.523812 0.516807 0.336227 0.102362 0.386431 0.00010268
AC 257 -40.6744 -40.6744 -40.6749
OP 258 0.519892 0.526339 0.329258 0.0991426 0.389417 0.00010592
AC 258 -3.93565 -3.93565 -3.93632
OP 259 0.518763 0.521171 0.338912 0.0976408 0.384649 0.000101175
AC 259 -16.3065 -16.3065 -16.3072
OP 260 0.526248 0.52506 0.339401 0.100598 0.38582 0.000100464
AC 260 -7.49815 -7.49815 -7.49882
OP 261 0.517365 0.517886 0.326896 0.0984293 0.392889 0.000108218
AC 261 -15.4098 -15.4098 -15.4104
OP 262 0.529954 0.518487 0.330193 0.109758 0.388509 0.000106571
AC 262 -2.06263 -2.06263 -2.06319
OP 263 0.512697 0.515064 0.324329 0.0962801 0.393031 0.0001103
AC 263 -6.89959 -6.89959 -6.90011
OP 264 0.522456 0.522606 0.325617 0.107302 0.390012 0.000108673
AC 264 -4.08605 -4.08605 -4.0866
OP 265 0.520241 0.527275 0.344402 0.107823 0.380528 9.75012E-05
AC 265 -1.94435 -1.94435 -1.94507
OP 266 0.519723 0.522096 0.33799 0.0990678 0.386643 0.00010147
AC 266 -31.4476 -31.4476 -31.4481
OP 267 0.517671 0.53313 0.33794 0.0972803 0.38391 0.000100423
AC 267 -2.58518 -2.58518 -2.58593
OP 268 0.513122 0.517703 0.321355 0.0909565 0.393263 0.000111148
AC 268 -5.78457 -5.78457 -5.78514
OP 269 0.516957 0.510153 0.326798 0.10041 0.392376 0.000108943
AC 269 -17.7542 -17.7542 -17.7547
OP 270 0.530824 0.517459 0.33553 0.111523 0.3884 0.000103113
AC 270 -2.2285 -2.2285 -2.22908
OP 271 0.536716 0.525148 0.33257 0.107183 0.388129 0.000104119
AC 271 0.349138 0.349138 0.348519
OP 272 0.531217 0.50786 0.316594 0.0979183 0.39487 0.000114704
AC 272 -12.5677 -12.5677 -12.5682
OP 273 0.51373 0.518684 0.324861 0.0959711 0.391771 0.000109522
AC 273 -19.0531 -19.0531 -19.0537
OP 274 0.529705 0.522854 0.332605 0.101872 0.388736 0.000104667
AC 274 -4.44271 -4.44271 -4.44332
OP 275 0.525395 0.526887 0.328954 0.101431 0.389556 0.000105965
AC 275 -4.13651 -4.13651 -4.13713
OP 276 0.522862 0.525571 0.333009 0.104972 0.386034 0.000104015
AC 276 0.90192 0.90192 0.901246
OP 277 0.517338 0.51385 0.319717 0.094687 0.394802 0.000112697
AC 277 -45.211 -45.211 -45.2114
OP 278 0.521636 0.519744 0.331685 0.0970032 0.388763 0.00010516
AC 278 -35.1101 -35.1101 -35.1106
OP 279 0.529882 0.518402 0.324517 0.0968941 0.392072 0.000109576
AC 279 -32.0274 -32.0274 -32.0279
OP 280 0.531954 0.525763 0.328972 0.109357 0.388289 0.000106303
AC 280 1.60287 1.60287 1.60222
OP 281 0.530109 0.518192 0.325413 0.106875 0.388763 0.000109
AC 281 -1.31346 -1.31346 -1.31401
OP 282 0.51116 0.533387 0.330009 0.0972885 0.388531 0.000105519
AC 282 -1.29038 -1.29038 -1.29113
OP 283 0.53869 0.519456 0.336601 0.108748 0.387806 0.000102366
AC 283 -3.27994 -3.27994 -3.28054
OP 284 0.505896 0.536451 0.339668 0.102991 0.380846 9.96511E-05
AC 284 0.407392 0.407392 0.406608
OP 285 0.506783 0.521783 0.331422 0.100094 0.389119 0.000105423
AC 285 -16.7736 -16.7736 -16.7742
OP 286 0.52616 0.514004 0.326373 0.107814 0.390011 0.000108648
AC 286 -5.25632 -5.25632 -5.25685
OP 287 0.53938 0.512236 0.315595 0.101873 0.396529 0.000115542
AC 287 -9.20321 -9.20321 -9.20371
OP 288 0.527662 0.519084 0.334703 0.0979851 0.386937 0.000103638
AC 288 -24.9671 -24.9671 -24.9677
OP 289 0.531485 0.517585 0.334246 0.106835 0.386767 0.000103903
AC 289 -5.32284 -5.32284 -5.32342
OP 290 0.517596 0.518846 0.324987 0.090148 0.390953 0.000109227
AC 290 -6.64838 -6.64838 -6.64894
OP 291 0.518164 0.521384 0.327283 0.100651 0.389966 0.000107528
AC 291 -11.4712 -11.4712 -11.4718
OP 292 0.528091 0.518506 0.326 0.106406 0.392431 0.00010854
AC 292 -4.04782 -4.04782 -4.04838
OP 293 0.519651 0.520614 0.331645 0.0984182 0.386838 0.000105021
AC 293 -12.2212 -12.2212 -12.2218
OP 294 0.532593 0.533549 0.336348 0.102163 0.382912 0.000101666
AC 294 0.761988 0.761988 0.761263
OP 295 0.515803 0.517642 0.333272 0.0965998 0.38642 0.000104785
AC 295 -3.12901 -3.12901 -3.12956
OP 296 0.521419 0.522445 0.337294 0.104762 0.385966 0.000102295
AC 296 -9.15253 -9.15253 -9.15311
OP 297 0.524532 0.511549 0.322129 0.103181 0.392825 0.000111507
AC 297 -28.7002 -28.7002 -28.7006
OP 298 0.517448 0.523658 0.3254 0.102191 0.390067 0.000108409
AC 298 -3.12345 -3.12345 -3.12404
OP 299 0.5051 0.522325 0.324286 0.0957482 0.392255 0.000109246
AC 299 -19.1103 -19.1103 -19.1109
