OP 0 0.625609 0.760682 0.602086 0.265663 0.34211 0.000102588
AC 0 7.37402 7.37402 7.37338
OP 1 0.64236 0.767785 0.590426 0.269441 0.34794 0.00010811
AC 1 8.81619 8.81619 8.81558
OP 2 0.649404 0.76497 0.594969 0.276586 0.347055 0.000105802
AC 2 8.52732 8.52732 8.52672
OP 3 0.639858 0.763664 0.595733 0.259872 0.344676 0.000105204
AC 3 8.28189 8.28189 8.28126
OP 4 0.661173 0.761069 0.593975 0.285908 0.345319 0.000106175
AC 4 8.99458 8.99458 8.994
OP 5 0.649867 0.771522 0.60174 0.285754 0.341124 0.000102133
AC 5 8.86961 8.86961 8.86893
OP 6 0.640178 0.757167 0.591788 0.267868 0.347497 0.000107325
AC 6 7.4434 7.4434 7.44283
OP 7 0.631561 0.767815 0.595882 0.269086 0.343864 0.000105003
AC 7 7.87084 7.87084 7.87018
OP 8 0.672723 0.75632 0.590904 0.286101 0.344727 0.000108049
AC 8 8.56646 8.56646 8.5659
OP 9 0.637648 0.765692 0.586392 0.280789 0.3479 0.000109622
AC 9 9.37059 9.37059 9.37001
OP 10 0.65522 0.774874 0.595265 0.282709 0.346363 0.00010475
AC 10 9.02747 9.02747 9.02678
OP 11 0.638825 0.764341 0.597594 0.26588 0.344754 0.000104626
AC 11 7.94255 7.94255 7.94194
OP 12 0.641111 0.749503 0.585251 0.264218 0.350809 0.000111948
AC 12 7.74071 7.74071 7.74018
OP 13 0.651643 0.751447 0.591137 0.273772 0.349132 0.000107832
AC 13 7.3998 7.3998 7.39921
OP 14 0.642628 0.762629 0.592369 0.26735 0.346392 0.000107118
AC 14 8.40841 8.40841 8.40781
OP 15 0.657854 0.768522 0.595131 0.283946 0.344973 0.000105069
AC 15 8.49691 8.49691 8.49626
OP 16 0.650238 0.766806 0.590033 0.277004 0.347688 0.000107917
AC 16 9.19947 9.19947 9.19885
OP 17 0.638556 0.763464 0.600874 0.271309 0.341836 0.000102514
AC 17 7.02111 7.02111 7.0205
OP 18 0.643395 0.757385 0.591931 0.270657 0.346606 0.000107636
AC 18 8.36643 8.36643 8.36587
OP 19 0.631719 0.762982 0.595314 0.267408 0.346322 0.000106051
AC 19 8.0516 8.0516 8.05099
OP 20 0.637126 0.761215 0.595359 0.266687 0.344857 0.000105538
AC 20 7.34384 7.34384 7.34323
OP 21 0.640659 0.755051 0.586344 0.262369 0.352422 0.000110062
AC 21 7.95292 7.95292 7.95234
OP 22 0.65379 0.769397 0.601427 0.273392 0.341069 0.000102096
AC 22 8.34581 8.34581 8.34512
OP 23 0.658886 0.766661 0.598296 0.274875 0.342191 0.000104131
AC 23 8.9826 8.9826 8.98198
OP 24 0.645108 0.758257 0.587443 0.276669 0.35017 0.000109778
AC 24 8.41969 8.41969 8.41912
OP 25 0.627611 0.761291 0.601418 0.262662 0.344347 0.000102674
AC 25 6.64651 6.64651 6.64587
OP 26 0.636159 0.768781 0.595974 0.270061 0.345498 0.000105241
AC 26 7.79474 7.79474 7.7941
OP 27 0.63925 0.765315 0.60109 0.270425 0.343835 0.000102581
AC 27 6.85648 6.85648 6.85583
OP 28 0.653349 0.754787 0.595555 0.280782 0.345721 0.000105666
AC 28 8.12202 8.12202 8.12146
OP 29 0.643706 0.760311 0.587011 0.272124 0.349657 0.000109255
AC 29 8.39114 8.39114 8.39059
OP 30 0.638924 0.765793 0.602611 0.276626 0.341407 0.000101739
AC 30 7.17349 7.17349 7.17282
OP 31 0.641038 0.760537 0.593871 0.271052 0.348594 0.000106215
AC 31 8.49141 8.49141 8.4908
OP 32 0.655363 0.759638 0.590549 0.276315 0.344269 0.000108039
AC 32 8.6567 8.6567 8.65611
OP 33 0.638025 0.77511 0.609525 0.272207 0.337427 9.8293E-05
AC 33 8.3467 8.3467 8.346
OP 34 0.64917 0.757181 0.583604 0.273181 0.351916 0.000111459
AC 34 8.48128 8.48128 8.48071
OP 35 0.631838 0.762884 0.594182 0.266346 0.348947 0.000106015
AC 35 7.56896 7.56896 7.56832
OP 36 0.641408 0.75986 0.598412 0.272734 0.343262 0.000104174
AC 36 7.73542 7.73542 7.7348
OP 37 0.644345 0.777681 0.603247 0.276348 0.34169 0.000101379
AC 37 8.04879 8.04879 8.04808
OP 38 0.622726 0.772786 0.604038 0.273095 0.338847 0.000100852
AC 38 8.9742 8.9742 8.97349
OP 39 0.646429 0.768626 0.595474 0.267692 0.344898 0.000105293
AC 39 9.31319 9.31319 9.31253
OP 40 0.645383 0.774622 0.603739 0.267763 0.339765 0.000100911
AC 40 8.25633 8.25633 8.25563
OP 41 0.630059 0.753335 0.590835 0.258052 0.350715 0.000108409
AC 41 7.18502 7.18502 7.18445
OP 42 0.617413 0.7626 0.595602 0.25916 0.34886 0.000105372
AC 42 7.28708 7.28708 7.28643
OP 43 0.621315 0.75496 0.584838 0.264209 0.351611 0.000110631
AC 43 7.62986 7.62986 7.62931
OP 44 0.645364 0.765961 0.597262 0.274013 0.342894 0.000104697
AC 44 8.85202 8.85202 8.85138
OP 45 0.643206 0.766082 0.599544 0.284522 0.341005 0.000102866
AC 45 8.89872 8.89872 8.89809
OP 46 0.654995 0.761899 0.59726 0.281849 0.345863 0.000104399
AC 46 8.21236 8.21236 8.21174
OP 47 0.64746 0.758099 0.604204 0.26776 0.342834 0.000101776
AC 47 6.93159 6.93159 6.93096
OP 48 0.639542 0.763015 0.594195 0.270106 0.34389 0.000106083
AC 48 7.14707 7.14707 7.14649
OP 49 0.641035 0.768066 0.597979 0.272665 0.34317 0.000104261
AC 49 8.44811 8.44811 8.44747
OP 50 0.642356 0.76538 0.601939 0.270474 0.341302 0.00010243
AC 50 7.85079 7.85079 7.8501
OP 51 0.641561 0.762627 0.593764 0.273669 0.346917 0.000106454
AC 51 8.82953 8.82953 8.82893
OP 52 0.633193 0.756375 0.587726 0.272352 0.348686 0.000109735
AC 52 7.82296 7.82296 7.82244
OP 53 0.634919 0.774744 0.603588 0.272719 0.339531 0.00010061
AC 53 8.20314 8.20314 8.20243
OP 54 0.659802 0.756196 0.594256 0.279888 0.343094 0.000106475
AC 54 8.46733 8.46733 8.46677
OP 55 0.64365 0.768738 0.598713 0.275311 0.344366 0.000103559
AC 55 8.43205 8.43205 8.43141
OP 56 0.634995 0.752961 0.589503 0.268937 0.34753 0.000109064
AC 56 8.12204 8.12204 8.1215
OP 57 0.649965 0.755798 0.589207 0.27342 0.348508 0.000109001
AC 57 8.08451 8.08451 8.08395
OP 58 0.660416 0.765734 0.596907 0.281052 0.343928 0.000104746
AC 58 9.21034 9.21034 9.20974
OP 59 0.639148 0.774393 0.605658 0.277901 0.341016 9.9967E-05
AC 59 7.97866 7.97866 7.97796
OP 60 0.640411 0.755564 0.592017 0.270404 0.345734 0.000107511
AC 60 8.03368 8.03368 8.03312
OP 61 0.653152 0.750013 0.586274 0.268523 0.34869 0.000110654
AC 61 8.72236 8.72236 8.72182
OP 62 0.645851 0.772587 0.595807 0.27708 0.343134 0.000104969
AC 62 8.89575 8.89575 8.89512
OP 63 0.635462 0.761233 0.596968 0.267324 0.34504 0.000105089
AC 63 8.7401 8.7401 8.73948
OP 64 0.634516 0.757579 0.589105 0.263029 0.347735 0.000109316
AC 64 8.34548 8.34548 8.34492
OP 65 0.653873 0.780681 0.606345 0.28907 0.339075 9.87674E-05
AC 65 8.86756 8.86756 8.86679
OP 66 0.641315 0.764188 0.596007 0.270673 0.343969 0.000104886
AC 66 8.31019 8.31019 8.30956
OP 67 0.642789 0.763008 0.602663 0.27515 0.339603 0.000101858
AC 67 7.32024 7.32024 7.31959
OP 68 0.630358 0.751094 0.594465 0.265119 0.346905 0.000106814
AC 68 7.46367 7.46367 7.46313
OP 69 0.632811 0.762349 0.586298 0.26065 0.349207 0.000110231
AC 69 8.4102 8.4102 8.40961
OP 70 0.646439 0.758769 0.595899 0.269255 0.345998 0.000105532
AC 70 7.64517 7.64517 7.64459
OP 71 0.632075 0.776534 0.596274 0.276559 0.343603 0.000103843
AC 71 8.10219 8.10219 8.1015
OP 72 0.645054 0.76391 0.584972 0.273427 0.34971 0.000111037
AC 72 8.81104 8.81104 8.81047
OP 73 0.625656 0.754973 0.59125 0.264629 0.347575 0.000108069
AC 73 7.19487 7.19487 7.19433
OP 74 0.630495 0.760157 0.595272 0.265282 0.345939 0.00010584
AC 74 7.32143 7.32143 7.32085
OP 75 0.63828 0.768643 0.600021 0.269897 0.341539 0.000103099
AC 75 8.15553 8.15553 8.15484
OP 76 0.644794 0.769108 0.604253 0.273763 0.338949 0.000101004
AC 76 7.28006 7.28006 7.27941
OP 77 0.641251 0.765155 0.59622 0.272461 0.344449 0.000105074
AC 77 8.08657 8.08657 8.08593
OP 78 0.622338 0.762386 0.597574 0.265379 0.343012 0.000104145
AC 78 6.62881 6.62881 6.62821
OP 79 0.623501 0.774721 0.600121 0.270658 0.342924 0.000102205
AC 79 8.46283 8.46283 8.46212
OP 80 0.638084 0.761821 0.595494 0.266071 0.346036 0.000105497
AC 80 7.77931 7.77931 7.77868
OP 81 0.632303 0.760708 0.59758 0.270333 0.344708 0.000104811
AC 81 8.49268 8.49268 8.49207
OP 82 0.646479 0.768728 0.605097 0.278183 0.339952 0.000100612
AC 82 8.20224 8.20224 8.20155
OP 83 0.646152 0.756398 0.593729 0.269679 0.347044 0.000106822
AC 83 8.31729 8.31729 8.31672
OP 84 0.641871 0.752865 0.58617 0.259214 0.350437 0.000110617
AC 84 7.14131 7.14131 7.14075
OP 85 0.628477 0.750475 0.590736 0.261662 0.348342 0.000109234
AC 85 6.40616 6.40616 6.40564
OP 86 0.642424 0.769145 0.598471 0.270605 0.34326 0.000103852
AC 86 6.99753 6.99753 6.99688
OP 87 0.636248 0.768983 0.599813 0.269835 0.342253 0.000102822
AC 87 8.30238 8.30238 8.30173
OP 88 0.641413 0.75467 0.589761 0.264704 0.348725 0.00010878
AC 88 7.95853 7.95853 7.95796
OP 89 0.660026 0.772884 0.58959 0.274911 0.346585 0.00010733
AC 89 9.72317 9.72317 9.72247
OP 90 0.650904 0.761303 0.592585 0.272027 0.345697 0.000106961
AC 90 8.65265 8.65265 8.65202
OP 91 0.644406 0.758968 0.596129 0.273315 0.346354 0.000105339
AC 91 8.38811 8.38811 8.38748
OP 92 0.635863 0.761363 0.593656 0.268393 0.347655 0.00010601
AC 92 7.48871 7.48871 7.48807
OP 93 0.650296 0.763109 0.593815 0.277152 0.344889 0.000105911
AC 93 9.01988 9.01988 9.01926
OP 94 0.656797 0.777865 0.605325 0.285939 0.33863 0.000100101
AC 94 9.20674 9.20674 9.20603
OP 95 0.632308 0.766117 0.592237 0.268728 0.344212 0.000107024
AC 95 8.82196 8.82196 8.82133
OP 96 0.642324 0.762087 0.591738 0.267165 0.345144 0.000107243
AC 96 8.29699 8.29699 8.29636
OP 97 0.659801 0.773369 0.595318 0.289098 0.343713 0.000104994
AC 97 9.51456 9.51456 9.51391
OP 98 0.626448 0.762476 0.596251 0.27229 0.343592 0.000104817
AC 98 7.81652 7.81652 7.81591
OP 99 0.639843 0.757346 0.595802 0.270653 0.345474 0.00010557
AC 99 7.76203 7.76203 7.76144
OP 100 0.666385 0.763311 0.590146 0.275063 0.347703 0.000108053
AC 100 8.93019 8.93019 8.92957
OP 101 0.630016 0.767216 0.599745 0.263639 0.342921 0.000103554
AC 101 6.13365 6.13365 6.133
OP 102 0.648842 0.768212 0.602189 0.281663 0.34018 0.000101853
AC 102 8.5927 8.5927 8.59203
OP 103 0.646807 0.765407 0.598857 0.277907 0.343291 0.000103924
AC 103 8.49319 8.49319 8.49257
OP 104 0.639286 0.761911 0.58894 0.270008 0.346008 0.000108923
AC 104 8.70598 8.70598 8.7054
OP 105 0.635393 0.782995 0.602634 0.278496 0.339985 0.000101358
AC 105 8.96209 8.96209 8.96133
OP 106 0.635118 0.774132 0.605193 0.270833 0.340701 0.000100485
AC 106 8.01896 8.01896 8.01826
OP 107 0.627131 0.755176 0.593696 0.258889 0.346793 0.000106532
AC 107 5.88752 5.88752 5.88694
OP 108 0.63685 0.774838 0.603319 0.273164 0.341229 0.00010118
AC 108 7.97647 7.97647 7.97576
OP 109 0.629072 0.761931 0.594292 0.268665 0.34757 0.000106304
AC 109 8.23718 8.23718 8.23658
OP 110 0.641342 0.748387 0.587336 0.273717 0.347505 0.000110075
AC 110 6.33326 6.33326 6.33276
OP 111 0.640013 0.757124 0.595153 0.269824 0.345012 0.000106406
AC 111 6.91705 6.91705 6.91649
OP 112 0.645405 0.764398 0.594267 0.270617 0.346793 0.000106335
AC 112 7.90103 7.90103 7.90043
OP 113 0.631309 0.74289 0.590007 0.258048 0.351945 0.000109646
AC 113 6.91414 6.91414 6.91363
OP 114 0.647194 0.762857 0.596322 0.265664 0.344882 0.0001053
AC 114 7.58802 7.58802 7.58741
OP 115 0.637245 0.751829 0.587988 0.271747 0.349926 0.000109735
AC 115 7.09868 7.09868 7.09814
OP 116 0.641309 0.758679 0.599254 0.272966 0.341354 0.000104028
AC 116 7.93485 7.93485 7.93424
OP 117 0.659039 0.761421 0.595119 0.284118 0.343609 0.000105678
AC 117 8.39135 8.39135 8.39073
OP 118 0.653485 0.775282 0.608562 0.282255 0.336983 9.80465E-05
AC 118 8.35209 8.35209 8.35135
OP 119 0.643381 0.764188 0.588415 0.269564 0.349782 0.000108905
AC 119 8.74472 8.74472 8.74412
OP 120 0.645793 0.778265 0.595399 0.274022 0.344629 0.000104616
AC 120 8.73912 8.73912 8.7384
OP 121 0.656119 0.774521 0.598036 0.286916 0.340509 0.0001029
AC 121 9.40038 9.40038 9.39966
OP 122 0.644681 0.76796 0.592538 0.272804 0.346075 0.000106517
AC 122 8.66389 8.66389 8.66322
OP 123 0.632445 0.766862 0.605071 0.274789 0.339731 0.000100636
AC 123 7.32371 7.32371 7.32306
OP 124 0.631693 0.77451 0.592461 0.264713 0.348185 0.000106355
AC 124 9.72183 9.72183 9.72117
OP 125 0.650212 0.758234 0.593707 0.274166 0.344487 0.000106265
AC 125 8.41835 8.41835 8.41775
OP 126 0.646116 0.764847 0.600548 0.27393 0.341584 0.000102923
AC 126 7.70589 7.70589 7.70524
OP 127 0.648914 0.758013 0.597468 0.280115 0.34305 0.000105067
AC 127 7.60328 7.60328 7.60272
OP 128 0.646192 0.763361 0.595322 0.273174 0.346276 0.000105747
AC 128 8.72819 8.72819 8.72757
OP 129 0.639777 0.764863 0.586031 0.27066 0.349951 0.000110208
AC 129 7.67144 7.67144 7.67085
OP 130 0.640885 0.761394 0.594024 0.273002 0.3454 0.000106269
AC 130 7.96108 7.96108 7.96048
OP 131 0.659236 0.766973 0.594051 0.277686 0.346226 0.000106057
AC 131 8.65395 8.65395 8.65331
OP 132 0.649637 0.763408 0.593167 0.274151 0.344476 0.000106393
AC 132 8.70955 8.70955 8.70893
OP 133 0.640663 0.765777 0.597043 0.269943 0.344604 0.000104374
AC 133 8.4132 8.4132 8.41253
OP 134 0.639203 0.77257 0.603091 0.27593 0.341295 0.000101384
AC 134 7.81369 7.81369 7.81301
OP 135 0.647709 0.770951 0.591496 0.279039 0.347303 0.000106864
AC 135 8.99251 8.99251 8.99187
OP 136 0.642454 0.771027 0.60068 0.279605 0.341055 0.000102541
AC 136 7.98826 7.98826 7.9876
OP 137 0.642776 0.758827 0.597858 0.27008 0.345448 0.000104637
AC 137 5.96689 5.96689 5.96628
OP 138 0.632473 0.767789 0.597503 0.26744 0.344972 0.000104204
AC 138 8.21895 8.21895 8.2183
OP 139 0.637353 0.779382 0.602473 0.275655 0.3388 0.000101366
AC 139 8.90723 8.90723 8.90651
OP 140 0.639925 0.769355 0.598339 0.270126 0.345782 0.000103923
AC 140 8.2368 8.2368 8.23616
OP 141 0.644731 0.763063 0.602926 0.272261 0.341406 0.000101858
AC 141 7.16728 7.16728 7.16666
OP 142 0.63994 0.762974 0.600073 0.280643 0.344597 0.000103439
AC 142 6.9848 6.9848 6.98419
OP 143 0.634169 0.765471 0.597027 0.270991 0.342729 0.000104744
AC 143 8.79902 8.79902 8.7984
OP 144 0.663638 0.759522 0.590971 0.282153 0.344971 0.000107751
AC 144 8.63341 8.63341 8.63286
OP 145 0.659216 0.758421 0.589449 0.280435 0.348898 0.000108674
AC 145 9.05602 9.05602 9.05545
OP 146 0.644747 0.769306 0.602575 0.279701 0.342621 0.00010203
AC 146 8.42765 8.42765 8.42699
OP 147 0.631179 0.773481 0.597614 0.264508 0.341808 0.000104242
AC 147 7.8514 7.8514 7.85074
OP 148 0.640747 0.763195 0.598545 0.271995 0.344189 0.000103932
AC 148 7.89804 7.89804 7.89745
OP 149 0.65574 0.753248 0.579211 0.26633 0.354366 0.000114104
AC 149 8.36278 8.36278 8.36225
OP 150 0.656943 0.761747 0.600657 0.282336 0.342793 0.000103132
AC 150 8.27034 8.27034 8.26972
OP 151 0.641598 0.768474 0.596315 0.278802 0.342705 0.000104743
AC 151 8.98459 8.98459 8.98398
OP 152 0.655404 0.758536 0.598195 0.281429 0.342411 0.000104379
AC 152 7.74364 7.74364 7.74306
OP 153 0.640393 0.765197 0.592673 0.277522 0.349183 0.000106471
AC 153 7.99233 7.99233 7.99173
OP 154 0.63988 0.763898 0.592143 0.269121 0.345933 0.000107196
AC 154 8.38962 8.38962 8.38898
OP 155 0.666168 0.755977 0.586339 0.278303 0.349703 0.000109982
AC 155 8.68884 8.68884 8.6883
OP 156 0.663075 0.764683 0.59751 0.27929 0.345379 0.000105055
AC 156 8.25209 8.25209 8.25148
OP 157 0.65599 0.77171 0.610202 0.284171 0.336404 9.79708E-05
AC 157 8.29438 8.29438 8.29368
OP 158 0.628234 0.760188 0.595962 0.260076 0.346406 0.000106172
AC 158 8.34928 8.34928 8.34867
OP 159 0.635902 0.752023 0.5993 0.26582 0.344772 0.000104391
AC 159 6.65966 6.65966 6.6591
OP 160 0.649734 0.770079 0.591743 0.277654 0.345346 0.000107131
AC 160 9.5834 9.5834 9.58277
OP 161 0.626923 0.767937 0.590851 0.265301 0.3462 0.000107318
AC 161 7.90272 7.90272 7.90208
OP 162 0.634283 0.769239 0.588252 0.27291 0.348336 0.000108554
AC 162 9.30973 9.30973 9.30909
OP 163 0.649006 0.764073 0.596811 0.271866 0.343405 0.000104667
AC 163 7.65224 7.65224 7.65159
OP 164 0.654612 0.759014 0.600147 0.275151 0.343855 0.000103475
AC 164 6.87169 6.87169 6.87109
OP 165 0.645824 0.75963 0.58203 0.267098 0.351137 0.000111806
AC 165 8.41087 8.41087 8.41029
OP 166 0.640528 0.747472 0.585616 0.26327 0.352694 0.000110683
AC 166 7.50497 7.50497 7.50442
OP 167 0.649736 0.769047 0.597647 0.283278 0.347231 0.000104219
AC 167 8.15713 8.15713 8.15651
OP 168 0.641139 0.766516 0.599795 0.269755 0.339512 0.000103117
AC 168 7.7005 7.7005 7.69984
OP 169 0.644745 0.760924 0.596336 0.273858 0.34268 0.000105192
AC 169 7.6361 7.6361 7.63551
OP 170 0.651931 0.757815 0.596641 0.280932 0.34677 0.000105276
AC 170 7.69252 7.69252 7.69193
OP 171 0.651857 0.757236 0.590678 0.283573 0.347665 0.000107971
AC 171 7.9141 7.9141 7.91353
OP 172 0.645469 0.767903 0.592753 0.269458 0.34759 0.000106168
AC 172 7.79326 7.79326 7.79263
OP 173 0.649141 0.761166 0.594904 0.274376 0.344683 0.000106057
AC 173 8.65192 8.65192 8.65132
OP 174 0.638726 0.76792 0.59412 0.27545 0.344756 0.000105691
AC 174 8.95478 8.95478 8.95414
OP 175 0.643378 0.76175 0.597012 0.275154 0.343835 0.000104956
AC 175 7.65008 7.65008 7.6495
OP 176 0.644959 0.766617 0.593807 0.274073 0.343825 0.000106246
AC 176 8.49981 8.49981 8.49919
OP 177 0.637351 0.764475 0.599028 0.274878 0.343538 0.000103312
AC 177 8.0975 8.0975 8.09687
OP 178 0.638466 0.776746 0.605085 0.271157 0.340658 0.000100149
AC 178 8.27443 8.27443 8.27371
OP 179 0.65108 0.759923 0.59898 0.272614 0.344991 0.000103804
AC 179 8.19462 8.19462 8.19402
OP 180 0.643155 0.773717 0.588146 0.273495 0.34948 0.00010893
AC 180 9.29585 9.29585 9.29521
OP 181 0.652456 0.758642 0.59143 0.280311 0.346208 0.000108113
AC 181 8.57414 8.57414 8.57358
OP 182 0.625013 0.762454 0.599133 0.263838 0.341595 0.000103885
AC 182 7.31153 7.31153 7.31094
OP 183 0.63514 0.775528 0.597805 0.270695 0.343666 0.000103979
AC 183 8.76662 8.76662 8.76592
OP 184 0.629001 0.75755 0.585777 0.268163 0.350891 0.000110881
AC 184 7.95274 7.95274 7.95219
OP 185 0.656854 0.764464 0.597541 0.270507 0.344839 0.000104449
AC 185 8.00394 8.00394 8.00332
OP 186 0.644637 0.748166 0.587546 0.261101 0.350783 0.000110169
AC 186 7.54939 7.54939 7.54885
OP 187 0.646203 0.765152 0.595426 0.267101 0.34391 0.000105161
AC 187 8.23138 8.23138 8.23076
OP 188 0.645455 0.765098 0.597018 0.277842 0.343937 0.000104068
AC 188 8.46675 8.46675 8.46612
OP 189 0.65828 0.752875 0.590648 0.276561 0.347819 0.000108213
AC 189 7.94134 7.94134 7.94078
OP 190 0.639344 0.767927 0.598867 0.276494 0.345205 0.000103511
AC 190 8.63932 8.63932 8.63866
OP 191 0.64771 0.761712 0.603889 0.282536 0.34007 0.000101547
AC 191 8.09726 8.09726 8.09661
OP 192 0.636322 0.773526 0.601531 0.274413 0.343194 0.000101554
AC 192 8.28197 8.28197 8.28128
OP 193 0.645359 0.762522 0.591525 0.280225 0.346831 0.000107855
AC 193 8.88616 8.88616 8.88556
OP 194 0.637892 0.769691 0.59477 0.273312 0.34487 0.000105626
AC 194 8.54846 8.54846 8.54783
OP 195 0.627917 0.76352 0.584934 0.266017 0.353555 0.000110757
AC 195 8.56549 8.56549 8.56491
OP 196 0.64769 0.756979 0.59213 0.270433 0.345355 0.000107169
AC 196 8.00737 8.00737 8.00676
OP 197 0.654861 0.763325 0.599026 0.276779 0.34215 0.000103618
AC 197 8.49429 8.49429 8.49365
OP 198 0.645125 0.764923 0.604644 0.273901 0.340434 0.000100763
AC 198 7.51677 7.51677 7.51611
OP 199 0.631669 0.762134 0.599648 0.26902 0.345648 0.000103249
AC 199 7.63674 7.63674 7.63613
OP 200 0.647592 0.76021 0.59605 0.277821 0.34387 0.000105199
AC 200 8.4427 8.4427 8.44208
OP 201 0.661633 0.750737 0.595957 0.273101 0.345727 0.000106308
AC 201 7.1685 7.1685 7.16794
OP 202 0.634002 0.759068 0.589883 0.26401 0.348443 0.000108762
AC 202 7.49497 7.49497 7.4944
OP 203 0.668301 0.762624 0.587513 0.285551 0.348843 0.000109347
AC 203 8.89752 8.89752 8.89697
OP 204 0.657784 0.747664 0.583212 0.275293 0.350134 0.000112287
AC 204 7.12269 7.12269 7.12219
OP 205 0.631599 0.754496 0.588884 0.259847 0.349402 0.000108599
AC 205 6.36467 6.36467 6.36409
OP 206 0.622809 0.761603 0.593051 0.268811 0.345526 0.000106897
AC 206 7.45583 7.45583 7.45526
OP 207 0.652023 0.762223 0.595989 0.276518 0.342301 0.000104976
AC 207 8.42559 8.42559 8.42497
OP 208 0.66141 0.754829 0.588686 0.271753 0.347959 0.000109444
AC 208 8.18949 8.18949 8.18895
OP 209 0.637438 0.762542 0.59325 0.279294 0.344023 0.000106744
AC 209 7.90465 7.90465 7.90407
OP 210 0.636239 0.774565 0.606042 0.270024 0.340855 9.98605E-05
AC 210 8.63858 8.63858 8.63786
OP 211 0.637117 0.763331 0.590165 0.265718 0.347002 0.000108026
AC 211 8.63897 8.63897 8.6384
OP 212 0.645498 0.756006 0.598367 0.272991 0.341836 0.000104727
AC 212 6.90179 6.90179 6.90121
OP 213 0.639086 0.745489 0.584808 0.268679 0.35108 0.000111932
AC 213 7.18624 7.18624 7.18575
OP 214 0.641497 0.765 0.594107 0.267024 0.344952 0.000105748
AC 214 7.90893 7.90893 7.9083
OP 215 0.627131 0.766277 0.594687 0.263834 0.345699 0.000105415
AC 215 7.3196 7.3196 7.31897
OP 216 0.634156 0.761964 0.589095 0.26247 0.350881 0.000108582
AC 216 8.25614 8.25614 8.25553
OP 217 0.641147 0.744699 0.590224 0.274402 0.347641 0.000109269
AC 217 6.81696 6.81696 6.81644
OP 218 0.645958 0.754352 0.589755 0.268467 0.348082 0.000108846
AC 218 8.10957 8.10957 8.10899
OP 219 0.648364 0.767328 0.596916 0.278582 0.34343 0.000104485
AC 219 8.86587 8.86587 8.86522
OP 220 0.637076 0.775031 0.587137 0.265824 0.347374 0.000108766
AC 220 9.53406 9.53406 9.53341
OP 221 0.646269 0.771657 0.604155 0.277578 0.338856 0.000100291
AC 221 8.17377 8.17377 8.17308
OP 222 0.643719 0.757335 0.590772 0.272205 0.349166 0.000108181
AC 222 7.97799 7.97799 7.97743
OP 223 0.621544 0.761976 0.592331 0.260759 0.348378 0.000107167
AC 223 8.2085 8.2085 8.20787
OP 224 0.649724 0.768394 0.604098 0.272278 0.340789 0.000101178
AC 224 7.81059 7.81059 7.80995
OP 225 0.64308 0.75962 0.591149 0.261104 0.347256 0.00010746
AC 225 8.01903 8.01903 8.01843
OP 226 0.635787 0.767755 0.595173 0.270054 0.343994 0.000105557
AC 226 8.26004 8.26004 8.2594
OP 227 0.646998 0.770033 0.588418 0.269873 0.347959 0.000108396
AC 227 9.27154 9.27154 9.27091
OP 228 0.653254 0.76362 0.590622 0.278902 0.34621 0.000107668
AC 228 9.3487 9.3487 9.34812
OP 229 0.651476 0.757841 0.59139 0.278297 0.349747 0.000107611
AC 229 8.62732 8.62732 8.62675
OP 230 0.637108 0.757104 0.591604 0.27158 0.348577 0.000108167
AC 230 8.27389 8.27389 8.27332
OP 231 0.636685 0.770011 0.599652 0.269464 0.342692 0.000103073
AC 231 7.82238 7.82238 7.82172
OP 232 0.635202 0.762041 0.592648 0.275283 0.346091 0.000107016
AC 232 6.94557 6.94557 6.94498
OP 233 0.63081 0.770824 0.6065 0.269076 0.339497 9.97167E-05
AC 233 8.11705 8.11705 8.11633
OP 234 0.626788 0.76749 0.597763 0.265867 0.343026 0.0001039
AC 234 7.88496 7.88496 7.88429
OP 235 0.638249 0.757462 0.597419 0.255931 0.343689 0.000104598
AC 235 7.80058 7.80058 7.79992
OP 236 0.651846 0.757673 0.594318 0.27278 0.345542 0.000106694
AC 236 7.59894 7.59894 7.59836
OP 237 0.642494 0.773147 0.602996 0.280439 0.340706 0.00010076
AC 237 9.0516 9.0516 9.05087
OP 238 0.64482 0.76637 0.593845 0.272486 0.347558 0.000106324
AC 238 9.27036 9.27036 9.26975
OP 239 0.65513 0.766384 0.597607 0.277069 0.340971 0.000104108
AC 239 8.22406 8.22406 8.22339
OP 240 0.638795 0.759818 0.596885 0.26738 0.343958 0.000104877
AC 240 8.51874 8.51874 8.51812
OP 241 0.648081 0.752868 0.585977 0.273219 0.350246 0.000110741
AC 241 8.45642 8.45642 8.45587
OP 242 0.65111 0.771802 0.595388 0.276053 0.342873 0.000104863
AC 242 8.80968 8.80968 8.80901
OP 243 0.648783 0.769756 0.602503 0.279782 0.344904 0.000101849
AC 243 8.35902 8.35902 8.35832
OP 244 0.649313 0.759542 0.601217 0.277571 0.341674 0.000102468
AC 244 8.32994 8.32994 8.3293
OP 245 0.640991 0.756489 0.588262 0.269548 0.35106 0.00010957
AC 245 8.01099 8.01099 8.01042
OP 246 0.648479 0.76069 0.597682 0.275012 0.343639 0.000104677
AC 246 7.77822 7.77822 7.77763
OP 247 0.646317 0.770437 0.598866 0.275829 0.340978 0.000103352
AC 247 8.65403 8.65403 8.65337
OP 248 0.654953 0.772285 0.600829 0.284486 0.341437 0.000102591
AC 248 9.37858 9.37858 9.3779
OP 249 0.642577 0.768916 0.598967 0.278265 0.342832 0.000103042
AC 249 8.34979 8.34979 8.34913
OP 250 0.641552 0.767404 0.591197 0.271538 0.346823 0.000107295
AC 250 9.36804 9.36804 9.3674
OP 251 0.6585 0.780866 0.604065 0.283965 0.336187 0.000100143
AC 251 9.87461 9.87461 9.87381
OP 252 0.638019 0.766714 0.599168 0.270183 0.343972 0.0001037
AC 252 7.87657 7.87657 7.87592
OP 253 0.632229 0.755173 0.588764 0.259204 0.3491 0.000109137
AC 253 7.39194 7.39194 7.39136
OP 254 0.63818 0.767973 0.600342 0.279084 0.341387 0.00010266
AC 254 7.41669 7.41669 7.41605
OP 255 0.630873 0.765633 0.589104 0.275423 0.346772 0.000108474
AC 255 8.2904 8.2904 8.2898
OP 256 0.647771 0.764153 0.595866 0.276493 0.344955 0.000105088
AC 256 7.85331 7.85331 7.8527
OP 257 0.657587 0.757799 0.587897 0.278983 0.34786 0.000109491
AC 257 8.65435 8.65435 8.65379
OP 258 0.637821 0.756499 0.590095 0.269656 0.345909 0.000107919
AC 258 7.83238 7.83238 7.8318
OP 259 0.631604 0.761844 0.592745 0.265535 0.346992 0.000106882
AC 259 8.20918 8.20918 8.20859
OP 260 0.630173 0.764302 0.593602 0.264811 0.348877 0.000106414
AC 260 7.7075 7.7075 7.70688
OP 261 0.644912 0.749852 0.600376 0.273462 0.344889 0.000104056
AC 261 6.59964 6.59964 6.59907
OP 262 0.636562 0.75456 0.587083 0.267107 0.347088 0.000110017
AC 262 7.12225 7.12225 7.12172
OP 263 0.65484 0.758646 0.595479 0.278497 0.345254 0.000105181
AC 263 7.6293 7.6293 7.62868
OP 264 0.646014 0.760952 0.596972 0.271687 0.343279 0.000104873
AC 264 7.16695 7.16695 7.16633
OP 265 0.638922 0.751414 0.598283 0.264156 0.344897 0.000104963
AC 265 7.24195 7.24195 7.24137
OP 266 0.649455 0.759167 0.594346 0.272587 0.34379 0.000105999
AC 266 7.57929 7.57929 7.57865
OP 267 0.64621 0.760776 0.584317 0.278895 0.350801 0.000111209
AC 267 8.62636 8.62636 8.62581
OP 268 0.652149 0.756501 0.584438 0.273214 0.346406 0.000111118
AC 268 8.61971 8.61971 8.61916
OP 269 0.659328 0.772316 0.599868 0.282397 0.339561 0.000102869
AC 269 8.16794 8.16794 8.1673
OP 270 0.637082 0.761624 0.598398 0.268822 0.343368 0.000103806
AC 270 7.56045 7.56045 7.55981
OP 271 0.62624 0.76361 0.591918 0.268653 0.347487 0.000107445
AC 271 7.7959 7.7959 7.79532
OP 272 0.640878 0.766187 0.595358 0.272487 0.345932 0.000105374
AC 272 8.21199 8.21199 8.21133
OP 273 0.630825 0.757527 0.589478 0.270755 0.348129 0.000108784
AC 273 8.13882 8.13882 8.13827
OP 274 0.635691 0.768188 0.603952 0.275421 0.340932 0.000101059
AC 274 7.7274 7.7274 7.72674
OP 275 0.646417 0.760528 0.586839 0.272398 0.347751 0.000109929
AC 275 8.67822 8.67822 8.67766
OP 276 0.640749 0.763245 0.590934 0.270024 0.349067 0.000107779
AC 276 7.8122 7.8122 7.81163
OP 277 0.641764 0.766141 0.590075 0.27111 0.347197 0.000107901
AC 277 8.41219 8.41219 8.41156
OP 278 0.651164 0.766863 0.601525 0.271862 0.338774 0.000101954
AC 278 8.51272 8.51272 8.51205
OP 279 0.645596 0.753371 0.589971 0.265624 0.347924 0.000108535
AC 279 7.60199 7.60199 7.60142
OP 280 0.636994 0.779188 0.595242 0.27342 0.343584 0.000104461
AC 280 8.53686 8.53686 8.53615
OP 281 0.643808 0.768588 0.602322 0.27085 0.343148 0.000102049
AC 281 7.88454 7.88454 7.88386
OP 282 0.65299 0.759451 0.594888 0.27923 0.343204 0.000105572
AC 282 7.96961 7.96961 7.96903
OP 283 0.644283 0.753341 0.592245 0.271653 0.350016 0.000107318
AC 283 8.0359 8.0359 8.03534
OP 284 0.644089 0.754749 0.590458 0.27414 0.34627 0.000108297
AC 284 8.30849 8.30849 8.30792
OP 285 0.63057 0.760692 0.593189 0.268184 0.348064 0.000106506
AC 285 8.1389 8.1389 8.1383
OP 286 0.656444 0.757519 0.591243 0.276534 0.346878 0.000107816
AC 286 8.21432 8.21432 8.21374
OP 287 0.649671 0.751639 0.583883 0.275494 0.350191 0.000111626
AC 287 7.68009 7.68009 7.67957
OP 288 0.631878 0.757745 0.591595 0.26421 0.349624 0.000107543
AC 288 7.81768 7.81768 7.8171
OP 289 0.642481 0.76802 0.59678 0.272211 0.342197 0.000104445
AC 289 7.84896 7.84896 7.8483
OP 290 0.664735 0.772758 0.598126 0.287453 0.345294 0.000103563
AC 290 9.1468 9.1468 9.14613
OP 291 0.636721 0.765881 0.600844 0.273212 0.343813 0.000102563
AC 291 8.49513 8.49513 8.49448
OP 292 0.65771 0.766263 0.591067 0.281548 0.344865 0.000107416
AC 292 9.5165 9.5165 9.5159
OP 293 0.654556 0.756393 0.583927 0.278158 0.351449 0.000111585
AC 293 8.70133 8.70133 8.7008
OP 294 0.629568 0.771341 0.602511 0.266257 0.341259 0.000101549
AC 294 8.04304 8.04304 8.04232
OP 295 0.638358 0.757051 0.595101 0.268238 0.346031 0.000105696
AC 295 6.34502 6.34502 6.34442
OP 296 0.631046 0.761292 0.59708 0.267764 0.341481 0.000104804
AC 296 7.60858 7.60858 7.60796
OP 297 0.642907 0.757493 0.591461 0.269091 0.348844 0.000107712
AC 297 8.40188 8.40188 8.40131
OP 298 0.645742 0.770849 0.607742 0.279983 0.340342 9.86599E-05
AC 298 8.15458 8.15458 8.15385
OP 299 0.647053 0.763938 0.601669 0.273232 0.340506 0.000102535
AC 299 8.64923 8.64923 8.64859
