OP 0 0.510273 0.562218 0.347354 0.0441797 0.440684 0.000111311
AC 0 10.3316 10.3316 10.3304
OP 1 0.52374 0.55994 0.346015 0.0568853 0.439852 0.000112326
AC 1 2.57535 2.57535 2.57411
OP 2 0.519125 0.565426 0.357881 0.0523512 0.438685 0.000103864
AC 2 7.46582 7.46582 7.46459
OP 3 0.518358 0.571103 0.353157 0.0500991 0.439931 0.000107243
AC 3 8.88204 8.88204 8.8808
OP 4 0.515672 0.568788 0.354228 0.0491782 0.437247 0.000106485
AC 4 7.22756 7.22756 7.22621
OP 5 0.520972 0.560622 0.35231 0.0469074 0.439742 0.000108082
AC 5 10.5041 10.5041 10.503
OP 6 0.511129 0.565989 0.345864 0.0417811 0.44256 0.000112016
AC 6 13.4903 13.4903 13.4891
OP 7 0.530772 0.563485 0.336254 0.0478303 0.446058 0.000118903
AC 7 6.76265 6.76265 6.76146
OP 8 0.512526 0.555702 0.340919 0.0486735 0.442733 0.00011633
AC 8 9.14663 9.14663 9.14561
OP 9 0.518098 0.559098 0.342143 0.0491099 0.442698 0.000114358
AC 9 4.72357 4.72357 4.72238
OP 10 0.524535 0.569269 0.351413 0.0478465 0.440433 0.000108406
AC 10 8.41398 8.41398 8.41271
OP 11 0.524186 0.5691 0.351435 0.0555451 0.438438 0.000107932
AC 11 -3.89008 -3.89008 -3.89145
OP 12 0.520443 0.556956 0.338717 0.053455 0.444432 0.000117593
AC 12 1.98471 1.98471 1.98364
OP 13 0.524704 0.566033 0.352507 0.0535418 0.438925 0.000107931
AC 13 4.90921 4.90921 4.90797
OP 14 0.533297 0.557891 0.333249 0.0505029 0.445359 0.000121047
AC 14 5.16201 5.16201 5.16096
OP 15 0.514824 0.57451 0.345373 0.0464236 0.443159 0.000111983
AC 15 7.26879 7.26879 7.26732
OP 16 0.519186 0.55712 0.332028 0.0443355 0.449467 0.000122959
AC 16 11.3744 11.3744 11.3734
OP 17 0.517809 0.563198 0.350357 0.0438174 0.439245 0.000109374
AC 17 11.4988 11.4988 11.4977
OP 18 0.527132 0.558989 0.350415 0.0515927 0.44245 0.000109726
AC 18 8.36233 8.36233 8.36122
OP 19 0.527437 0.554862 0.345449 0.0522941 0.441071 0.000113223
AC 19 8.35261 8.35261 8.35155
OP 20 0.52283 0.563534 0.33926 0.054211 0.444127 0.000116514
AC 20 4.22979 4.22979 4.22862
OP 21 0.520926 0.565433 0.349773 0.0505489 0.439937 0.000109765
AC 21 6.49047 6.49047 6.4893
OP 22 0.518644 0.561383 0.344463 0.044651 0.44439 0.000114112
AC 22 10.4282 10.4282 10.4271
OP 23 0.527021 0.561156 0.352841 0.0562272 0.438968 0.000107948
AC 23 4.60374 4.60374 4.60255
OP 24 0.522315 0.568182 0.355761 0.0512418 0.437016 0.000105674
AC 24 7.18012 7.18012 7.17876
OP 25 0.52698 0.567996 0.354962 0.0492366 0.436979 0.000106208
AC 25 9.69441 9.69441 9.69318
OP 26 0.522085 0.573854 0.351857 0.0511168 0.440326 0.000108115
AC 26 5.02851 5.02851 5.02704
OP 27 0.527876 0.565009 0.351272 0.0496628 0.440272 0.000109234
AC 27 7.63028 7.63028 7.62905
OP 28 0.521753 0.559744 0.337809 0.0505331 0.444263 0.000118579
AC 28 5.87633 5.87633 5.87532
OP 29 0.536729 0.558026 0.357963 0.0549816 0.438534 0.000104811
AC 29 6.49854 6.49854 6.49742
OP 30 0.524729 0.559837 0.340486 0.0472116 0.445448 0.000116464
AC 30 11.8948 11.8948 11.8938
OP 31 0.514766 0.570718 0.345299 0.0464131 0.444006 0.000112355
AC 31 8.33479 8.33479 8.33351
OP 32 0.519024 0.553066 0.340499 0.0468856 0.443634 0.000116877
AC 32 11.7783 11.7783 11.7774
OP 33 0.524256 0.565666 0.358175 0.0532855 0.433755 0.000103902
AC 33 7.96299 7.96299 7.96172
OP 34 0.538318 0.55496 0.336536 0.0489886 0.446527 0.000119032
AC 34 9.00609 9.00609 9.00509
OP 35 0.514677 0.56544 0.350444 0.0465706 0.438869 0.000108643
AC 35 10.279 10.279 10.2778
OP 36 0.512884 0.560725 0.355316 0.0488818 0.437656 0.000106469
AC 36 9.68969 9.68969 9.68855
OP 37 0.517433 0.555064 0.349023 0.0526968 0.440382 0.000110377
AC 37 7.78073 7.78073 7.77966
OP 38 0.526607 0.566573 0.358069 0.0526602 0.438608 0.000104083
AC 38 8.04419 8.04419 8.04291
OP 39 0.5297 0.561696 0.350219 0.0505237 0.440364 0.000109271
AC 39 7.68024 7.68024 7.67898
OP 40 0.538601 0.573172 0.347997 0.0565757 0.439306 0.000110893
AC 40 0.697117 0.697117 0.695731
OP 41 0.51939 0.572554 0.361814 0.0490731 0.43429 0.000101258
AC 41 4.85119 4.85119 4.84971
OP 42 0.528034 0.560658 0.34759 0.0499986 0.440372 0.000111723
AC 42 8.10915 8.10915 8.10801
OP 43 0.521151 0.564399 0.334964 0.0482558 0.447875 0.000120078
AC 43 9.0924 9.0924 9.09136
OP 44 0.521209 0.566147 0.349347 0.0480088 0.439886 0.000110254
AC 44 8.59776 8.59776 8.59651
OP 45 0.52321 0.562089 0.345773 0.0494064 0.444286 0.000112547
AC 45 7.06674 7.06674 7.06561
OP 46 0.5168 0.576191 0.350182 0.0513427 0.439182 0.000108967
AC 46 5.18924 5.18924 5.18783
OP 47 0.516865 0.56103 0.344329 0.045884 0.443465 0.000113219
AC 47 11.775 11.775 11.7738
OP 48 0.507956 0.573854 0.349154 0.0382132 0.440137 0.000109725
AC 48 12.8194 12.8194 12.818
OP 49 0.541547 0.559305 0.34991 0.0578547 0.437223 0.000109923
AC 49 3.78522 3.78522 3.78408
OP 50 0.531176 0.562099 0.34788 0.0462843 0.441716 0.00011093
AC 50 10.5758 10.5758 10.5746
OP 51 0.5238 0.561642 0.354903 0.0507395 0.438058 0.000106691
AC 51 8.98542 8.98542 8.98427
OP 52 0.533065 0.567008 0.355231 0.0546537 0.439399 0.000106023
AC 52 5.69198 5.69198 5.6907
OP 53 0.522616 0.566083 0.348649 0.0531759 0.438078 0.000110484
AC 53 7.73096 7.73096 7.72981
OP 54 0.529658 0.563255 0.34892 0.0522618 0.439107 0.000109906
AC 54 6.80656 6.80656 6.80529
OP 55 0.519797 0.560999 0.346953 0.0479518 0.443339 0.000112168
AC 55 9.64096 9.64096 9.63982
OP 56 0.513701 0.567886 0.356398 0.0481511 0.438091 0.000104817
AC 56 10.4887 10.4887 10.4874
OP 57 0.535036 0.54471 0.330734 0.0498113 0.448543 0.000124114
AC 57 12.0098 12.0098 12.0089
OP 58 0.53533 0.55173 0.336716 0.0504252 0.448502 0.000119443
AC 58 8.23771 8.23771 8.23675
OP 59 0.515558 0.558666 0.347378 0.0541218 0.440772 0.000111413
AC 59 9.42812 9.42812 9.42703
OP 60 0.536662 0.550712 0.349108 0.0522788 0.438074 0.000110649
AC 60 9.8179 9.8179 9.81686
OP 61 0.542987 0.552877 0.353829 0.0588953 0.437847 0.00010758
AC 61 5.04873 5.04873 5.04769
OP 62 0.536739 0.558801 0.341413 0.0465826 0.443783 0.000115754
AC 62 4.73823 4.73823 4.73697
OP 63 0.528771 0.558138 0.339221 0.0463574 0.442315 0.000116782
AC 63 10.3407 10.3407 10.3396
OP 64 0.52486 0.57049 0.355629 0.0499584 0.437398 0.000105728
AC 64 3.34156 3.34156 3.34009
OP 65 0.533479 0.557775 0.347693 0.0556207 0.437422 0.000110988
AC 65 3.37983 3.37983 3.37875
OP 66 0.527273 0.555792 0.342029 0.0471162 0.443822 0.000115397
AC 66 6.85433 6.85433 6.85327
OP 67 0.534443 0.572818 0.351525 0.0580828 0.439214 0.000107885
AC 67 -2.62214 -2.62214 -2.62347
OP 68 0.521061 0.556377 0.338329 0.0500503 0.444454 0.000117536
AC 68 5.49307 5.49307 5.49199
OP 69 0.529158 0.564042 0.351575 0.0494877 0.439812 0.000108336
AC 69 8.09162 8.09162 8.09039
OP 70 0.520622 0.560572 0.348703 0.0479462 0.443053 0.000110974
AC 70 8.04722 8.04722 8.04604
OP 71 0.544432 0.570263 0.350194 0.057553 0.43713 0.000108724
AC 71 -0.563605 -0.563605 -0.565001
OP 72 0.51891 0.565197 0.348845 0.0487183 0.44002 0.000110333
AC 72 11.2026 11.2026 11.2014
OP 73 0.541094 0.55661 0.347949 0.0611697 0.440451 0.000111434
AC 73 -1.32279 -1.32279 -1.32383
OP 74 0.531033 0.56255 0.347223 0.0480931 0.441103 0.000111123
AC 74 11.8283 11.8283 11.8272
OP 75 0.542244 0.559792 0.333572 0.0523625 0.445237 0.000120878
AC 75 6.81905 6.81905 6.81797
OP 76 0.525604 0.563488 0.350394 0.0539551 0.439107 0.000109133
AC 76 4.77894 4.77894 4.77774
OP 77 0.52865 0.560177 0.351137 0.0529574 0.440249 0.000109074
AC 77 5.91513 5.91513 5.91396
OP 78 0.52096 0.567658 0.34597 0.045686 0.440691 0.000111657
AC 78 7.52909 7.52909 7.52775
OP 79 0.524594 0.562423 0.346685 0.0539954 0.44272 0.000112382
AC 79 4.08779 4.08779 4.08667
OP 80 0.540652 0.569002 0.359604 0.0613252 0.435777 0.000102726
AC 80 -2.52704 -2.52704 -2.52835
OP 81 0.51364 0.569909 0.343485 0.0457554 0.442815 0.000113642
AC 81 5.64154 5.64154 5.64019
OP 82 0.51359 0.558493 0.340398 0.0460354 0.442578 0.000115883
AC 82 9.33454 9.33454 9.33342
OP 83 0.522803 0.560571 0.33786 0.0482106 0.444677 0.000117989
AC 83 10.9115 10.9115 10.9105
OP 84 0.531464 0.551201 0.341339 0.0540251 0.444299 0.000116166
AC 84 8.18131 8.18131 8.18037
OP 85 0.518176 0.569168 0.350147 0.0571551 0.439189 0.000109365
AC 85 2.6884 2.6884 2.68719
OP 86 0.506234 0.570879 0.35753 0.0449489 0.43813 0.000104112
AC 86 8.17156 8.17156 8.17009
OP 87 0.518794 0.570787 0.359992 0.0487456 0.434033 0.000103295
AC 87 8.10331 8.10331 8.10195
OP 88 0.525109 0.54792 0.34396 0.0514818 0.444441 0.000114575
AC 88 10.6409 10.6409 10.64
OP 89 0.514032 0.564942 0.350372 0.0465929 0.440308 0.000109403
AC 89 8.05564 8.05564 8.05439
OP 90 0.524074 0.567599 0.351184 0.0506195 0.439355 0.000108866
AC 90 8.04556 8.04556 8.04431
OP 91 0.51926 0.567096 0.348444 0.0477147 0.44237 0.000109671
AC 91 7.01491 7.01491 7.01347
OP 92 0.520562 0.561513 0.343004 0.0471913 0.444582 0.000114475
AC 92 10.0917 10.0917 10.0905
OP 93 0.524476 0.567194 0.356162 0.0583122 0.436463 0.000105627
AC 93 2.07689 2.07689 2.07567
OP 94 0.519652 0.570202 0.349768 0.0456311 0.438526 0.000108831
AC 94 6.56618 6.56618 6.56468
OP 95 0.53319 0.567999 0.363671 0.0573723 0.431614 0.000100177
AC 95 0.787776 0.787776 0.786328
OP 96 0.512191 0.564824 0.341862 0.041926 0.444885 0.000115095
AC 96 11.5936 11.5936 11.5924
OP 97 0.51252 0.567126 0.342891 0.0436111 0.444228 0.000114622
AC 97 12.3656 12.3656 12.3644
OP 98 0.516829 0.565807 0.345832 0.0521517 0.441146 0.000111891
AC 98 7.40745 7.40745 7.40627
OP 99 0.532792 0.565505 0.339063 0.0525988 0.443288 0.000116972
AC 99 -3.01222 -3.01222 -3.01345
OP 100 0.53353 0.565466 0.350989 0.0534296 0.438989 0.000108632
AC 100 7.26689 7.26689 7.26567
OP 101 0.523032 0.563046 0.33795 0.043449 0.445942 0.000117688
AC 101 10.5862 10.5862 10.5851
OP 102 0.533514 0.557343 0.34538 0.0464802 0.4442 0.000113527
AC 102 10.2983 10.2983 10.2972
OP 103 0.525811 0.566819 0.34551 0.0481382 0.441485 0.0001128
AC 103 9.03658 9.03658 9.0354
OP 104 0.529461 0.563402 0.350789 0.055041 0.437282 0.000109314
AC 104 -0.490727 -0.490727 -0.49205
OP 105 0.536259 0.561293 0.345935 0.0563134 0.441147 0.000111973
AC 105 1.91468 1.91468 1.91351
OP 106 0.543042 0.557091 0.336826 0.0540803 0.443171 0.000118841
AC 106 5.98468 5.98468 5.98365
OP 107 0.525626 0.566833 0.349432 0.0547408 0.435849 0.000109459
AC 107 4.47694 4.47694 4.47562
OP 108 0.509147 0.567853 0.343912 0.0471238 0.444083 0.000113505
AC 108 8.52982 8.52982 8.52857
OP 109 0.514613 0.565453 0.345238 0.046418 0.441405 0.000112439
AC 109 9.37916 9.37916 9.37792
OP 110 0.536967 0.556425 0.34929 0.056783 0.439266 0.00011101
AC 110 3.43285 3.43285 3.43171
OP 111 0.536351 0.570767 0.355457 0.056295 0.434212 0.000105597
AC 111 1.12581 1.12581 1.12448
OP 112 0.533396 0.561788 0.340335 0.0503711 0.445097 0.000116782
AC 112 3.75524 3.75524 3.75407
OP 113 0.529099 0.563543 0.354814 0.05202 0.44091 0.000106945
AC 113 6.17312 6.17312 6.17187
OP 114 0.53526 0.557795 0.343771 0.0532073 0.44265 0.000113848
AC 114 6.04924 6.04924 6.04815
OP 115 0.532056 0.557828 0.344134 0.0529333 0.442901 0.000114171
AC 115 7.3081 7.3081 7.30704
OP 116 0.533802 0.562233 0.361603 0.0511288 0.435237 0.000101881
AC 116 11.2472 11.2472 11.2459
OP 117 0.525874 0.550478 0.337552 0.0499039 0.446331 0.00011919
AC 117 10.2306 10.2306 10.2296
OP 118 0.523585 0.561694 0.349921 0.0510026 0.439605 0.000109381
AC 118 10.0431 10.0431 10.042
OP 119 0.514513 0.577384 0.353418 0.0430138 0.437683 0.000106415
AC 119 12.1633 12.1633 12.1618
OP 120 0.522613 0.567414 0.361944 0.0512574 0.435857 0.000101706
AC 120 8.24875 8.24875 8.24741
OP 121 0.523181 0.562927 0.352821 0.0514507 0.439782 0.000107798
AC 121 9.54993 9.54993 9.54877
OP 122 0.523215 0.565065 0.354212 0.0500851 0.437567 0.000106695
AC 122 9.68389 9.68389 9.68269
OP 123 0.504431 0.567549 0.35435 0.044589 0.437392 0.000106608
AC 123 8.43658 8.43658 8.43533
OP 124 0.53763 0.55881 0.347949 0.0544515 0.440756 0.000111435
AC 124 6.31246 6.31246 6.31133
OP 125 0.536116 0.56963 0.358658 0.0579526 0.432995 0.0001034
AC 125 4.94776 4.94776 4.94644
OP 126 0.518487 0.55847 0.334342 0.0486286 0.448891 0.000120467
AC 126 9.66836 9.66836 9.66736
OP 127 0.525404 0.570014 0.355852 0.0508934 0.437756 0.000105035
AC 127 5.875 5.875 5.87365
OP 128 0.537173 0.552495 0.349748 0.054188 0.439787 0.000110214
AC 128 7.80504 7.80504 7.804
OP 129 0.519954 0.571324 0.353879 0.0525893 0.435614 0.000106611
AC 129 5.15429 5.15429 5.15296
OP 130 0.527113 0.566199 0.341862 0.0496967 0.443946 0.000114692
AC 130 8.88957 8.88957 8.8884
OP 131 0.534547 0.554915 0.328597 0.0481669 0.448852 0.000124603
AC 131 8.38557 8.38557 8.3846
OP 132 0.500931 0.579218 0.348237 0.0392219 0.441687 0.000110257
AC 132 9.59911 9.59911 9.59744
OP 133 0.510206 0.564667 0.344508 0.0386885 0.442994 0.000113812
AC 133 13.0352 13.0352 13.0339
OP 134 0.536598 0.560642 0.34918 0.0601564 0.437664 0.000110023
AC 134 1.40339 1.40339 1.40222
OP 135 0.527121 0.560209 0.352491 0.0512145 0.43859 0.000107816
AC 135 6.59404 6.59404 6.59287
OP 136 0.527795 0.56818 0.347179 0.0463285 0.439885 0.000110847
AC 136 7.91168 7.91168 7.91034
OP 137 0.516891 0.56574 0.342198 0.0470689 0.443241 0.000114657
AC 137 8.01013 8.01013 8.00892
OP 138 0.516512 0.561009 0.346373 0.0476582 0.441321 0.000111996
AC 138 7.97565 7.97565 7.97451
OP 139 0.534827 0.55608 0.342963 0.0538017 0.443311 0.000114988
AC 139 9.65174 9.65174 9.65076
OP 140 0.522625 0.562005 0.348659 0.0477126 0.441825 0.000111214
AC 140 8.57225 8.57225 8.57112
OP 141 0.520965 0.559001 0.336691 0.0482809 0.447348 0.000119004
AC 141 10.291 10.291 10.29
OP 142 0.522157 0.566412 0.344731 0.0526198 0.439771 0.000113069
AC 142 -1.93316 -1.93316 -1.93448
OP 143 0.511986 0.560657 0.346482 0.0477389 0.441634 0.000111934
AC 143 8.21895 8.21895 8.21777
OP 144 0.522417 0.559675 0.352903 0.0486251 0.439067 0.000107508
AC 144 11.8106 11.8106 11.8094
OP 145 0.515239 0.56218 0.346428 0.0476789 0.443789 0.000111808
AC 145 8.30533 8.30533 8.30414
OP 146 0.539297 0.562472 0.359845 0.056542 0.43727 0.000102994
AC 146 3.72276 3.72276 3.72142
OP 147 0.525602 0.560375 0.350454 0.0515402 0.436357 0.000109511
AC 147 8.38003 8.38003 8.37886
OP 148 0.524576 0.563561 0.350348 0.0517058 0.438918 0.000109264
AC 148 8.09655 8.09655 8.09533
OP 149 0.519662 0.564983 0.353068 0.0525318 0.439758 0.000107454
AC 149 8.08296 8.08296 8.08172
OP 150 0.523038 0.562619 0.351765 0.051176 0.439057 0.000108657
AC 150 7.96517 7.96517 7.96404
OP 151 0.529861 0.557585 0.352984 0.0566108 0.438124 0.000107529
AC 151 4.89566 4.89566 4.8945
OP 152 0.519212 0.563153 0.356152 0.0512618 0.439024 0.000105293
AC 152 7.16418 7.16418 7.16292
OP 153 0.537616 0.565494 0.349579 0.0588853 0.438736 0.000109545
AC 153 -0.680992 -0.680992 -0.682246
OP 154 0.52708 0.569261 0.357445 0.0517569 0.433332 0.00010411
AC 154 6.28569 6.28569 6.28424
OP 155 0.532017 0.541538 0.34246 0.0526998 0.443807 0.000115865
AC 155 11.8005 11.8005 11.7996
OP 156 0.530973 0.563318 0.347394 0.0533298 0.440852 0.000111401
AC 156 4.98726 4.98726 4.986
OP 157 0.53527 0.559197 0.333748 0.0533341 0.448142 0.000121242
AC 157 7.01053 7.01053 7.00954
OP 158 0.534768 0.557802 0.347289 0.0518982 0.441449 0.000111803
AC 158 6.87426 6.87426 6.87316
OP 159 0.520431 0.560948 0.338415 0.0453063 0.445887 0.000118002
AC 159 9.42489 9.42489 9.4238
OP 160 0.523336 0.562166 0.341221 0.0489094 0.444919 0.000115963
AC 160 10.5008 10.5008 10.4997
OP 161 0.533976 0.558369 0.345746 0.0541865 0.443703 0.00011276
AC 161 6.97135 6.97135 6.97027
OP 162 0.516384 0.564678 0.354358 0.0474207 0.438568 0.000105996
AC 162 9.82921 9.82921 9.82782
OP 163 0.526443 0.554999 0.35505 0.0585063 0.43593 0.000106196
AC 163 -1.25809 -1.25809 -1.25923
OP 164 0.520142 0.564913 0.346017 0.0463179 0.441896 0.000112382
AC 164 7.74278 7.74278 7.74155
OP 165 0.536063 0.560321 0.34437 0.0503287 0.441482 0.000113432
AC 165 8.03618 8.03618 8.03506
OP 166 0.526406 0.566624 0.350744 0.0509272 0.439255 0.00010891
AC 166 8.21733 8.21733 8.21607
OP 167 0.521577 0.564857 0.352316 0.0512232 0.437864 0.000107899
AC 167 7.32587 7.32587 7.3246
OP 168 0.528979 0.57249 0.360706 0.0528384 0.436251 0.000101974
AC 168 6.59249 6.59249 6.59111
OP 169 0.535333 0.560734 0.349858 0.0547082 0.439016 0.000109649
AC 169 6.57253 6.57253 6.57136
OP 170 0.5258 0.562421 0.366392 0.0527874 0.432358 9.89909E-05
AC 170 4.98225 4.98225 4.98093
OP 171 0.533321 0.565225 0.351418 0.0526335 0.440718 0.000108413
AC 171 9.40755 9.40755 9.40641
OP 172 0.526347 0.570283 0.356852 0.0483613 0.435817 0.000104721
AC 172 7.9106 7.9106 7.9092
OP 173 0.524219 0.56822 0.361495 0.0500366 0.434133 0.000101872
AC 173 8.1422 8.1422 8.14086
OP 174 0.516295 0.56791 0.358873 0.0489648 0.436754 0.000103975
AC 174 8.86824 8.86824 8.86689
OP 175 0.51865 0.558912 0.343838 0.0509765 0.443972 0.000113878
AC 175 5.16171 5.16171 5.16061
OP 176 0.516526 0.556782 0.351796 0.0474772 0.442191 0.000108602
AC 176 11.0953 11.0953 11.0941
OP 177 0.516621 0.565293 0.34747 0.0470897 0.440112 0.000111199
AC 177 7.52443 7.52443 7.52316
OP 178 0.52804 0.5631 0.345005 0.0542169 0.440206 0.000112831
AC 178 5.42101 5.42101 5.41984
OP 179 0.509997 0.566964 0.353067 0.0484257 0.438579 0.000107563
AC 179 10.2753 10.2753 10.2741
OP 180 0.52222 0.564136 0.345589 0.0510425 0.441072 0.000112213
AC 180 8.18884 8.18884 8.18767
OP 181 0.551953 0.556857 0.342284 0.0517149 0.443619 0.000115702
AC 181 6.82359 6.82359 6.82253
OP 182 0.534101 0.565423 0.350459 0.0558844 0.437522 0.000109149
AC 182 -4.31336 -4.31336 -4.31475
OP 183 0.527779 0.561636 0.345903 0.0489931 0.442549 0.000112615
AC 183 8.87432 8.87432 8.87317
OP 184 0.530278 0.553194 0.344909 0.0533712 0.440836 0.000113779
AC 184 7.36829 7.36829 7.36723
OP 185 0.529317 0.560178 0.349482 0.0531225 0.437734 0.000110055
AC 185 2.59244 2.59244 2.59126
OP 186 0.529178 0.564545 0.348876 0.0553753 0.437667 0.000109632
AC 186 3.64431 3.64431 3.64301
OP 187 0.529356 0.557154 0.339917 0.0474694 0.443822 0.000116656
AC 187 9.39997 9.39997 9.39889
OP 188 0.524043 0.547352 0.345377 0.0506239 0.443663 0.000113938
AC 188 10.5226 10.5226 10.5217
OP 189 0.516011 0.561843 0.34221 0.0517644 0.441745 0.000115127
AC 189 7.92662 7.92662 7.92553
OP 190 0.538559 0.548363 0.345205 0.0567748 0.442507 0.000113762
AC 190 6.47538 6.47538 6.47447
OP 191 0.540931 0.571886 0.361096 0.0515564 0.432247 0.000101772
AC 191 1.94002 1.94002 1.9385
OP 192 0.533209 0.553294 0.340365 0.0532558 0.441913 0.000117067
AC 192 9.55217 9.55217 9.55124
OP 193 0.519416 0.571788 0.348372 0.051206 0.438404 0.000110402
AC 193 4.29281 4.29281 4.2915
OP 194 0.539763 0.556596 0.344488 0.0551211 0.443492 0.000113574
AC 194 10.3652 10.3652 10.3643
OP 195 0.513383 0.570174 0.362799 0.0486344 0.435481 0.000100693
AC 195 6.32871 6.32871 6.32725
OP 196 0.541681 0.570814 0.353486 0.0619121 0.436131 0.000106867
AC 196 -29.2966 -29.2966 -29.298
OP 197 0.537003 0.544368 0.326199 0.05294 0.451173 0.000127128
AC 197 11.1022 11.1022 11.1014
OP 198 0.526533 0.561569 0.346115 0.0497633 0.441655 0.000111828
AC 198 5.58857 5.58857 5.58737
OP 199 0.512794 0.566786 0.355593 0.0480825 0.436049 0.000105723
AC 199 5.15727 5.15727 5.15596
OP 200 0.520494 0.563057 0.340628 0.0482971 0.44559 0.000115873
AC 200 4.7107 4.7107 4.70952
OP 201 0.509842 0.562287 0.343489 0.0411484 0.445311 0.000114977
AC 201 11.9 11.9 11.8988
OP 202 0.528281 0.561357 0.340761 0.0536795 0.440838 0.000115997
AC 202 4.59529 4.59529 4.59422
OP 203 0.545812 0.571014 0.368344 0.0650298 0.429634 9.69554E-05
AC 203 -7.77706 -7.77706 -7.7786
OP 204 0.539333 0.561776 0.338937 0.0578774 0.447051 0.000117524
AC 204 -3.03692 -3.03692 -3.03807
OP 205 0.519809 0.564673 0.345769 0.0473787 0.445782 0.000112732
AC 205 5.22522 5.22522 5.22398
OP 206 0.536409 0.556466 0.343376 0.0536049 0.442121 0.000114455
AC 206 5.66428 5.66428 5.66312
OP 207 0.519508 0.560107 0.342163 0.0520808 0.443138 0.000115205
AC 207 7.4366 7.4366 7.43558
OP 208 0.524718 0.559821 0.347381 0.0489927 0.440995 0.000111133
AC 208 10.265 10.265 10.2639
OP 209 0.539322 0.56538 0.356869 0.0567583 0.433833 0.000104793
AC 209 -2.84129 -2.84129 -2.84263
OP 210 0.531229 0.559995 0.352507 0.0585981 0.439272 0.000108041
AC 210 2.55322 2.55322 2.55205
OP 211 0.517987 0.560765 0.350439 0.0503476 0.440321 0.000109822
AC 211 10.0958 10.0958 10.0947
OP 212 0.534027 0.555213 0.33955 0.0527855 0.447686 0.000117233
AC 212 6.45636 6.45636 6.45535
OP 213 0.52235 0.568884 0.362678 0.0555318 0.434271 0.000100965
AC 213 1.43987 1.43987 1.43844
OP 214 0.541127 0.548823 0.335977 0.0528442 0.446192 0.000119746
AC 214 9.3673 9.3673 9.36635
OP 215 0.520576 0.563635 0.339026 0.05113 0.443416 0.000117271
AC 215 7.68846 7.68846 7.68736
OP 216 0.521202 0.566285 0.337521 0.0436262 0.445654 0.000117881
AC 216 6.58174 6.58174 6.58042
OP 217 0.524817 0.560241 0.338952 0.052317 0.445743 0.000117397
AC 217 4.25475 4.25475 4.25357
OP 218 0.533593 0.570167 0.361209 0.0581147 0.433221 0.000102185
AC 218 -5.56605 -5.56605 -5.56753
OP 219 0.537891 0.556115 0.341137 0.0566197 0.443474 0.000115982
AC 219 6.86396 6.86396 6.86293
OP 220 0.524772 0.572505 0.364894 0.047414 0.433116 9.96638E-05
AC 220 7.63044 7.63044 7.629
OP 221 0.541361 0.558415 0.352268 0.0538721 0.438875 0.000108487
AC 221 8.02538 8.02538 8.0243
OP 222 0.54107 0.561526 0.346791 0.0563536 0.438075 0.000111832
AC 222 6.44022 6.44022 6.4391
OP 223 0.538882 0.564876 0.355685 0.0600009 0.435742 0.000105428
AC 223 -0.157395 -0.157395 -0.158604
OP 224 0.543615 0.566663 0.356003 0.0640377 0.432935 0.00010562
AC 224 -9.40236 -9.40236 -9.40368
OP 225 0.52231 0.564393 0.347913 0.0478059 0.441295 0.000110755
AC 225 10.0175 10.0175 10.0164
OP 226 0.528874 0.565895 0.352149 0.0535612 0.439355 0.000107805
AC 226 8.83224 8.83224 8.83097
OP 227 0.537626 0.558325 0.344387 0.0515103 0.44416 0.0001135
AC 227 6.55203 6.55203 6.55092
OP 228 0.509568 0.575154 0.346233 0.0538129 0.440397 0.000111278
AC 228 0.327748 0.327748 0.326404
OP 229 0.527648 0.558745 0.350251 0.0484483 0.440069 0.000109657
AC 229 9.58768 9.58768 9.58652
OP 230 0.530533 0.568373 0.354008 0.0533097 0.438298 0.000106476
AC 230 4.17279 4.17279 4.17142
OP 231 0.52629 0.557155 0.330147 0.0523146 0.447847 0.000124047
AC 231 7.60728 7.60728 7.60635
OP 232 0.538032 0.552399 0.346071 0.0506798 0.441493 0.000111793
AC 232 10.4134 10.4134 10.4124
OP 233 0.521853 0.571266 0.337866 0.0469396 0.44394 0.000117289
AC 233 7.30684 7.30684 7.30556
OP 234 0.522809 0.562455 0.345013 0.0482014 0.442615 0.000112956
AC 234 11.1619 11.1619 11.1607
OP 235 0.538095 0.560833 0.349342 0.0524991 0.439608 0.000110085
AC 235 6.72294 6.72294 6.72171
OP 236 0.527316 0.549435 0.347368 0.0501829 0.439952 0.000111964
AC 236 9.75335 9.75335 9.75237
OP 237 0.527328 0.556623 0.339649 0.0504254 0.444032 0.00011687
AC 237 7.56805 7.56805 7.56702
OP 238 0.535957 0.56003 0.353882 0.0572275 0.436619 0.000107422
AC 238 3.99353 3.99353 3.99236
OP 239 0.516711 0.566068 0.339741 0.0441351 0.444241 0.000116465
AC 239 8.26628 8.26628 8.2651
OP 240 0.525012 0.563806 0.345651 0.0475465 0.441691 0.000112542
AC 240 4.99574 4.99574 4.99454
OP 241 0.514417 0.558482 0.346142 0.0517118 0.440779 0.000112271
AC 241 4.36142 4.36142 4.36029
OP 242 0.52989 0.564794 0.356247 0.0528146 0.438176 0.000105447
AC 242 4.64226 4.64226 4.64098
OP 243 0.529938 0.561923 0.355384 0.049387 0.439417 0.000106538
AC 243 11.0512 11.0512 11.05
OP 244 0.53481 0.562684 0.359104 0.0644997 0.435079 0.000103711
AC 244 -4.99347 -4.99347 -4.99472
OP 245 0.520775 0.556724 0.341708 0.0516151 0.445092 0.000115511
AC 245 8.86749 8.86749 8.86648
OP 246 0.527376 0.55623 0.340864 0.047041 0.444894 0.000116145
AC 246 11.4664 11.4664 11.4653
OP 247 0.519941 0.56738 0.360415 0.0516491 0.435429 0.000102835
AC 247 7.38129 7.38129 7.37994
OP 248 0.525765 0.564018 0.338782 0.0495478 0.446087 0.000117813
AC 248 7.17148 7.17148 7.17029
OP 249 0.555129 0.558042 0.337411 0.0564952 0.443299 0.00011842
AC 249 6.90357 6.90357 6.90261
OP 250 0.527191 0.556933 0.336219 0.0512811 0.446052 0.000119282
AC 250 9.00112 9.00112 9.00017
OP 251 0.515059 0.561179 0.341838 0.0469006 0.444748 0.000114892
AC 251 10.4643 10.4643 10.4632
OP 252 0.524729 0.568374 0.345212 0.0486482 0.442516 0.000113076
AC 252 6.86116 6.86116 6.85979
OP 253 0.54302 0.556208 0.352761 0.0575812 0.439333 0.000108017
AC 253 4.83077 4.83077 4.82961
OP 254 0.530039 0.551619 0.349677 0.0533893 0.440057 0.000110495
AC 254 9.45384 9.45384 9.45282
OP 255 0.517155 0.560487 0.348191 0.0493713 0.442329 0.000110853
AC 255 9.89195 9.89195 9.89087
OP 256 0.537327 0.569207 0.357225 0.0552916 0.435652 0.000104281
AC 256 2.58284 2.58284 2.58139
OP 257 0.531749 0.565733 0.34466 0.0499581 0.444772 0.000113448
AC 257 6.70857 6.70857 6.70736
OP 258 0.519567 0.572847 0.343933 0.0514851 0.441978 0.000113411
AC 258 0.455386 0.455386 0.454034
OP 259 0.516102 0.562885 0.347071 0.0481205 0.439896 0.000111872
AC 259 8.84887 8.84887 8.84776
OP 260 0.514949 0.565616 0.348435 0.0486828 0.441423 0.000110811
AC 260 8.33204 8.33204 8.33081
OP 261 0.553688 0.546111 0.343908 0.0605157 0.441627 0.000114188
AC 261 2.68082 2.68082 2.6798
OP 262 0.518431 0.558493 0.342352 0.0525202 0.444687 0.000115514
AC 262 8.99278 8.99278 8.99176
OP 263 0.513846 0.567813 0.350607 0.0524273 0.439311 0.000108893
AC 263 6.78406 6.78406 6.78283
OP 264 0.525554 0.553583 0.348099 0.0507484 0.441375 0.000111763
AC 264 10.3481 10.3481 10.347
OP 265 0.526735 0.56296 0.342523 0.0512403 0.445932 0.000115502
AC 265 7.93566 7.93566 7.93455
OP 266 0.51184 0.568604 0.352428 0.04531 0.441661 0.000107775
AC 266 9.29197 9.29197 9.2907
OP 267 0.523289 0.568391 0.353891 0.0491184 0.439284 0.000106918
AC 267 6.99892 6.99892 6.99754
OP 268 0.533174 0.56163 0.341454 0.0483752 0.445932 0.000115548
AC 268 11.1383 11.1383 11.1373
OP 269 0.53551 0.559461 0.338762 0.050122 0.443395 0.000117373
AC 269 6.41821 6.41821 6.41715
OP 270 0.517861 0.562839 0.33932 0.0480458 0.444864 0.0001169
AC 270 9.77561 9.77561 9.77448
OP 271 0.534866 0.559938 0.344006 0.0465611 0.442749 0.000113911
AC 271 9.52125 9.52125 9.52002
OP 272 0.544594 0.551844 0.349285 0.0597899 0.439228 0.000110844
AC 272 4.6417 4.6417 4.64067
OP 273 0.505951 0.56992 0.339099 0.0406976 0.442626 0.00011618
AC 273 7.18267 7.18267 7.18124
OP 274 0.521825 0.5605 0.331391 0.0440158 0.447582 0.000123035
AC 274 12.6733 12.6733 12.6723
OP 275 0.539232 0.561514 0.356226 0.0608696 0.434234 0.000104978
AC 275 -3.24419 -3.24419 -3.24542
OP 276 0.532813 0.564102 0.339389 0.0509852 0.441454 0.000116283
AC 276 6.44481 6.44481 6.44358
OP 277 0.515824 0.56496 0.348836 0.048328 0.441496 0.000110411
AC 277 7.39529 7.39529 7.39412
OP 278 0.529183 0.560446 0.341114 0.0516748 0.444539 0.000115959
AC 278 6.35619 6.35619 6.3551
OP 279 0.536023 0.5618 0.346051 0.0520021 0.443017 0.000112475
AC 279 7.45559 7.45559 7.45442
OP 280 0.523638 0.553338 0.339464 0.049919 0.444353 0.000117077
AC 280 8.04235 8.04235 8.04137
OP 281 0.53077 0.561019 0.348704 0.0518207 0.441136 0.000110325
AC 281 0.93487 0.93487 0.933583
OP 282 0.52667 0.555694 0.345838 0.0506419 0.441017 0.000112905
AC 282 8.14466 8.14466 8.1436
OP 283 0.525174 0.559608 0.343332 0.0498372 0.440602 0.000114273
AC 283 7.43892 7.43892 7.43784
OP 284 0.527307 0.57129 0.357637 0.0500682 0.436043 0.000103838
AC 284 7.43849 7.43849 7.4371
OP 285 0.510016 0.569059 0.353547 0.0463398 0.438742 0.000106608
AC 285 9.04372 9.04372 9.04233
OP 286 0.519626 0.557313 0.33839 0.0455032 0.446065 0.000117951
AC 286 11.4783 11.4783 11.4773
OP 287 0.525446 0.55899 0.357429 0.0568616 0.436046 0.000104649
AC 287 5.22053 5.22053 5.21928
OP 288 0.514208 0.562681 0.347602 0.0489732 0.441245 0.000110724
AC 288 8.50725 8.50725 8.50608
OP 289 0.541041 0.557836 0.356936 0.0591806 0.434938 0.000105009
AC 289 0.330094 0.330094 0.328904
OP 290 0.538004 0.558644 0.342455 0.0559463 0.441315 0.000114581
AC 290 4.63076 4.63076 4.62967
OP 291 0.531547 0.5579 0.346607 0.0558473 0.440775 0.000112188
AC 291 5.30473 5.30473 5.30366
OP 292 0.538941 0.563095 0.348977 0.0571056 0.440665 0.000110134
AC 292 4.10581 4.10581 4.1046
OP 293 0.535815 0.553464 0.358268 0.0603303 0.434617 0.000104683
AC 293 -6.56309 -6.56309 -6.56433
OP 294 0.519855 0.558906 0.345783 0.0471033 0.442386 0.000112454
AC 294 12.1676 12.1676 12.1665
OP 295 0.534196 0.567077 0.33843 0.0518315 0.443039 0.000117289
AC 295 7.72331 7.72331 7.72214
OP 296 0.516949 0.569524 0.350881 0.0481161 0.43872 0.000107968
AC 296 6.30437 6.30437 6.30288
OP 297 0.53231 0.567122 0.353102 0.0535042 0.439005 0.000107375
AC 297 8.93784 8.93784 8.93663
OP 298 0.534105 0.556528 0.344738 0.0527802 0.441175 0.000113529
AC 298 8.50213 8.50213 8.50111
OP 299 0.526388 0.562427 0.342893 0.053387 0.441226 0.000114194
AC 299 6.79014 6.79014 6.78903
