OP 0 0.518332 0.559494 0.353981 0.0808843 0.413125 0.000107458
AC 0 -0.381821 -0.381821 -0.382571
OP 1 0.53106 0.561841 0.353138 0.0913287 0.415208 0.000107237
AC 1 -9.3368 -9.3368 -9.3376
OP 2 0.528795 0.547225 0.346942 0.0864796 0.419457 0.000111762
AC 2 -5.20385 -5.20385 -5.20451
OP 3 0.525891 0.562586 0.369613 0.0816224 0.407372 9.78458E-05
AC 3 -2.90206 -2.90206 -2.90298
OP 4 0.509657 0.557073 0.353802 0.0789792 0.41627 0.000107565
AC 4 -0.970771 -0.970771 -0.971544
OP 5 0.521931 0.557521 0.361211 0.083501 0.413432 0.000102616
AC 5 -2.6602 -2.6602 -2.66097
OP 6 0.525473 0.555796 0.351924 0.0887415 0.414023 0.000108691
AC 6 -16.0668 -16.0668 -16.0675
OP 7 0.524249 0.557351 0.352055 0.0863873 0.41417 0.000108007
AC 7 -20.9107 -20.9107 -20.9115
OP 8 0.514908 0.567013 0.35214 0.07184 0.417104 0.000108022
AC 8 3.24059 3.24059 3.23973
OP 9 0.513028 0.565489 0.367296 0.083221 0.410673 9.92853E-05
AC 9 -9.33222 -9.33222 -9.33314
OP 10 0.534921 0.557673 0.35415 0.0815019 0.414466 0.000106975
AC 10 -5.57572 -5.57572 -5.5765
OP 11 0.516305 0.559247 0.350671 0.0737531 0.415513 0.000109004
AC 11 4.35359 4.35359 4.35284
OP 12 0.54063 0.562229 0.352347 0.0919069 0.414591 0.000107871
AC 12 -3.52533 -3.52533 -3.52611
OP 13 0.522146 0.567028 0.357627 0.0808375 0.412277 0.00010482
AC 13 -11.426 -11.426 -11.4269
OP 14 0.544779 0.559456 0.358617 0.0838149 0.411125 0.000103455
AC 14 -12.9377 -12.9377 -12.9386
OP 15 0.52675 0.548404 0.351806 0.0758168 0.421338 0.000108812
AC 15 3.10947 3.10947 3.10875
OP 16 0.524271 0.547676 0.356816 0.0814629 0.415149 0.000106132
AC 16 -0.229178 -0.229178 -0.229885
OP 17 0.511243 0.568131 0.366592 0.0810099 0.409247 9.93369E-05
AC 17 -19.2608 -19.2608 -19.2618
OP 18 0.521353 0.562723 0.355624 0.0762403 0.415591 0.000105904
AC 18 0.732513 0.732513 0.731726
OP 19 0.519974 0.555247 0.347801 0.0792955 0.417117 0.000111046
AC 19 0.733556 0.733556 0.732865
OP 20 0.53113 0.546345 0.349578 0.0845283 0.416035 0.000109873
AC 20 -2.58514 -2.58514 -2.58582
OP 21 0.525291 0.549585 0.345623 0.0784667 0.41788 0.00011279
AC 21 -3.06386 -3.06386 -3.06457
OP 22 0.527253 0.54665 0.355734 0.0775987 0.414539 0.000107072
AC 22 3.69789 3.69789 3.6972
OP 23 0.5179 0.56035 0.341316 0.081457 0.420754 0.000114759
AC 23 -10.4194 -10.4194 -10.4201
OP 24 0.522897 0.559895 0.360067 0.0841775 0.41158 0.000103563
AC 24 -28.3266 -28.3266 -28.3275
OP 25 0.525718 0.546709 0.352536 0.0858381 0.415307 0.00010856
AC 25 -0.703118 -0.703118 -0.703784
OP 26 0.522181 0.558461 0.352381 0.0852636 0.417214 0.000108288
AC 26 -7.5412 -7.5412 -7.54193
OP 27 0.512491 0.556367 0.355265 0.0807051 0.4156 0.00010674
AC 27 0.690862 0.690862 0.690156
OP 28 0.532755 0.551376 0.355904 0.0909418 0.412083 0.000106289
AC 28 -11.6025 -11.6025 -11.6032
OP 29 0.543761 0.548144 0.353873 0.0874318 0.414162 0.00010774
AC 29 -9.60046 -9.60046 -9.60115
OP 30 0.530483 0.554539 0.347381 0.0845397 0.414407 0.000110927
AC 30 -13.4256 -13.4256 -13.4264
OP 31 0.53917 0.553972 0.357131 0.0813998 0.413683 0.000105651
AC 31 -5.64615 -5.64615 -5.64693
OP 32 0.516533 0.554596 0.362679 0.0848313 0.410948 0.000102608
AC 32 -1.08366 -1.08366 -1.08439
OP 33 0.527561 0.5471 0.352747 0.0778382 0.416351 0.000108477
AC 33 4.03672 4.03672 4.03604
OP 34 0.524075 0.557203 0.340052 0.077039 0.421999 0.000115511
AC 34 2.98901 2.98901 2.98833
OP 35 0.522411 0.560513 0.353085 0.0780615 0.415726 0.000107653
AC 35 -2.23198 -2.23198 -2.23277
OP 36 0.533778 0.550006 0.348216 0.0841426 0.417119 0.000111131
AC 36 -5.11437 -5.11437 -5.11507
OP 37 0.533382 0.552937 0.36035 0.0790954 0.408977 0.00010355
AC 37 4.23851 4.23851 4.23777
OP 38 0.522075 0.562046 0.351484 0.0825657 0.415247 0.000108169
AC 38 -14.487 -14.487 -14.4879
OP 39 0.517588 0.575201 0.366072 0.0783839 0.409305 9.9471E-05
AC 39 -13.4083 -13.4083 -13.4094
OP 40 0.526366 0.56129 0.354066 0.0806345 0.416402 0.00010661
AC 40 -2.01777 -2.01777 -2.01856
OP 41 0.51413 0.564263 0.363487 0.0787036 0.412381 0.000101322
AC 41 -0.470371 -0.470371 -0.471227
OP 42 0.523725 0.56052 0.35313 0.0827667 0.416164 0.000107824
AC 42 -15.2322 -15.2322 -15.2329
OP 43 0.51561 0.555669 0.354761 0.0795683 0.412665 0.000106414
AC 43 -0.970494 -0.970494 -0.971281
OP 44 0.513618 0.557162 0.35192 0.0796363 0.418608 0.000108169
AC 44 0.323796 0.323796 0.323039
OP 45 0.526731 0.560507 0.362335 0.0855603 0.410636 0.000102449
AC 45 -6.74078 -6.74078 -6.74162
OP 46 0.516055 0.555529 0.349154 0.0771924 0.417551 0.000110371
AC 46 -0.731637 -0.731637 -0.732379
OP 47 0.513372 0.563353 0.359181 0.0783689 0.412918 0.000103959
AC 47 -2.27549 -2.27549 -2.27633
OP 48 0.548916 0.551144 0.352249 0.0888677 0.416065 0.000108148
AC 48 -11.7839 -11.7839 -11.7846
OP 49 0.528194 0.567087 0.366133 0.0896824 0.40875 9.96892E-05
AC 49 -3.25684 -3.25684 -3.25784
OP 50 0.512125 0.563814 0.355619 0.0781106 0.415091 0.000106419
AC 50 -2.42234 -2.42234 -2.42313
OP 51 0.521184 0.560985 0.357334 0.0816466 0.414979 0.000105282
AC 51 -5.24454 -5.24454 -5.24533
OP 52 0.520229 0.557493 0.356265 0.0748675 0.414219 0.000106233
AC 52 5.46426 5.46426 5.46351
OP 53 0.522219 0.560787 0.359564 0.0901498 0.412365 0.000103683
AC 53 -32.3766 -32.3766 -32.3773
OP 54 0.539075 0.54799 0.362462 0.0844886 0.409796 0.000102225
AC 54 0.281533 0.281533 0.280818
OP 55 0.520374 0.563878 0.359609 0.0859076 0.412687 0.000103542
AC 55 -16.2436 -16.2436 -16.2445
OP 56 0.519915 0.559561 0.36417 0.0823583 0.409633 0.00010106
AC 56 -4.47635 -4.47635 -4.47717
OP 57 0.524169 0.564174 0.357588 0.0801422 0.411208 0.000104764
AC 57 -14.9534 -14.9534 -14.9543
OP 58 0.523419 0.563647 0.359119 0.0833143 0.412488 0.000103757
AC 58 -19.0772 -19.0772 -19.0781
OP 59 0.530273 0.56226 0.358549 0.0799071 0.41154 0.000104081
AC 59 -3.13879 -3.13879 -3.13964
OP 60 0.516153 0.560885 0.359535 0.0807549 0.413327 0.000103938
AC 60 -2.06226 -2.06226 -2.06306
OP 61 0.514885 0.558067 0.35747 0.081552 0.41404 0.00010568
AC 61 -1.88024 -1.88024 -1.88102
OP 62 0.529302 0.565878 0.359396 0.08457 0.412121 0.000103749
AC 62 -15.0178 -15.0178 -15.0187
OP 63 0.51609 0.549694 0.348756 0.0855421 0.419172 0.000111168
AC 63 -3.5214 -3.5214 -3.52204
OP 64 0.52788 0.557468 0.353502 0.0854256 0.413331 0.00010763
AC 64 -3.64694 -3.64694 -3.64766
OP 65 0.521687 0.564772 0.36061 0.0837979 0.41388 0.000103207
AC 65 -9.80855 -9.80855 -9.80941
OP 66 0.525528 0.558378 0.357287 0.0795207 0.412107 0.000105244
AC 66 -1.78901 -1.78901 -1.78984
OP 67 0.542837 0.552558 0.356864 0.0845332 0.41416 0.000105424
AC 67 -5.48767 -5.48767 -5.48845
OP 68 0.526209 0.56102 0.358166 0.0790216 0.412404 0.000104687
AC 68 -9.64867 -9.64867 -9.64953
OP 69 0.522128 0.554801 0.357501 0.0791847 0.41404 0.000105491
AC 69 2.42605 2.42605 2.42533
OP 70 0.521606 0.561894 0.360703 0.0858451 0.4108 0.000103126
AC 70 -10.4953 -10.4953 -10.4962
OP 71 0.500248 0.562538 0.357588 0.07576 0.415405 0.000104841
AC 71 -3.99617 -3.99617 -3.99705
OP 72 0.524197 0.558017 0.360272 0.0836015 0.411846 0.000103326
AC 72 -4.32659 -4.32659 -4.32739
OP 73 0.521221 0.555242 0.34725 0.0785013 0.417324 0.000111486
AC 73 1.99356 1.99356 1.99286
OP 74 0.535651 0.55527 0.353378 0.0874076 0.412486 0.00010743
AC 74 -14.9252 -14.9252 -14.926
OP 75 0.523508 0.5493 0.357734 0.0911192 0.411802 0.00010544
AC 75 -9.31256 -9.31256 -9.31327
OP 76 0.532198 0.556846 0.354946 0.0857198 0.414638 0.000106443
AC 76 -12.3923 -12.3923 -12.3931
OP 77 0.532977 0.557635 0.356969 0.0794915 0.412794 0.000105406
AC 77 -0.722478 -0.722478 -0.723281
OP 78 0.532284 0.557442 0.35725 0.0801867 0.412704 0.000105408
AC 78 -0.587622 -0.587622 -0.588363
OP 79 0.536419 0.556291 0.355953 0.0848801 0.415396 0.000106247
AC 79 -3.9224 -3.9224 -3.92312
OP 80 0.524242 0.560511 0.35325 0.0859421 0.415516 0.000107835
AC 80 -6.13339 -6.13339 -6.13411
OP 81 0.533332 0.556391 0.352617 0.0890989 0.414714 0.000107883
AC 81 -18.0503 -18.0503 -18.051
OP 82 0.493257 0.556419 0.340354 0.0681858 0.422997 0.00011526
AC 82 7.04127 7.04127 7.04058
OP 83 0.517673 0.560933 0.358645 0.0790849 0.409919 0.000104749
AC 83 -0.570738 -0.570738 -0.57155
OP 84 0.497599 0.575695 0.371635 0.0718622 0.405625 9.61153E-05
AC 84 1.15172 1.15172 1.15058
OP 85 0.517881 0.551185 0.357913 0.0838518 0.411255 0.000104664
AC 85 -2.64308 -2.64308 -2.64381
OP 86 0.520581 0.564656 0.360258 0.086889 0.410942 0.000102895
AC 86 -20.575 -20.575 -20.5759
OP 87 0.515934 0.553174 0.347669 0.0804656 0.420493 0.000111092
AC 87 -1.13619 -1.13619 -1.13689
OP 88 0.536279 0.556693 0.351156 0.0780658 0.416141 0.000108388
AC 88 -3.10929 -3.10929 -3.11011
OP 89 0.506824 0.561659 0.36146 0.0769989 0.411845 0.000102548
AC 89 1.76104 1.76104 1.76021
OP 90 0.535652 0.564947 0.354837 0.0878909 0.409789 0.000105638
AC 90 -1.75347 -1.75347 -1.75438
OP 91 0.517431 0.572256 0.365844 0.0832606 0.40818 9.98063E-05
AC 91 -7.01321 -7.01321 -7.01414
OP 92 0.520403 0.553234 0.339382 0.0768627 0.423841 0.000115734
AC 92 -1.76832 -1.76832 -1.76902
OP 93 0.508342 0.556661 0.348075 0.0744005 0.418425 0.000110875
AC 93 6.61177 6.61177 6.61107
OP 94 0.517824 0.560928 0.354622 0.0752008 0.413005 0.000106809
AC 94 -0.460496 -0.460496 -0.461327
OP 95 0.528052 0.552818 0.347648 0.0768359 0.416584 0.000110919
AC 95 1.44531 1.44531 1.44459
OP 96 0.50868 0.559732 0.35854 0.0788924 0.412661 0.000104167
AC 96 1.03303 1.03303 1.03224
OP 97 0.520855 0.555768 0.358165 0.0780582 0.414671 0.000105107
AC 97 2.82568 2.82568 2.82494
OP 98 0.527454 0.549577 0.360709 0.0793491 0.412299 0.000103665
AC 98 4.12122 4.12122 4.1205
OP 99 0.524077 0.563699 0.364132 0.0924203 0.409311 0.000100939
AC 99 -26.9922 -26.9922 -26.993
OP 100 0.506432 0.564536 0.355011 0.077207 0.416518 0.000106686
AC 100 -2.04253 -2.04253 -2.04336
OP 101 0.536144 0.572083 0.363799 0.0832418 0.406609 0.000100726
AC 101 -13.6173 -13.6173 -13.6183
OP 102 0.517981 0.557368 0.351507 0.0779144 0.41643 0.000108555
AC 102 -0.0566201 -0.0566201 -0.057374
OP 103 0.5092 0.56249 0.359413 0.0788043 0.412139 0.000103434
AC 103 -0.564639 -0.564639 -0.565464
OP 104 0.510435 0.553151 0.352472 0.0801152 0.416628 0.000108446
AC 104 -0.666777 -0.666777 -0.667477
OP 105 0.516843 0.557413 0.365631 0.0829251 0.41112 0.000100948
AC 105 -2.66871 -2.66871 -2.66954
OP 106 0.540371 0.559305 0.361436 0.0813074 0.410702 0.000102731
AC 106 -3.9759 -3.9759 -3.97676
OP 107 0.519561 0.571633 0.36693 0.0800812 0.408653 9.89856E-05
AC 107 -2.57876 -2.57876 -2.57975
OP 108 0.534246 0.553652 0.355345 0.095896 0.414044 0.000106381
AC 108 -6.45857 -6.45857 -6.45929
OP 109 0.520664 0.552127 0.356699 0.0799464 0.41655 0.000105302
AC 109 0.992797 0.992797 0.992037
OP 110 0.523064 0.561581 0.350051 0.07856 0.415244 0.00010928
AC 110 -6.41222 -6.41222 -6.41304
OP 111 0.522058 0.567525 0.356024 0.0879314 0.412043 0.000105797
AC 111 -11.5781 -11.5781 -11.5789
OP 112 0.537736 0.548272 0.343958 0.088362 0.418041 0.0001138
AC 112 -14.9793 -14.9793 -14.9799
OP 113 0.522225 0.556114 0.359694 0.083462 0.412254 0.000104284
AC 113 -0.300189 -0.300189 -0.300935
OP 114 0.535966 0.543279 0.350791 0.0788405 0.417718 0.000109744
AC 114 3.95988 3.95988 3.95922
OP 115 0.510311 0.557514 0.358689 0.0813925 0.413293 0.000104642
AC 115 1.81279 1.81279 1.81204
OP 116 0.526208 0.558601 0.354618 0.0815816 0.413018 0.000107113
AC 116 -1.7252 -1.7252 -1.72594
OP 117 0.534505 0.55456 0.365129 0.0955576 0.410747 0.00010112
AC 117 -28.7529 -28.7529 -28.7537
OP 118 0.51082 0.568908 0.361336 0.0787247 0.411218 0.000102092
AC 118 -2.49704 -2.49704 -2.49792
OP 119 0.530457 0.550145 0.352417 0.0784762 0.415832 0.000108419
AC 119 4.6537 4.6537 4.65303
OP 120 0.526842 0.551714 0.350203 0.0864767 0.414952 0.000109167
AC 120 -3.44316 -3.44316 -3.44383
OP 121 0.531709 0.554472 0.357259 0.0813874 0.412989 0.000105274
AC 121 -7.82573 -7.82573 -7.82653
OP 122 0.527095 0.554083 0.358111 0.0913173 0.413144 0.00010476
AC 122 -22.1501 -22.1501 -22.1508
OP 123 0.540407 0.546047 0.349064 0.0902176 0.415983 0.00011024
AC 123 -23.9106 -23.9106 -23.9113
OP 124 0.524083 0.555352 0.357809 0.0828127 0.411696 0.000105015
AC 124 0.133198 0.133198 0.132458
OP 125 0.521582 0.568825 0.361514 0.0764942 0.410493 0.000102304
AC 125 -2.66576 -2.66576 -2.66671
OP 126 0.513469 0.552814 0.358314 0.0841475 0.415855 0.000104754
AC 126 -5.29109 -5.29109 -5.29189
OP 127 0.516489 0.556009 0.353793 0.0780621 0.417765 0.00010754
AC 127 -1.93479 -1.93479 -1.93554
OP 128 0.525058 0.556743 0.355731 0.0891598 0.415151 0.000106026
AC 128 -21.4566 -21.4566 -21.4574
OP 129 0.508823 0.564249 0.362591 0.0803012 0.410335 0.000102074
AC 129 -6.08408 -6.08408 -6.08491
OP 130 0.510497 0.557684 0.357966 0.0759947 0.41302 0.000104784
AC 130 3.54129 3.54129 3.54053
OP 131 0.520881 0.561661 0.359261 0.0780687 0.410803 0.00010375
AC 131 -4.0687 -4.0687 -4.06955
OP 132 0.530414 0.570454 0.358251 0.0871109 0.414144 0.000103627
AC 132 -5.87736 -5.87736 -5.87828
OP 133 0.514592 0.569212 0.363495 0.0863648 0.409537 0.000101481
AC 133 -24.9934 -24.9934 -24.9943
OP 134 0.532535 0.555527 0.353693 0.094782 0.412605 0.00010721
AC 134 -7.41031 -7.41031 -7.41106
OP 135 0.507263 0.558484 0.34755 0.0731311 0.418584 0.000111275
AC 135 5.03541 5.03541 5.03469
OP 136 0.517068 0.561045 0.364285 0.0841107 0.408613 0.000101213
AC 136 -2.94163 -2.94163 -2.94244
OP 137 0.526975 0.563192 0.356316 0.0836159 0.413864 0.000105492
AC 137 -7.82085 -7.82085 -7.8216
OP 138 0.535396 0.564754 0.352641 0.0906736 0.414551 0.000107336
AC 138 -3.37783 -3.37783 -3.37868
OP 139 0.514586 0.549763 0.347564 0.0795169 0.418531 0.000111659
AC 139 1.53947 1.53947 1.53877
OP 140 0.527939 0.564365 0.354476 0.0870758 0.410881 0.000105907
AC 140 -17.9877 -17.9877 -17.9885
OP 141 0.529756 0.559598 0.364546 0.0785748 0.412202 0.000100901
AC 141 -1.32568 -1.32568 -1.32657
OP 142 0.522667 0.564992 0.355976 0.0842313 0.412315 0.0001051
AC 142 -9.23715 -9.23715 -9.23807
OP 143 0.534118 0.548568 0.359984 0.0900089 0.410674 0.000104354
AC 143 -7.23898 -7.23898 -7.23967
OP 144 0.529076 0.563033 0.362764 0.0848656 0.411625 0.000101875
AC 144 -15.0596 -15.0596 -15.0604
OP 145 0.541107 0.569513 0.355674 0.0890032 0.41154 0.000105532
AC 145 -9.89242 -9.89242 -9.89333
OP 146 0.529739 0.564143 0.366789 0.0861459 0.408802 9.92997E-05
AC 146 -14.4233 -14.4233 -14.4242
OP 147 0.512714 0.562453 0.348983 0.0811637 0.417779 0.000109406
AC 147 -6.90104 -6.90104 -6.90183
OP 148 0.507308 0.550082 0.347707 0.0715411 0.419656 0.000111074
AC 148 5.00907 5.00907 5.00836
OP 149 0.524491 0.557431 0.353259 0.0813013 0.416695 0.000107781
AC 149 -5.01107 -5.01107 -5.01183
OP 150 0.526443 0.550959 0.356893 0.0800027 0.41297 0.000105707
AC 150 0.257554 0.257554 0.25684
OP 151 0.527561 0.561809 0.361056 0.0851651 0.408735 0.000102549
AC 151 -19.718 -19.718 -19.7189
OP 152 0.508323 0.553165 0.359854 0.080322 0.412152 0.000104345
AC 152 4.06454 4.06454 4.06382
OP 153 0.53958 0.556435 0.347156 0.0848111 0.414885 0.000111093
AC 153 -18.0728 -18.0728 -18.0736
OP 154 0.515576 0.561258 0.356073 0.0766571 0.41269 0.000106058
AC 154 -1.02939 -1.02939 -1.03021
OP 155 0.526644 0.563711 0.364702 0.0824203 0.411423 0.000100873
AC 155 -5.30981 -5.30981 -5.31066
OP 156 0.516587 0.557566 0.356898 0.0785581 0.413492 0.000105256
AC 156 -0.833254 -0.833254 -0.834077
OP 157 0.517299 0.543611 0.360691 0.0817009 0.415633 0.000103947
AC 157 4.44763 4.44763 4.44697
OP 158 0.511121 0.559456 0.358461 0.0781775 0.414927 0.000104886
AC 158 -0.102672 -0.102672 -0.103474
OP 159 0.51921 0.557407 0.35433 0.0837531 0.412903 0.000106903
AC 159 -7.75957 -7.75957 -7.76033
OP 160 0.519925 0.552808 0.357411 0.0870157 0.413645 0.000105377
AC 160 -11.4286 -11.4286 -11.4293
OP 161 0.533973 0.544753 0.346544 0.0880754 0.418447 0.000113009
AC 161 -6.10219 -6.10219 -6.10283
OP 162 0.535636 0.554082 0.355751 0.0853278 0.411832 0.000105877
AC 162 -14.1201 -14.1201 -14.1209
OP 163 0.532911 0.558879 0.347561 0.0813536 0.418842 0.00011098
AC 163 -5.89625 -5.89625 -5.89702
OP 164 0.524792 0.558644 0.359251 0.085238 0.412452 0.000103359
AC 164 -8.84822 -8.84822 -8.84903
OP 165 0.513514 0.559241 0.355883 0.0819396 0.413993 0.000105926
AC 165 -0.152642 -0.152642 -0.153424
OP 166 0.516553 0.559963 0.361257 0.0743613 0.410826 0.000102686
AC 166 3.03163 3.03163 3.03082
OP 167 0.535552 0.550714 0.360817 0.0853305 0.413241 0.000104157
AC 167 0.89156 0.89156 0.890904
OP 168 0.518983 0.566413 0.368314 0.0839964 0.405199 9.84273E-05
AC 168 -6.15984 -6.15984 -6.16074
OP 169 0.528264 0.564941 0.353439 0.0840939 0.413997 0.000107344
AC 169 -10.3131 -10.3131 -10.3139
OP 170 0.525414 0.558581 0.353833 0.0782563 0.414647 0.000106919
AC 170 -0.548349 -0.548349 -0.549155
OP 171 0.516539 0.559624 0.345469 0.073803 0.414545 0.00011217
AC 171 -0.768562 -0.768562 -0.769344
OP 172 0.52568 0.551301 0.350484 0.0782052 0.417499 0.000109333
AC 172 0.634449 0.634449 0.633711
OP 173 0.535641 0.561265 0.362761 0.0931724 0.410122 0.000102069
AC 173 -5.31365 -5.31365 -5.31447
OP 174 0.524987 0.568854 0.357694 0.0833654 0.41437 0.000104607
AC 174 -10.1316 -10.1316 -10.1325
OP 175 0.514283 0.561661 0.35508 0.0827278 0.415472 0.00010661
AC 175 -2.93035 -2.93035 -2.93108
OP 176 0.527452 0.557246 0.35622 0.0850359 0.412079 0.000105738
AC 176 -6.07883 -6.07883 -6.07958
OP 177 0.511207 0.560032 0.351826 0.0794754 0.415796 0.000108315
AC 177 0.597057 0.597057 0.596308
OP 178 0.513545 0.554142 0.353912 0.0812385 0.414402 0.00010736
AC 178 1.31494 1.31494 1.31425
OP 179 0.524528 0.555906 0.354271 0.0833296 0.416984 0.000107188
AC 179 -3.58403 -3.58403 -3.58474
OP 180 0.51444 0.565256 0.353981 0.0748931 0.413071 0.000107225
AC 180 0.26778 0.26778 0.266981
OP 181 0.524545 0.569553 0.366276 0.0823889 0.411658 9.98509E-05
AC 181 -19.7519 -19.7519 -19.7529
OP 182 0.537176 0.562903 0.352429 0.0908253 0.412997 0.000107387
AC 182 -6.47978 -6.47978 -6.48058
OP 183 0.518854 0.556455 0.35319 0.0771036 0.415005 0.000107148
AC 183 3.14215 3.14215 3.14139
OP 184 0.534972 0.551468 0.347349 0.0812587 0.417322 0.000111327
AC 184 -3.15722 -3.15722 -3.15792
OP 185 0.522416 0.554156 0.355452 0.081244 0.414904 0.000105882
AC 185 2.01556 2.01556 2.01484
OP 186 0.520893 0.554095 0.347614 0.08558 0.415059 0.000110923
AC 186 -0.038201 -0.038201 -0.038867
OP 187 0.521753 0.562634 0.360651 0.0808562 0.411466 0.000103529
AC 187 -13.5862 -13.5862 -13.5871
OP 188 0.529874 0.552305 0.359209 0.0860819 0.410442 0.000104425
AC 188 -4.20065 -4.20065 -4.20137
OP 189 0.525981 0.561191 0.366059 0.0826921 0.408442 9.99531E-05
AC 189 -7.04304 -7.04304 -7.04389
OP 190 0.537781 0.552298 0.350859 0.0864954 0.416301 0.000109783
AC 190 -6.57766 -6.57766 -6.57834
OP 191 0.512358 0.556294 0.34406 0.0800771 0.418322 0.000113201
AC 191 -7.37451 -7.37451 -7.37525
OP 192 0.525262 0.551824 0.360463 0.0829572 0.410342 0.000103435
AC 192 -9.76965 -9.76965 -9.77045
OP 193 0.523226 0.564755 0.353067 0.0858231 0.41514 0.0001069
AC 193 -10.0777 -10.0777 -10.0785
OP 194 0.52764 0.55487 0.349746 0.0773041 0.413489 0.000110043
AC 194 2.46907 2.46907 2.46833
OP 195 0.52867 0.547329 0.347364 0.0789605 0.4185 0.000111607
AC 195 2.65969 2.65969 2.65904
OP 196 0.53511 0.559831 0.36 0.0941033 0.411437 0.000103466
AC 196 -5.5925 -5.5925 -5.59331
OP 197 0.512499 0.559536 0.354684 0.0814868 0.414311 0.000106087
AC 197 -3.18073 -3.18073 -3.18152
OP 198 0.517608 0.567515 0.360107 0.0843506 0.411404 0.000102903
AC 198 -10.7712 -10.7712 -10.772
OP 199 0.513981 0.571027 0.358689 0.0812326 0.411253 0.000103585
AC 199 -4.93327 -4.93327 -4.93429
OP 200 0.525812 0.560452 0.357585 0.0808918 0.413295 0.000105202
AC 200 -5.79244 -5.79244 -5.79332
OP 201 0.532048 0.550066 0.350981 0.0815678 0.417696 0.000109467
AC 201 -3.56457 -3.56457 -3.56527
OP 202 0.519529 0.558404 0.350121 0.0856357 0.416629 0.000109083
AC 202 -9.57397 -9.57397 -9.57472
OP 203 0.526027 0.559991 0.35301 0.0809616 0.416018 0.000107544
AC 203 -11.5586 -11.5586 -11.5594
OP 204 0.50142 0.565513 0.355547 0.0773275 0.417205 0.000106271
AC 204 -3.48489 -3.48489 -3.48568
OP 205 0.540818 0.552764 0.351715 0.0838361 0.415445 0.000108945
AC 205 -4.92801 -4.92801 -4.92874
OP 206 0.535811 0.554963 0.349501 0.0891944 0.416013 0.000110296
AC 206 -22.485 -22.485 -22.4857
OP 207 0.527042 0.564169 0.358138 0.0842997 0.411446 0.000105226
AC 207 -16.6234 -16.6234 -16.6243
OP 208 0.52967 0.554379 0.352669 0.0835797 0.414491 0.000107828
AC 208 0.565691 0.565691 0.564983
OP 209 0.52236 0.563338 0.357435 0.0797201 0.412245 0.000105116
AC 209 -9.66086 -9.66086 -9.66175
OP 210 0.535403 0.563151 0.355062 0.0906164 0.413729 0.000106516
AC 210 -10.7143 -10.7143 -10.7151
OP 211 0.523064 0.55816 0.369041 0.0852208 0.405634 9.85775E-05
AC 211 -7.47028 -7.47028 -7.47113
OP 212 0.542399 0.55098 0.346836 0.089156 0.4191 0.000111634
AC 212 -14.1401 -14.1401 -14.1408
OP 213 0.52902 0.55281 0.360837 0.0845655 0.412911 0.000104165
AC 213 -2.9053 -2.9053 -2.90602
OP 214 0.515543 0.561664 0.352582 0.0767484 0.415579 0.000108214
AC 214 2.49429 2.49429 2.49356
OP 215 0.534272 0.55112 0.3522 0.0770652 0.414709 0.000108713
AC 215 -2.22924 -2.22924 -2.23
OP 216 0.524818 0.552828 0.351513 0.0878892 0.413751 0.000108986
AC 216 -15.8372 -15.8372 -15.8379
OP 217 0.521104 0.560197 0.357565 0.0884078 0.415379 0.000104928
AC 217 -20.52 -20.52 -20.5208
OP 218 0.518625 0.563068 0.360446 0.0809926 0.411745 0.000103299
AC 218 -1.17281 -1.17281 -1.17364
OP 219 0.523504 0.562328 0.355389 0.086471 0.414484 0.000106805
AC 219 -20.7875 -20.7875 -20.7884
OP 220 0.525574 0.556298 0.357434 0.085549 0.41115 0.000105205
AC 220 -18.27 -18.27 -18.2708
OP 221 0.523808 0.562238 0.354934 0.0803066 0.414307 0.000106586
AC 221 0.31241 0.31241 0.311654
OP 222 0.528445 0.55196 0.348316 0.0851236 0.41751 0.000110851
AC 222 -27.5392 -27.5392 -27.54
OP 223 0.526283 0.559868 0.351367 0.0817858 0.414356 0.000108919
AC 223 -1.03719 -1.03719 -1.03791
OP 224 0.512228 0.556321 0.347757 0.0805038 0.415918 0.00011067
AC 224 -2.7281 -2.7281 -2.72885
OP 225 0.538432 0.549668 0.355052 0.0883437 0.416849 0.00010673
AC 225 -2.86032 -2.86032 -2.861
OP 226 0.523442 0.556568 0.358037 0.0784009 0.414519 0.000105185
AC 226 4.42498 4.42498 4.42424
OP 227 0.522346 0.555667 0.350291 0.079706 0.417499 0.000109135
AC 227 -3.78167 -3.78167 -3.78247
OP 228 0.507718 0.555756 0.353321 0.0762522 0.41719 0.000107447
AC 228 1.04967 1.04967 1.0489
OP 229 0.529496 0.55475 0.339537 0.0825321 0.420292 0.000115647
AC 229 -2.0381 -2.0381 -2.03879
OP 230 0.530397 0.552159 0.340567 0.0817907 0.421126 0.000115506
AC 230 -2.42877 -2.42877 -2.42942
OP 231 0.502677 0.56005 0.362812 0.0773198 0.411868 0.000102494
AC 231 2.45403 2.45403 2.45324
OP 232 0.5315 0.555102 0.350213 0.0840301 0.416359 0.000109093
AC 232 -6.35081 -6.35081 -6.35155
OP 233 0.512582 0.545955 0.354621 0.0772963 0.413981 0.000107473
AC 233 5.02633 5.02633 5.02566
OP 234 0.508293 0.569233 0.353 0.0746102 0.413737 0.000107085
AC 234 -4.99046 -4.99046 -4.99139
OP 235 0.514125 0.559354 0.354685 0.0774016 0.41492 0.000106759
AC 235 3.61375 3.61375 3.61301
OP 236 0.520609 0.571495 0.357815 0.0763973 0.413933 0.000104229
AC 236 -4.50821 -4.50821 -4.50914
OP 237 0.536942 0.553904 0.351327 0.0881457 0.413596 0.000108801
AC 237 -26.2117 -26.2117 -26.2124
OP 238 0.516946 0.559482 0.364627 0.0836663 0.40882 0.000101256
AC 238 -8.41432 -8.41432 -8.41516
OP 239 0.518629 0.574478 0.364104 0.079319 0.408157 0.000100817
AC 239 -14.3212 -14.3212 -14.3223
OP 240 0.530643 0.559619 0.355745 0.0848208 0.41382 0.000105832
AC 240 -12.9069 -12.9069 -12.9076
OP 241 0.515159 0.563323 0.34774 0.0735797 0.416872 0.000110439
AC 241 3.54442 3.54442 3.54364
OP 242 0.516409 0.560699 0.353682 0.0798653 0.414869 0.000107195
AC 242 -2.12207 -2.12207 -2.12288
OP 243 0.519961 0.562539 0.354525 0.0805371 0.413591 0.000106807
AC 243 -6.82494 -6.82494 -6.82574
OP 244 0.524968 0.573892 0.363408 0.0868388 0.412355 0.000101566
AC 244 -10.2359 -10.2359 -10.2368
OP 245 0.538645 0.552412 0.353097 0.0779008 0.415021 0.000107788
AC 245 0.098369 0.098369 0.0976255
OP 246 0.530313 0.560332 0.358901 0.0836178 0.412055 0.000104438
AC 246 -8.8993 -8.8993 -8.90012
OP 247 0.52166 0.550504 0.351494 0.0804545 0.415854 0.000109481
AC 247 0.0922787 0.0922787 0.0915784
OP 248 0.521028 0.565886 0.359579 0.0856178 0.411027 0.000103347
AC 248 -32.6858 -32.6858 -32.6867
OP 249 0.509708 0.573999 0.36061 0.0723866 0.411121 0.000102714
AC 249 0.601371 0.601371 0.600384
OP 250 0.53023 0.554559 0.347157 0.0805066 0.417144 0.000111902
AC 250 2.21362 2.21362 2.21297
OP 251 0.522692 0.55528 0.354224 0.075338 0.415756 0.000107605
AC 251 5.79684 5.79684 5.79611
OP 252 0.533103 0.567216 0.357318 0.0833365 0.412713 0.000104719
AC 252 -17.0477 -17.0477 -17.0486
OP 253 0.52681 0.571672 0.369062 0.0887211 0.407602 9.73405E-05
AC 253 -13.6184 -13.6184 -13.6194
OP 254 0.512758 0.556646 0.352078 0.0710447 0.415594 0.000108323
AC 254 6.15812 6.15812 6.15737
OP 255 0.526343 0.551972 0.350285 0.0763049 0.414088 0.000109056
AC 255 3.63227 3.63227 3.63158
OP 256 0.528858 0.565052 0.359724 0.084785 0.409656 0.000103117
AC 256 -13.142 -13.142 -13.1428
OP 257 0.528926 0.547389 0.355094 0.0790156 0.414673 0.000107312
AC 257 -0.40815 -0.40815 -0.408859
OP 258 0.535423 0.556234 0.351671 0.0875932 0.413115 0.000107977
AC 258 -41.2799 -41.2799 -41.2806
OP 259 0.519228 0.561807 0.361117 0.0827584 0.412165 0.000103335
AC 259 -2.67577 -2.67577 -2.67656
OP 260 0.512449 0.56604 0.349077 0.0750813 0.415546 0.000109386
AC 260 0.915043 0.915043 0.914262
OP 261 0.528965 0.555622 0.356397 0.0809833 0.413585 0.000106149
AC 261 -0.0669935 -0.0669935 -0.0677527
OP 262 0.541007 0.560148 0.361593 0.0887514 0.409946 0.000102164
AC 262 -9.47484 -9.47484 -9.47569
OP 263 0.521177 0.559543 0.354907 0.084693 0.414761 0.000106668
AC 263 -6.56576 -6.56576 -6.56655
OP 264 0.530555 0.565147 0.364551 0.0872519 0.406393 0.000100524
AC 264 -15.1215 -15.1215 -15.1225
OP 265 0.522988 0.555847 0.358389 0.078317 0.413671 0.000104951
AC 265 2.83308 2.83308 2.83234
OP 266 0.521631 0.555219 0.351675 0.0768142 0.416948 0.000108802
AC 266 1.72906 1.72906 1.7283
OP 267 0.537246 0.558198 0.357969 0.091351 0.410716 0.000104996
AC 267 -10.0017 -10.0017 -10.0024
OP 268 0.537598 0.549346 0.345631 0.083429 0.417983 0.00011336
AC 268 -0.410102 -0.410102 -0.410727
OP 269 0.513101 0.554341 0.344975 0.0761511 0.421678 0.000113173
AC 269 2.08702 2.08702 2.08631
OP 270 0.515073 0.552096 0.346736 0.0746305 0.419484 0.000111636
AC 270 1.41655 1.41655 1.41582
OP 271 0.515554 0.551344 0.343225 0.0758239 0.422429 0.000114282
AC 271 2.18744 2.18744 2.18677
OP 272 0.529235 0.556851 0.355579 0.0875555 0.414933 0.000106417
AC 272 -34.404 -34.404 -34.4047
OP 273 0.534739 0.559621 0.366079 0.0914883 0.408909 0.000100267
AC 273 -20.5277 -20.5277 -20.5285
OP 274 0.504282 0.565202 0.363497 0.0770843 0.410374 0.00010139
AC 274 -1.74071 -1.74071 -1.74164
OP 275 0.522814 0.563987 0.367084 0.0909357 0.406088 9.91727E-05
AC 275 -50.7955 -50.7955 -50.7953
OP 276 0.521013 0.562206 0.35622 0.0811414 0.41322 0.000106029
AC 276 -3.5782 -3.5782 -3.57902
OP 277 0.523806 0.554635 0.344124 0.0778628 0.419639 0.000113547
AC 277 3.95843 3.95843 3.95777
OP 278 0.521217 0.5556 0.35423 0.0765717 0.415132 0.000107073
AC 278 -3.56591 -3.56591 -3.56673
OP 279 0.530561 0.56612 0.358599 0.0901087 0.410874 0.000104208
AC 279 -3.15037 -3.15037 -3.15126
OP 280 0.508981 0.564291 0.358839 0.0798442 0.413502 0.000104513
AC 280 -3.64742 -3.64742 -3.64825
OP 281 0.529432 0.559097 0.362826 0.0884402 0.407772 0.000101707
AC 281 -22.9709 -22.9709 -22.9717
OP 282 0.507617 0.567016 0.365186 0.0770272 0.411301 0.000100773
AC 282 1.18277 1.18277 1.18193
OP 283 0.52302 0.543451 0.352091 0.0835522 0.415583 0.000108825
AC 283 1.92037 1.92037 1.91975
OP 284 0.526037 0.550292 0.355736 0.0789471 0.418943 0.000106691
AC 284 5.40808 5.40808 5.40742
OP 285 0.535034 0.55566 0.349374 0.0834459 0.416227 0.000109897
AC 285 -11.1866 -11.1866 -11.1874
OP 286 0.539202 0.560204 0.36644 0.0869753 0.403758 9.92227E-05
AC 286 -8.2522 -8.2522 -8.25303
OP 287 0.529593 0.552964 0.348498 0.0822452 0.417985 0.000111125
AC 287 0.836093 0.836093 0.835421
OP 288 0.52117 0.571431 0.363401 0.0782135 0.406627 0.000101007
AC 288 -5.27084 -5.27084 -5.2718
OP 289 0.521588 0.554314 0.347208 0.0730747 0.416072 0.000111472
AC 289 3.09803 3.09803 3.09734
OP 290 0.523673 0.564617 0.360882 0.0740976 0.412098 0.000102486
AC 290 0.889601 0.889601 0.888667
OP 291 0.528308 0.55589 0.364115 0.0810745 0.410185 0.000102145
AC 291 -1.59025 -1.59025 -1.59101
OP 292 0.518688 0.551891 0.353065 0.0765009 0.41524 0.000108266
AC 292 2.77413 2.77413 2.77341
OP 293 0.533078 0.548285 0.353579 0.0848581 0.415893 0.000107969
AC 293 -1.24966 -1.24966 -1.25033
OP 294 0.520011 0.556832 0.362077 0.0819273 0.412709 0.000102441
AC 294 -1.54 -1.54 -1.54079
OP 295 0.528547 0.551245 0.360418 0.0786138 0.411273 0.00010362
AC 295 4.22142 4.22142 4.22072
OP 296 0.521066 0.567232 0.370316 0.083959 0.405725 9.743E-05
AC 296 -8.31304 -8.31304 -8.31395
OP 297 0.517584 0.558845 0.353593 0.0789827 0.414499 0.000107412
AC 297 -1.47322 -1.47322 -1.474
OP 298 0.529686 0.556244 0.3603 0.0861203 0.410572 0.000104017
AC 298 -4.9102 -4.9102 -4.91094
OP 299 0.524091 0.553323 0.344494 0.0771838 0.418907 0.000113437
AC 299 -2.3429 -2.3429 -2.34362
