OP 0 0.578065 0.707645 0.540853 0.269701 0.294582 0.000100481
AC 0 7.91202 7.91202 7.91148
OP 1 0.574308 0.700538 0.548055 0.261622 0.290859 9.72047E-05
AC 1 6.98672 6.98672 6.98618
OP 2 0.579652 0.711521 0.554932 0.273188 0.286964 9.37613E-05
AC 2 6.78779 6.78779 6.78715
OP 3 0.576665 0.695185 0.538524 0.257582 0.299063 0.000102051
AC 3 7.13834 7.13834 7.13782
OP 4 0.586579 0.697033 0.534255 0.262972 0.297512 0.000104507
AC 4 7.96101 7.96101 7.96051
OP 5 0.584382 0.683947 0.533671 0.257231 0.29828 0.000105455
AC 5 6.97422 6.97422 6.97379
OP 6 0.578923 0.699589 0.533261 0.261285 0.298876 0.000104743
AC 6 7.73441 7.73441 7.73392
OP 7 0.582273 0.696504 0.541992 0.268326 0.296333 0.000100687
AC 7 6.6717 6.6717 6.6712
OP 8 0.568068 0.692389 0.542516 0.260302 0.296934 0.000100083
AC 8 6.44805 6.44805 6.44757
OP 9 0.596843 0.688921 0.53131 0.268424 0.298567 0.000106097
AC 9 7.51238 7.51238 7.51192
OP 10 0.584678 0.689351 0.53792 0.263885 0.296784 0.000102747
AC 10 6.50937 6.50937 6.50888
OP 11 0.582967 0.702491 0.541487 0.265344 0.294649 0.000100337
AC 11 7.82591 7.82591 7.82537
OP 12 0.568778 0.69027 0.53063 0.262891 0.300311 0.000106048
AC 12 6.18372 6.18372 6.18329
OP 13 0.578602 0.702011 0.540042 0.26349 0.294052 0.000100906
AC 13 7.31879 7.31879 7.31826
OP 14 0.578785 0.693713 0.538052 0.259028 0.297127 0.000102831
AC 14 7.3474 7.3474 7.3469
OP 15 0.581945 0.692331 0.535345 0.266909 0.295975 0.000104006
AC 15 6.59934 6.59934 6.59887
OP 16 0.587426 0.688159 0.541623 0.264702 0.295494 0.000101315
AC 16 6.32231 6.32231 6.32183
OP 17 0.586051 0.691507 0.530974 0.266534 0.300611 0.000105682
AC 17 7.13571 7.13571 7.13525
OP 18 0.585491 0.697138 0.532278 0.257291 0.300415 0.000104959
AC 18 7.68482 7.68482 7.68431
OP 19 0.606535 0.698415 0.531227 0.275128 0.297497 0.000105726
AC 19 8.06584 8.06584 8.06536
OP 20 0.59389 0.706163 0.549169 0.271653 0.289281 9.66472E-05
AC 20 8.24124 8.24124 8.24067
OP 21 0.580225 0.694064 0.539342 0.266166 0.297636 0.000102218
AC 21 7.03735 7.03735 7.03688
OP 22 0.575521 0.684966 0.539574 0.259297 0.295314 0.000102029
AC 22 6.10586 6.10586 6.10541
OP 23 0.588909 0.700591 0.544901 0.266259 0.294257 9.88433E-05
AC 23 7.50811 7.50811 7.50754
OP 24 0.604999 0.697489 0.542206 0.272685 0.294 0.000100449
AC 24 7.56298 7.56298 7.56246
OP 25 0.580866 0.689665 0.531916 0.253444 0.301971 0.000105656
AC 25 6.82735 6.82735 6.82689
OP 26 0.5939 0.699299 0.54272 0.272801 0.29125 0.000100097
AC 26 8.06971 8.06971 8.06917
OP 27 0.571457 0.693374 0.535467 0.250604 0.298259 0.000103935
AC 27 6.95901 6.95901 6.95853
OP 28 0.582511 0.699254 0.539478 0.265124 0.296261 0.000101937
AC 28 7.48648 7.48648 7.48596
OP 29 0.578378 0.70493 0.53663 0.26686 0.295301 0.000102539
AC 29 7.87217 7.87217 7.87165
OP 30 0.57315 0.697792 0.532844 0.264958 0.296688 0.000104914
AC 30 7.04754 7.04754 7.04705
OP 31 0.566104 0.712998 0.547613 0.261402 0.293129 9.77532E-05
AC 31 7.53998 7.53998 7.53939
OP 32 0.576441 0.699743 0.534318 0.259947 0.299419 0.000103882
AC 32 7.60635 7.60635 7.60582
OP 33 0.60393 0.673207 0.526012 0.263025 0.303017 0.000109543
AC 33 7.19529 7.19529 7.1949
OP 34 0.573458 0.698952 0.527062 0.263161 0.299828 0.000107688
AC 34 7.36283 7.36283 7.36235
OP 35 0.574305 0.686903 0.535887 0.255563 0.298906 0.000103955
AC 35 5.79062 5.79062 5.79015
OP 36 0.562987 0.691386 0.539614 0.255313 0.29696 0.000102026
AC 36 6.01442 6.01442 6.01393
OP 37 0.588257 0.701704 0.5371 0.270813 0.295098 0.000102567
AC 37 7.30941 7.30941 7.30889
OP 38 0.581153 0.699266 0.540055 0.270045 0.296695 0.000101156
AC 38 7.58371 7.58371 7.5832
OP 39 0.573488 0.680169 0.527433 0.25584 0.301909 0.000108852
AC 39 5.9608 5.9608 5.96038
OP 40 0.568141 0.681965 0.531033 0.252313 0.299301 0.00010643
AC 40 5.94168 5.94168 5.94125
OP 41 0.564247 0.696629 0.536372 0.250757 0.298652 0.000103014
AC 41 7.00077 7.00077 7.00026
OP 42 0.578048 0.705098 0.542037 0.26221 0.293378 0.000100171
AC 42 7.76514 7.76514 7.76459
OP 43 0.588975 0.694426 0.529954 0.267759 0.301984 0.000105796
AC 43 8.04781 8.04781 8.04734
OP 44 0.574793 0.691312 0.534753 0.258225 0.301073 0.000104137
AC 44 7.19907 7.19907 7.19861
OP 45 0.594719 0.692491 0.531019 0.26134 0.29981 0.000106351
AC 45 7.64541 7.64541 7.64495
OP 46 0.581749 0.685672 0.532623 0.262995 0.300034 0.000105144
AC 46 7.04066 7.04066 7.04022
OP 47 0.582297 0.700262 0.540094 0.266563 0.294973 0.000101168
AC 47 7.14319 7.14319 7.14265
OP 48 0.577159 0.70245 0.532479 0.258456 0.299187 0.000104933
AC 48 8.34655 8.34655 8.34606
OP 49 0.595295 0.694536 0.534297 0.271774 0.29625 0.000103985
AC 49 7.66763 7.66763 7.66713
OP 50 0.583294 0.699671 0.537502 0.265718 0.297799 0.000102065
AC 50 7.7781 7.7781 7.77756
OP 51 0.563101 0.694852 0.530501 0.255743 0.30102 0.000105993
AC 51 7.00903 7.00903 7.00855
OP 52 0.567678 0.684669 0.533624 0.247878 0.298671 0.000105543
AC 52 6.04359 6.04359 6.04312
OP 53 0.583571 0.698688 0.535493 0.271596 0.297046 0.000103348
AC 53 8.22121 8.22121 8.22074
OP 54 0.578053 0.700958 0.536957 0.26533 0.295531 0.000102511
AC 54 7.5252 7.5252 7.52467
OP 55 0.576887 0.706991 0.537251 0.26089 0.297728 0.000102274
AC 55 8.25259 8.25259 8.25203
OP 56 0.575019 0.704785 0.534553 0.26035 0.297021 0.000103489
AC 56 8.06535 8.06535 8.06481
OP 57 0.585627 0.695209 0.532661 0.261128 0.298303 0.00010535
AC 57 7.14378 7.14378 7.14331
OP 58 0.581928 0.68941 0.528783 0.256003 0.302535 0.000107634
AC 58 7.28987 7.28987 7.28941
OP 59 0.58449 0.706142 0.545925 0.268785 0.292793 9.83009E-05
AC 59 7.65021 7.65021 7.64966
OP 60 0.599909 0.706508 0.543736 0.279659 0.291849 9.8632E-05
AC 60 8.10994 8.10994 8.10936
OP 61 0.585213 0.692903 0.532247 0.266483 0.297574 0.000105308
AC 61 8.02862 8.02862 8.02813
OP 62 0.576873 0.696036 0.534894 0.257188 0.297583 0.000104296
AC 62 7.41786 7.41786 7.41736
OP 63 0.577636 0.695139 0.534402 0.270576 0.298842 0.000104461
AC 63 7.39179 7.39179 7.39132
OP 64 0.574295 0.684503 0.521034 0.254402 0.30627 0.000111661
AC 64 7.29354 7.29354 7.29313
OP 65 0.582027 0.711 0.546865 0.263301 0.290957 9.71937E-05
AC 65 7.62268 7.62268 7.62207
OP 66 0.585133 0.685905 0.52714 0.261246 0.302663 0.000108869
AC 66 6.89277 6.89277 6.89232
OP 67 0.564042 0.684912 0.537862 0.249959 0.299768 0.000103
AC 67 5.72175 5.72175 5.72129
OP 68 0.576414 0.689085 0.528166 0.258237 0.303104 0.000107455
AC 68 7.0281 7.0281 7.02766
OP 69 0.583243 0.706181 0.54242 0.263619 0.291689 9.96031E-05
AC 69 8.16596 8.16596 8.16537
OP 70 0.581647 0.690126 0.52869 0.259156 0.302651 0.000107306
AC 70 6.84382 6.84382 6.84337
OP 71 0.575226 0.700932 0.538792 0.258775 0.295735 0.000101191
AC 71 6.55149 6.55149 6.55095
OP 72 0.579934 0.709064 0.544439 0.265247 0.291864 9.84932E-05
AC 72 8.29339 8.29339 8.29281
OP 73 0.579101 0.697215 0.531232 0.254048 0.300693 0.000105877
AC 73 7.26841 7.26841 7.2679
OP 74 0.580202 0.681669 0.514673 0.256709 0.306514 0.000115249
AC 74 7.39557 7.39557 7.39519
OP 75 0.579672 0.693561 0.527682 0.268959 0.301607 0.000107673
AC 75 7.45693 7.45693 7.45647
OP 76 0.593412 0.693221 0.536344 0.264134 0.295518 0.000103279
AC 76 6.88785 6.88785 6.88735
OP 77 0.582803 0.700449 0.544578 0.2626 0.291343 9.8833E-05
AC 77 7.02744 7.02744 7.02691
OP 78 0.590942 0.694677 0.530052 0.26649 0.299901 0.000106379
AC 78 7.80973 7.80973 7.80924
OP 79 0.587724 0.701388 0.539822 0.26929 0.293833 0.000101253
AC 79 7.88988 7.88988 7.88935
OP 80 0.597302 0.690952 0.537143 0.26571 0.297364 0.000103168
AC 80 7.92401 7.92401 7.92353
OP 81 0.58842 0.691038 0.536013 0.266562 0.299379 0.000104072
AC 81 7.37063 7.37063 7.37016
OP 82 0.581578 0.703069 0.535174 0.26477 0.296377 0.000103321
AC 82 7.67609 7.67609 7.67557
OP 83 0.581904 0.691631 0.538154 0.262003 0.295785 0.000102272
AC 83 6.22019 6.22019 6.2197
OP 84 0.573258 0.714673 0.539361 0.266602 0.295826 0.000101008
AC 84 8.50243 8.50243 8.50184
OP 85 0.581906 0.715012 0.548704 0.268095 0.289115 9.61337E-05
AC 85 8.18805 8.18805 8.18743
OP 86 0.57414 0.710661 0.541132 0.263953 0.293437 0.000100354
AC 86 7.22046 7.22046 7.21987
OP 87 0.587045 0.695362 0.530791 0.259146 0.300555 0.000105974
AC 87 8.18795 8.18795 8.18746
OP 88 0.581759 0.705582 0.542957 0.267701 0.295165 9.97498E-05
AC 88 7.40575 7.40575 7.40523
OP 89 0.581449 0.695033 0.531935 0.263189 0.299325 0.000105165
AC 89 7.17575 7.17575 7.17527
OP 90 0.596484 0.697633 0.546794 0.267836 0.294051 9.82961E-05
AC 90 7.1907 7.1907 7.19018
OP 91 0.579794 0.700436 0.539794 0.264942 0.294107 0.000101266
AC 91 7.38783 7.38783 7.38731
OP 92 0.562083 0.706724 0.538719 0.253668 0.296234 0.000101632
AC 92 7.26151 7.26151 7.26095
OP 93 0.585754 0.691091 0.534927 0.268056 0.297912 0.000104519
AC 93 7.35742 7.35742 7.35698
OP 94 0.581276 0.698946 0.542613 0.264586 0.293972 0.000100164
AC 94 7.01318 7.01318 7.01264
OP 95 0.583357 0.698453 0.530745 0.263352 0.2997 0.000105771
AC 95 8.16208 8.16208 8.16157
OP 96 0.583395 0.695475 0.528409 0.265073 0.302245 0.000107043
AC 96 7.78874 7.78874 7.78828
OP 97 0.579536 0.706226 0.554572 0.265262 0.284952 9.42024E-05
AC 97 6.00099 6.00099 6.0004
OP 98 0.583129 0.699922 0.538325 0.264951 0.297118 0.000102577
AC 98 7.8298 7.8298 7.8293
OP 99 0.572437 0.706914 0.542574 0.259702 0.296077 9.97116E-05
AC 99 6.55377 6.55377 6.55323
OP 100 0.588575 0.687262 0.539567 0.265227 0.29427 0.000102669
AC 100 6.92281 6.92281 6.92235
OP 101 0.59006 0.690499 0.527735 0.262737 0.300658 0.000107978
AC 101 7.8248 7.8248 7.82434
OP 102 0.575951 0.694174 0.532232 0.255522 0.299773 0.000105728
AC 102 7.34546 7.34546 7.345
OP 103 0.592398 0.706892 0.542011 0.270873 0.291421 9.93492E-05
AC 103 7.68009 7.68009 7.67952
OP 104 0.579933 0.692863 0.532914 0.253913 0.299449 0.000105204
AC 104 6.71031 6.71031 6.70985
OP 105 0.588971 0.691834 0.532244 0.264307 0.302121 0.000105895
AC 105 7.32881 7.32881 7.32833
OP 106 0.575967 0.693897 0.536924 0.260574 0.298691 0.000102828
AC 106 6.48839 6.48839 6.4879
OP 107 0.593457 0.702506 0.539884 0.273567 0.292508 0.00010085
AC 107 8.11994 8.11994 8.11942
OP 108 0.588327 0.709897 0.544116 0.269977 0.293521 9.91404E-05
AC 108 7.71356 7.71356 7.71299
OP 109 0.570903 0.691937 0.541167 0.256283 0.295221 0.000100955
AC 109 5.96577 5.96577 5.96527
OP 110 0.568004 0.682238 0.529535 0.249573 0.301532 0.000107406
AC 110 6.05971 6.05971 6.05927
OP 111 0.594985 0.69575 0.533058 0.270679 0.296133 0.000104717
AC 111 7.86332 7.86332 7.86285
OP 112 0.594559 0.69954 0.528218 0.271449 0.301065 0.000106547
AC 112 8.12932 8.12932 8.12884
OP 113 0.572109 0.692644 0.536457 0.25941 0.298508 0.00010326
AC 113 6.82951 6.82951 6.82904
OP 114 0.577379 0.700941 0.537134 0.267633 0.296486 0.000102713
AC 114 7.73195 7.73195 7.73141
OP 115 0.563264 0.697719 0.543356 0.256333 0.295221 9.97074E-05
AC 115 5.77674 5.77674 5.77623
OP 116 0.582198 0.682108 0.531004 0.265347 0.302372 0.00010672
AC 116 6.49201 6.49201 6.49159
OP 117 0.586085 0.68887 0.523659 0.25915 0.30247 0.000109613
AC 117 7.71655 7.71655 7.71611
OP 118 0.583255 0.694298 0.535537 0.258894 0.29686 0.000102901
AC 118 7.8212 7.8212 7.82067
OP 119 0.587174 0.692089 0.533808 0.261225 0.298181 0.000104471
AC 119 7.54939 7.54939 7.54892
OP 120 0.569339 0.710504 0.548085 0.264164 0.28999 9.70157E-05
AC 120 7.56196 7.56196 7.56137
OP 121 0.566921 0.696399 0.533404 0.252537 0.297783 0.000104654
AC 121 6.98618 6.98618 6.98568
OP 122 0.577285 0.684046 0.525388 0.26195 0.303496 0.000108913
AC 122 6.73231 6.73231 6.7319
OP 123 0.590462 0.697182 0.537014 0.267092 0.293716 0.000102618
AC 123 8.19789 8.19789 8.19741
OP 124 0.584078 0.695225 0.534136 0.266698 0.29737 0.000104398
AC 124 6.79161 6.79161 6.79116
OP 125 0.58648 0.68396 0.533954 0.26364 0.299426 0.000105018
AC 125 6.63886 6.63886 6.6384
OP 126 0.575821 0.690656 0.53736 0.264056 0.297839 0.000103133
AC 126 7.07171 7.07171 7.07123
OP 127 0.573636 0.69457 0.543012 0.25722 0.293425 0.000100451
AC 127 5.98551 5.98551 5.98501
OP 128 0.596336 0.69682 0.540107 0.268783 0.295951 0.000101726
AC 128 7.37008 7.37008 7.36957
OP 129 0.571127 0.69576 0.541174 0.267632 0.29442 0.000100638
AC 129 6.88838 6.88838 6.88787
OP 130 0.5812 0.712533 0.546105 0.267673 0.291185 9.72264E-05
AC 130 7.15725 7.15725 7.15662
OP 131 0.578096 0.714002 0.540005 0.273784 0.293916 0.00010062
AC 131 8.7299 8.7299 8.72934
OP 132 0.587156 0.699604 0.536817 0.26106 0.297153 0.000102668
AC 132 8.38231 8.38231 8.38178
OP 133 0.583373 0.687435 0.534999 0.257844 0.298118 0.000104428
AC 133 6.80369 6.80369 6.80324
OP 134 0.576344 0.699645 0.53627 0.259175 0.298963 0.000103328
AC 134 7.56475 7.56475 7.56421
OP 135 0.59393 0.686793 0.524492 0.267897 0.30401 0.000109746
AC 135 8.25564 8.25564 8.2552
OP 136 0.579447 0.690866 0.533429 0.260704 0.297875 0.000104975
AC 136 7.04816 7.04816 7.0477
OP 137 0.586501 0.701262 0.534129 0.266164 0.298587 0.000104335
AC 137 7.47374 7.47374 7.47325
OP 138 0.579373 0.690764 0.531618 0.258974 0.300806 0.000105926
AC 138 7.26312 7.26312 7.26266
OP 139 0.573764 0.699967 0.52941 0.264426 0.301184 0.000106277
AC 139 7.87444 7.87444 7.87397
OP 140 0.574793 0.698496 0.539589 0.263581 0.294167 0.000101083
AC 140 7.52187 7.52187 7.52131
OP 141 0.58028 0.677386 0.531157 0.251483 0.302919 0.000107278
AC 141 5.71883 5.71883 5.71843
OP 142 0.596601 0.688257 0.527976 0.271199 0.301552 0.000107876
AC 142 7.46458 7.46458 7.46413
OP 143 0.589095 0.69133 0.542298 0.264032 0.293955 0.000100462
AC 143 6.6373 6.6373 6.63679
OP 144 0.580666 0.704583 0.536858 0.265493 0.296428 0.000102755
AC 144 7.35506 7.35506 7.35457
OP 145 0.576292 0.694986 0.535308 0.268095 0.296036 0.000103888
AC 145 7.35613 7.35613 7.35564
OP 146 0.59471 0.693877 0.532931 0.266024 0.298263 0.000105224
AC 146 7.61529 7.61529 7.61482
OP 147 0.587822 0.703953 0.533596 0.26681 0.300589 0.000103805
AC 147 8.42986 8.42986 8.42933
OP 148 0.595281 0.690547 0.529037 0.272538 0.300903 0.000106859
AC 148 6.99689 6.99689 6.99643
OP 149 0.602227 0.696365 0.541179 0.274584 0.296878 0.000101257
AC 149 8.14457 8.14457 8.14407
OP 150 0.581569 0.688796 0.528232 0.254664 0.299642 0.00010737
AC 150 7.27491 7.27491 7.27445
OP 151 0.593698 0.694262 0.531791 0.264788 0.30139 0.000105358
AC 151 7.94478 7.94478 7.9443
OP 152 0.583213 0.697229 0.539647 0.257259 0.294585 0.000101512
AC 152 7.02811 7.02811 7.02759
OP 153 0.576339 0.695422 0.532461 0.257679 0.298485 0.000105197
AC 153 6.57509 6.57509 6.57462
OP 154 0.597067 0.689083 0.539413 0.268758 0.294585 0.000102379
AC 154 6.60616 6.60616 6.60568
OP 155 0.580261 0.706962 0.541429 0.26832 0.294693 0.000100247
AC 155 7.27267 7.27267 7.2721
OP 156 0.586895 0.686316 0.528773 0.262511 0.300421 0.000107615
AC 156 7.13559 7.13559 7.13514
OP 157 0.577081 0.69641 0.535998 0.268996 0.293861 0.000103063
AC 157 7.51491 7.51491 7.51441
OP 158 0.5792 0.695594 0.536143 0.259166 0.297926 0.000103514
AC 158 6.91838 6.91838 6.91791
OP 159 0.591371 0.702427 0.533515 0.267206 0.295221 0.000104034
AC 159 8.89134 8.89134 8.89082
OP 160 0.587663 0.695544 0.531 0.269576 0.302361 0.000105945
AC 160 7.9859 7.9859 7.98542
OP 161 0.601229 0.685174 0.516588 0.270511 0.307007 0.000113638
AC 161 8.04252 8.04252 8.04211
OP 162 0.584905 0.711574 0.544858 0.26519 0.291112 9.87911E-05
AC 162 7.53396 7.53396 7.53336
OP 163 0.58412 0.6868 0.531741 0.262484 0.299202 0.000105988
AC 163 6.75425 6.75425 6.75381
OP 164 0.590494 0.682333 0.528332 0.255505 0.302777 0.000108039
AC 164 7.07718 7.07718 7.07675
OP 165 0.596123 0.690131 0.534613 0.268192 0.298911 0.000104331
AC 165 7.86266 7.86266 7.86219
OP 166 0.573357 0.699868 0.529652 0.261995 0.298234 0.000106342
AC 166 7.31122 7.31122 7.31073
OP 167 0.56925 0.68827 0.528431 0.250899 0.303391 0.00010776
AC 167 6.73122 6.73122 6.73076
OP 168 0.59288 0.694367 0.535621 0.274521 0.299227 0.000103749
AC 168 7.55364 7.55364 7.55317
OP 169 0.593014 0.701843 0.533678 0.268057 0.297778 0.000103894
AC 169 8.52833 8.52833 8.52781
OP 170 0.582023 0.698886 0.537475 0.26014 0.295065 0.000102381
AC 170 7.42651 7.42651 7.42599
OP 171 0.585991 0.693139 0.534064 0.260029 0.298242 0.000104463
AC 171 7.20708 7.20708 7.2066
OP 172 0.581493 0.705984 0.550858 0.267446 0.288923 9.58319E-05
AC 172 6.99741 6.99741 6.99684
OP 173 0.564705 0.681804 0.526301 0.253836 0.304461 0.00010867
AC 173 6.19614 6.19614 6.19571
OP 174 0.599974 0.687563 0.536027 0.266752 0.297378 0.000104102
AC 174 7.42727 7.42727 7.42681
OP 175 0.576804 0.697556 0.532477 0.261187 0.299432 0.000105057
AC 175 7.34115 7.34115 7.34067
OP 176 0.58355 0.696579 0.532843 0.26702 0.29926 0.000104725
AC 176 7.47092 7.47092 7.47042
OP 177 0.583657 0.701925 0.54193 0.258905 0.295431 0.000100525
AC 177 7.61679 7.61679 7.61627
OP 178 0.586201 0.693599 0.533295 0.262416 0.299253 0.000104307
AC 178 7.17462 7.17462 7.17415
OP 179 0.583279 0.69537 0.532284 0.266117 0.298218 0.000105482
AC 179 7.54735 7.54735 7.54687
OP 180 0.589051 0.693248 0.529013 0.268372 0.30127 0.000106734
AC 180 7.71394 7.71394 7.71348
OP 181 0.58649 0.702785 0.540092 0.259948 0.295579 0.000101169
AC 181 7.41991 7.41991 7.41937
OP 182 0.572664 0.708086 0.552191 0.263115 0.290195 9.50454E-05
AC 182 7.16284 7.16284 7.16221
OP 183 0.592357 0.693969 0.535022 0.272235 0.297655 0.000104161
AC 183 7.85017 7.85017 7.8497
OP 184 0.579236 0.696718 0.533734 0.259714 0.298908 0.000104681
AC 184 7.66038 7.66038 7.65989
OP 185 0.577766 0.693269 0.528281 0.264704 0.301295 0.00010712
AC 185 7.47191 7.47191 7.47145
OP 186 0.578549 0.686173 0.537034 0.259078 0.296856 0.000103302
AC 186 6.33265 6.33265 6.33217
OP 187 0.575975 0.703113 0.544687 0.267508 0.291905 9.87453E-05
AC 187 6.64335 6.64335 6.64283
OP 188 0.605389 0.69605 0.534677 0.277659 0.297187 0.000104183
AC 188 7.76054 7.76054 7.76005
OP 189 0.572302 0.676583 0.52134 0.25605 0.305254 0.000111692
AC 189 6.38042 6.38042 6.38003
OP 190 0.579419 0.693387 0.534483 0.260474 0.29972 0.000104218
AC 190 7.65274 7.65274 7.65227
OP 191 0.594427 0.693256 0.53476 0.265862 0.296955 0.000104757
AC 191 7.53674 7.53674 7.53629
OP 192 0.576913 0.703315 0.539864 0.265264 0.295104 0.000100867
AC 192 8.07813 8.07813 8.07758
OP 193 0.588348 0.689611 0.535985 0.262263 0.296298 0.00010355
AC 193 6.62008 6.62008 6.61963
OP 194 0.594222 0.698827 0.533102 0.271657 0.300502 0.000104554
AC 194 8.01813 8.01813 8.01763
OP 195 0.57199 0.68288 0.533606 0.248515 0.299635 0.000105292
AC 195 5.75483 5.75483 5.75438
OP 196 0.568923 0.712228 0.549206 0.272164 0.290004 9.59447E-05
AC 196 8.23592 8.23592 8.23529
OP 197 0.574179 0.701296 0.540492 0.259799 0.293544 0.000101133
AC 197 6.64516 6.64516 6.6446
OP 198 0.588312 0.693015 0.536361 0.268418 0.296734 0.000103561
AC 198 6.83278 6.83278 6.83232
OP 199 0.578863 0.697681 0.540977 0.266332 0.29527 0.000100601
AC 199 6.75906 6.75906 6.75857
OP 200 0.584456 0.696599 0.544256 0.271582 0.293586 9.95302E-05
AC 200 6.55303 6.55303 6.55254
OP 201 0.581112 0.689167 0.536268 0.259697 0.297356 0.000103779
AC 201 6.91441 6.91441 6.91395
OP 202 0.583063 0.681073 0.533065 0.265283 0.299527 0.000105397
AC 202 6.00894 6.00894 6.00852
OP 203 0.568793 0.696984 0.531261 0.253241 0.298988 0.000105648
AC 203 7.12411 7.12411 7.12363
OP 204 0.585624 0.700943 0.537379 0.266802 0.297852 0.000102695
AC 204 7.82753 7.82753 7.82701
OP 205 0.578041 0.707962 0.540404 0.272968 0.296271 0.000100615
AC 205 8.19631 8.19631 8.19577
OP 206 0.576232 0.696797 0.533819 0.257805 0.298442 0.000104492
AC 206 7.17553 7.17553 7.17505
OP 207 0.588224 0.696631 0.537706 0.264255 0.294388 0.000102701
AC 207 7.01331 7.01331 7.01281
OP 208 0.591463 0.700346 0.535753 0.26686 0.296789 0.000102956
AC 208 8.13096 8.13096 8.13044
OP 209 0.573661 0.703847 0.543457 0.265286 0.292616 9.94394E-05
AC 209 7.10404 7.10404 7.10349
OP 210 0.58184 0.689106 0.530801 0.262769 0.300477 0.000106547
AC 210 6.75577 6.75577 6.75531
OP 211 0.567926 0.688628 0.533283 0.251268 0.299704 0.000104866
AC 211 5.6789 5.6789 5.67844
OP 212 0.596081 0.694276 0.541831 0.272561 0.293231 0.00010072
AC 212 7.02521 7.02521 7.02473
OP 213 0.601587 0.684825 0.526043 0.271039 0.299173 0.000108747
AC 213 7.83572 7.83572 7.8353
OP 214 0.575352 0.687176 0.5308 0.256541 0.300248 0.000106288
AC 214 6.80197 6.80197 6.80151
OP 215 0.593518 0.670937 0.524308 0.262081 0.303172 0.000110739
AC 215 6.26452 6.26452 6.26414
OP 216 0.594605 0.697969 0.536832 0.270576 0.292429 0.000102695
AC 216 7.78035 7.78035 7.77985
OP 217 0.575463 0.691287 0.529869 0.262726 0.29871 0.000106474
AC 217 7.2777 7.2777 7.27725
OP 218 0.589185 0.699388 0.548008 0.272844 0.292394 9.76094E-05
AC 218 6.96193 6.96193 6.96141
OP 219 0.574704 0.702493 0.542018 0.262302 0.294095 0.000100054
AC 219 7.14466 7.14466 7.14411
OP 220 0.584098 0.698736 0.534035 0.262975 0.299203 0.000103908
AC 220 7.74386 7.74386 7.74334
OP 221 0.589148 0.703695 0.538901 0.263877 0.294878 0.000101237
AC 221 8.06039 8.06039 8.05983
OP 222 0.609532 0.701032 0.540378 0.279868 0.294249 0.000100429
AC 222 8.0618 8.0618 8.06126
OP 223 0.594017 0.689788 0.530772 0.268062 0.299128 0.000106157
AC 223 7.41736 7.41736 7.4169
OP 224 0.586224 0.709522 0.544468 0.273455 0.291418 9.85791E-05
AC 224 8.04563 8.04563 8.04507
OP 225 0.560544 0.707407 0.540531 0.258874 0.297156 0.000100534
AC 225 7.11171 7.11171 7.11115
OP 226 0.579305 0.695573 0.536402 0.266229 0.29411 0.000102819
AC 226 7.01111 7.01111 7.01061
OP 227 0.574791 0.708574 0.544941 0.265502 0.292083 9.85158E-05
AC 227 7.74082 7.74082 7.74026
OP 228 0.587085 0.7063 0.543123 0.269669 0.294122 9.97675E-05
AC 228 8.33691 8.33691 8.33636
OP 229 0.589717 0.68207 0.529051 0.258966 0.300936 0.000107541
AC 229 6.95093 6.95093 6.95048
OP 230 0.583309 0.702637 0.536737 0.256072 0.300097 0.000102953
AC 230 7.8265 7.8265 7.82598
OP 231 0.584351 0.69356 0.538972 0.266233 0.29663 0.000102318
AC 231 7.37703 7.37703 7.37653
OP 232 0.577838 0.705774 0.535883 0.264336 0.297048 0.000103314
AC 232 7.54273 7.54273 7.54221
OP 233 0.576687 0.696218 0.527395 0.25739 0.303034 0.000107893
AC 233 7.22673 7.22673 7.22625
OP 234 0.567326 0.696785 0.540975 0.259686 0.293927 0.000101104
AC 234 6.71589 6.71589 6.71537
OP 235 0.579044 0.692657 0.537082 0.25469 0.298149 0.000103191
AC 235 6.95725 6.95725 6.95676
OP 236 0.575583 0.706555 0.539716 0.259724 0.298128 0.000101439
AC 236 7.73757 7.73757 7.73702
OP 237 0.591669 0.69723 0.534352 0.267711 0.298599 0.000104222
AC 237 7.80051 7.80051 7.80002
OP 238 0.586962 0.69207 0.52685 0.260186 0.301121 0.000107866
AC 238 8.00662 8.00662 8.00615
OP 239 0.577182 0.704039 0.539061 0.254724 0.296311 0.000101702
AC 239 7.65168 7.65168 7.65114
OP 240 0.583298 0.703665 0.53974 0.259541 0.294835 0.000101202
AC 240 7.97721 7.97721 7.97667
OP 241 0.588892 0.689037 0.535999 0.267647 0.299212 0.000103791
AC 241 6.73351 6.73351 6.73307
OP 242 0.576695 0.700284 0.538899 0.268368 0.29703 0.000101551
AC 242 7.68426 7.68426 7.68375
OP 243 0.570278 0.702739 0.537516 0.266699 0.295314 0.000102112
AC 243 7.47752 7.47752 7.47699
OP 244 0.577273 0.688925 0.530506 0.258423 0.300988 0.000106306
AC 244 6.93348 6.93348 6.93304
OP 245 0.577206 0.697379 0.531325 0.259447 0.300931 0.000105259
AC 245 8.0269 8.0269 8.0264
OP 246 0.577689 0.691495 0.530499 0.254291 0.298402 0.000107243
AC 246 7.08858 7.08858 7.08814
OP 247 0.583664 0.701292 0.537862 0.261247 0.293543 0.0001019
AC 247 7.26267 7.26267 7.26216
OP 248 0.563281 0.700171 0.538983 0.258374 0.2945 0.000102136
AC 248 6.74999 6.74999 6.74946
OP 249 0.596567 0.692958 0.536026 0.273893 0.2954 0.000103565
AC 249 7.39822 7.39822 7.39775
OP 250 0.592036 0.692454 0.526846 0.267883 0.301736 0.000107522
AC 250 8.08428 8.08428 8.08382
OP 251 0.590325 0.688327 0.530532 0.260291 0.301302 0.000106532
AC 251 7.3417 7.3417 7.34124
OP 252 0.592797 0.692557 0.530479 0.270175 0.301486 0.000106662
AC 252 7.68906 7.68906 7.68862
OP 253 0.574759 0.690607 0.532431 0.259297 0.301656 0.000105424
AC 253 6.99129 6.99129 6.99081
OP 254 0.575119 0.699936 0.540505 0.263681 0.294373 0.000101014
AC 254 7.56678 7.56678 7.56626
OP 255 0.582612 0.687953 0.529263 0.260614 0.303098 0.000107142
AC 255 7.59853 7.59853 7.59808
OP 256 0.592016 0.713701 0.548973 0.277861 0.28778 9.60424E-05
AC 256 8.12492 8.12492 8.12431
OP 257 0.607297 0.688243 0.538054 0.274176 0.297957 0.000102322
AC 257 7.30104 7.30104 7.30056
OP 258 0.587056 0.696809 0.536242 0.261646 0.296269 0.000102669
AC 258 8.17453 8.17453 8.17399
OP 259 0.570044 0.689968 0.538156 0.260402 0.29641 0.000102815
AC 259 6.25096 6.25096 6.25049
OP 260 0.5882 0.693272 0.530868 0.263592 0.300214 0.000105937
AC 260 7.60225 7.60225 7.60176
OP 261 0.583441 0.693434 0.525359 0.263392 0.303593 0.000108695
AC 261 8.09508 8.09508 8.09462
OP 262 0.586515 0.69645 0.532669 0.266787 0.298773 0.000105261
AC 262 7.07234 7.07234 7.07188
OP 263 0.589182 0.698593 0.528854 0.26872 0.301152 0.000106664
AC 263 8.31041 8.31041 8.30992
OP 264 0.586057 0.702881 0.540955 0.267286 0.292715 0.000100491
AC 264 7.69661 7.69661 7.69608
OP 265 0.569676 0.695262 0.529774 0.260481 0.301266 0.000106841
AC 265 7.44152 7.44152 7.44107
OP 266 0.588071 0.707487 0.553585 0.2766 0.287146 9.42964E-05
AC 266 7.50518 7.50518 7.5046
OP 267 0.583536 0.69492 0.531619 0.263105 0.298788 0.000105581
AC 267 7.88609 7.88609 7.88561
OP 268 0.586694 0.692292 0.536392 0.263937 0.294488 0.000103076
AC 268 7.43319 7.43319 7.4327
OP 269 0.587832 0.697057 0.532564 0.267834 0.300076 0.000105086
AC 269 7.64198 7.64198 7.64151
OP 270 0.575865 0.694053 0.534327 0.258959 0.298342 0.000104242
AC 270 6.78481 6.78481 6.78431
OP 271 0.596945 0.708956 0.543004 0.266724 0.293 9.95909E-05
AC 271 8.40411 8.40411 8.40353
OP 272 0.569624 0.690154 0.52638 0.258451 0.303245 0.000108501
AC 272 6.88403 6.88403 6.88359
OP 273 0.575555 0.701755 0.543339 0.268094 0.294584 9.95802E-05
AC 273 7.13527 7.13527 7.13474
OP 274 0.586325 0.692051 0.528763 0.262623 0.298974 0.000106986
AC 274 7.22449 7.22449 7.22403
OP 275 0.581893 0.698559 0.534209 0.271799 0.301079 0.000103885
AC 275 8.06052 8.06052 8.06
OP 276 0.588617 0.688714 0.52851 0.269581 0.300981 0.000107084
AC 276 7.5157 7.5157 7.51527
OP 277 0.578009 0.702561 0.536097 0.270399 0.298068 0.00010317
AC 277 8.20938 8.20938 8.20884
OP 278 0.597503 0.689484 0.533671 0.266931 0.300228 0.000104833
AC 278 7.21719 7.21719 7.21673
OP 279 0.583695 0.688658 0.533826 0.257308 0.299668 0.000104892
AC 279 6.69937 6.69937 6.69889
OP 280 0.588584 0.705306 0.537211 0.265096 0.295726 0.000102371
AC 280 8.05641 8.05641 8.05589
OP 281 0.587566 0.700636 0.538569 0.267739 0.293109 0.000101995
AC 281 7.65021 7.65021 7.6497
OP 282 0.594575 0.690627 0.524869 0.268296 0.301094 0.000109152
AC 282 7.82742 7.82742 7.82697
OP 283 0.588155 0.685702 0.539306 0.268008 0.297263 0.00010241
AC 283 6.58695 6.58695 6.58649
OP 284 0.59533 0.70384 0.540418 0.274626 0.295402 0.000100635
AC 284 7.89236 7.89236 7.8918
OP 285 0.591711 0.699585 0.538819 0.265844 0.29439 0.000101435
AC 285 7.5312 7.5312 7.53065
OP 286 0.561517 0.697996 0.523583 0.251889 0.301454 0.000109639
AC 286 7.51783 7.51783 7.51738
OP 287 0.601725 0.712232 0.542015 0.277944 0.291866 9.91251E-05
AC 287 8.18762 8.18762 8.18704
OP 288 0.574796 0.702051 0.537195 0.26046 0.297387 0.000102392
AC 288 7.31316 7.31316 7.31264
OP 289 0.584691 0.69186 0.534306 0.258609 0.297657 0.000104526
AC 289 5.5072 5.5072 5.50672
OP 290 0.587243 0.712868 0.541904 0.272694 0.291525 9.93204E-05
AC 290 8.6722 8.6722 8.67159
OP 291 0.569732 0.687326 0.528695 0.256699 0.30077 0.000107756
AC 291 6.06188 6.06188 6.06146
OP 292 0.592753 0.692271 0.532411 0.265574 0.298276 0.000105315
AC 292 7.40209 7.40209 7.40163
OP 293 0.581405 0.695909 0.530556 0.262947 0.298824 0.000106156
AC 293 7.76397 7.76397 7.76349
OP 294 0.581601 0.715392 0.546525 0.275587 0.291676 9.70772E-05
AC 294 8.57011 8.57011 8.56949
OP 295 0.585497 0.70834 0.539498 0.272969 0.294991 0.00010057
AC 295 8.65316 8.65316 8.65258
OP 296 0.57203 0.695305 0.531584 0.263126 0.298619 0.000105901
AC 296 7.88184 7.88184 7.88136
OP 297 0.572446 0.705352 0.547018 0.26721 0.293011 9.76591E-05
AC 297 7.72057 7.72057 7.72001
OP 298 0.578533 0.686222 0.535954 0.256619 0.298121 0.00010337
AC 298 6.79456 6.79456 6.79407
OP 299 0.571721 0.671433 0.524729 0.248835 0.303627 0.000110737
AC 299 4.28232 4.28232 4.28196
