OP 0 0.509255 0.514119 0.276966 0.0537322 0.439716 0.000105695
AC 0 8.82008 8.82008 8.81898
OP 1 0.511404 0.510309 0.275134 0.0524241 0.441525 0.000106559
AC 1 9.78542 9.78542 9.78434
OP 2 0.516031 0.500888 0.284829 0.0582621 0.436742 0.000101252
AC 2 9.27538 9.27538 9.27442
OP 3 0.513208 0.495481 0.269097 0.0538864 0.443376 0.000110564
AC 3 10.7738 10.7738 10.7729
OP 4 0.526218 0.509337 0.276104 0.0556643 0.436859 0.000105666
AC 4 2.18977 2.18977 2.1886
OP 5 0.518925 0.49558 0.278501 0.0617635 0.442071 0.000105066
AC 5 8.44843 8.44843 8.44757
OP 6 0.528051 0.506202 0.284319 0.0624782 0.433319 0.000101445
AC 6 4.95775 4.95775 4.95671
OP 7 0.539877 0.497561 0.279551 0.0697293 0.438247 0.000104651
AC 7 1.83861 1.83861 1.83771
OP 8 0.531875 0.491546 0.281132 0.063984 0.437374 0.000103847
AC 8 6.98978 6.98978 6.98889
OP 9 0.523352 0.494841 0.281131 0.0638099 0.437276 0.000103763
AC 9 5.81135 5.81135 5.81045
OP 10 0.523259 0.503379 0.265509 0.0595162 0.441596 0.000112248
AC 10 8.5445 8.5445 8.54364
OP 11 0.519465 0.503877 0.266872 0.0564846 0.444388 0.000111746
AC 11 9.45379 9.45379 9.45291
OP 12 0.513434 0.498823 0.286161 0.0597147 0.436864 0.000100638
AC 12 9.41018 9.41018 9.40918
OP 13 0.524324 0.506417 0.276552 0.0598497 0.439175 0.000105291
AC 13 7.35074 7.35074 7.34975
OP 14 0.522716 0.508644 0.279215 0.0577519 0.440955 0.000104035
AC 14 6.19418 6.19418 6.19313
OP 15 0.522009 0.497186 0.272907 0.054125 0.441244 0.000108283
AC 15 10.3668 10.3668 10.3659
OP 16 0.539071 0.490097 0.28234 0.0685331 0.43536 0.000103321
AC 16 5.36883 5.36883 5.368
OP 17 0.512707 0.517083 0.284073 0.0539617 0.437028 0.000101259
AC 17 8.48496 8.48496 8.48382
OP 18 0.53139 0.493336 0.269312 0.0613813 0.444354 0.000110329
AC 18 8.48967 8.48967 8.48883
OP 19 0.513004 0.5034 0.279583 0.0551351 0.438344 0.000104323
AC 19 9.64612 9.64612 9.64518
OP 20 0.518218 0.508713 0.28401 0.0523356 0.435063 0.000101849
AC 20 8.60538 8.60538 8.6043
OP 21 0.527458 0.502998 0.273817 0.0591087 0.440025 0.000107591
AC 21 6.75007 6.75007 6.74913
OP 22 0.535128 0.500499 0.269865 0.0610698 0.439231 0.000110132
AC 22 6.87954 6.87954 6.87866
OP 23 0.539076 0.49399 0.279864 0.0680355 0.435482 0.000103554
AC 23 6.29528 6.29528 6.29441
OP 24 0.528686 0.499257 0.280893 0.053419 0.436635 0.000103528
AC 24 10.5259 10.5259 10.5248
OP 25 0.518612 0.50945 0.275662 0.0527072 0.439363 0.00010583
AC 25 9.21608 9.21608 9.21505
OP 26 0.531198 0.496898 0.283423 0.0628079 0.436682 0.000102358
AC 26 6.00907 6.00907 6.00812
OP 27 0.523992 0.497824 0.283638 0.0591911 0.435801 0.000101861
AC 27 7.00094 7.00094 7
OP 28 0.529272 0.498549 0.285889 0.0575408 0.43517 0.000100867
AC 28 11.2877 11.2877 11.2868
OP 29 0.529482 0.502359 0.279857 0.0635313 0.436455 0.000103867
AC 29 4.57157 4.57157 4.57061
OP 30 0.511441 0.512408 0.281001 0.053622 0.43757 0.000103173
AC 30 9.61489 9.61489 9.61384
OP 31 0.524423 0.509144 0.282821 0.0609473 0.436107 0.000102284
AC 31 5.97288 5.97288 5.97177
OP 32 0.525407 0.503623 0.273608 0.057655 0.438583 0.000107585
AC 32 7.97477 7.97477 7.9738
OP 33 0.515995 0.49829 0.27353 0.0581519 0.441775 0.000108219
AC 33 9.22249 9.22249 9.22162
OP 34 0.526131 0.520137 0.28322 0.0623556 0.433376 0.00010127
AC 34 3.04557 3.04557 3.0443
OP 35 0.518233 0.500603 0.272985 0.0588651 0.442767 0.000107964
AC 35 9.95411 9.95411 9.95323
OP 36 0.514839 0.500975 0.266501 0.0486558 0.445679 0.00011149
AC 36 9.93184 9.93184 9.93088
OP 37 0.523197 0.507079 0.28149 0.0603888 0.43746 0.000102976
AC 37 6.38949 6.38949 6.38844
OP 38 0.518622 0.504381 0.271486 0.0565503 0.441329 0.000108905
AC 38 8.88755 8.88755 8.8866
OP 39 0.542002 0.496103 0.275053 0.0580456 0.439243 0.000106705
AC 39 8.24769 8.24769 8.24673
OP 40 0.521549 0.508518 0.277186 0.0632985 0.437191 0.000105265
AC 40 6.29753 6.29753 6.29657
OP 41 0.512496 0.507928 0.279896 0.0500054 0.437162 0.00010339
AC 41 11.8378 11.8378 11.8367
OP 42 0.51497 0.499683 0.277204 0.05614 0.440119 0.000105279
AC 42 9.64576 9.64576 9.64482
OP 43 0.514599 0.506345 0.275383 0.0541862 0.438414 0.000106163
AC 43 8.584 8.584 8.58293
OP 44 0.511114 0.508268 0.277291 0.053478 0.438901 0.000105017
AC 44 11.5751 11.5751 11.5741
OP 45 0.518805 0.507022 0.278252 0.0543635 0.437069 0.000104263
AC 45 8.37163 8.37163 8.37053
OP 46 0.519816 0.503897 0.276518 0.059168 0.437914 0.000105807
AC 46 7.85065 7.85065 7.84971
OP 47 0.51506 0.509166 0.280535 0.0618941 0.436312 0.000103396
AC 47 2.82649 2.82649 2.82537
OP 48 0.506661 0.510765 0.29157 0.0560059 0.431953 9.74993E-05
AC 48 6.1617 6.1617 6.16052
OP 49 0.531406 0.490426 0.278952 0.0662407 0.437738 0.000105083
AC 49 8.06857 8.06857 8.06779
OP 50 0.51897 0.507233 0.272779 0.0527658 0.442036 0.000107919
AC 50 10.9479 10.9479 10.947
OP 51 0.512113 0.498159 0.266218 0.0535181 0.444869 0.000112637
AC 51 11.2793 11.2793 11.2785
OP 52 0.533101 0.49438 0.266738 0.0565761 0.448347 0.000112652
AC 52 9.44141 9.44141 9.44057
OP 53 0.523844 0.503803 0.281193 0.0604162 0.434702 0.00010308
AC 53 8.18513 8.18513 8.18416
OP 54 0.524422 0.499784 0.276157 0.054443 0.441791 0.000106759
AC 54 9.22302 9.22302 9.22208
OP 55 0.525163 0.491788 0.271516 0.0590567 0.44372 0.000109866
AC 55 8.99488 8.99488 8.9941
OP 56 0.53126 0.497114 0.276707 0.0574965 0.437101 0.000105859
AC 56 8.61196 8.61196 8.61102
OP 57 0.514291 0.510405 0.279834 0.056842 0.438011 0.000104056
AC 57 8.86477 8.86477 8.86374
OP 58 0.528966 0.508535 0.277122 0.0550604 0.440245 0.00010543
AC 58 7.60021 7.60021 7.59915
OP 59 0.525649 0.512098 0.283304 0.0601234 0.435876 0.00010115
AC 59 4.19817 4.19817 4.19699
OP 60 0.533528 0.493916 0.269752 0.0601915 0.444225 0.000110564
AC 60 7.70924 7.70924 7.70841
OP 61 0.512078 0.504262 0.272589 0.0509103 0.443339 0.000108291
AC 61 12.3955 12.3955 12.3946
OP 62 0.513126 0.511716 0.286721 0.0553385 0.436027 9.99288E-05
AC 62 9.49116 9.49116 9.49008
OP 63 0.512021 0.504853 0.270507 0.0524567 0.442749 0.000109468
AC 63 10.2036 10.2036 10.2026
OP 64 0.529714 0.505106 0.290383 0.0657524 0.431459 9.82211E-05
AC 64 3.62254 3.62254 3.62153
OP 65 0.524984 0.507875 0.285891 0.0641277 0.436512 0.000100231
AC 65 5.47953 5.47953 5.4785
OP 66 0.524598 0.504936 0.281289 0.0633038 0.437016 0.000103014
AC 66 2.37327 2.37327 2.37225
OP 67 0.51286 0.505289 0.28438 0.0575007 0.435451 0.000101756
AC 67 8.27744 8.27744 8.27638
OP 68 0.515493 0.516287 0.28628 0.0561303 0.433146 9.99048E-05
AC 68 5.95677 5.95677 5.95552
OP 69 0.524913 0.507943 0.283507 0.0606639 0.435057 0.000101927
AC 69 7.3282 7.3282 7.32721
OP 70 0.530039 0.505664 0.285109 0.0667562 0.431805 0.000100444
AC 70 0.868182 0.868182 0.867081
OP 71 0.501705 0.512667 0.28189 0.04959 0.437199 0.000102133
AC 71 9.19993 9.19993 9.19872
OP 72 0.517941 0.492826 0.27475 0.0566358 0.439844 0.000107227
AC 72 11.5664 11.5664 11.5656
OP 73 0.52746 0.501109 0.280971 0.0617621 0.436908 0.000103036
AC 73 8.06134 8.06134 8.06045
OP 74 0.515303 0.512569 0.280996 0.0524901 0.438365 0.00010305
AC 74 10.0225 10.0225 10.0214
OP 75 0.518165 0.507334 0.278816 0.054938 0.43735 0.000103989
AC 75 9.01655 9.01655 9.01548
OP 76 0.521708 0.510994 0.277208 0.0559599 0.440478 0.000105202
AC 76 9.39783 9.39783 9.39681
OP 77 0.516032 0.503378 0.27694 0.053674 0.440036 0.000105359
AC 77 11.4391 11.4391 11.4382
OP 78 0.498897 0.504506 0.273253 0.0517786 0.443245 0.000108176
AC 78 11.1439 11.1439 11.143
OP 79 0.537494 0.487951 0.26458 0.0597101 0.444136 0.000113354
AC 79 9.46039 9.46039 9.45962
OP 80 0.513441 0.50669 0.290159 0.0617009 0.433449 9.80591E-05
AC 80 8.72066 8.72066 8.71962
OP 81 0.528038 0.502315 0.274005 0.0551804 0.43974 0.000107453
AC 81 9.34721 9.34721 9.34625
OP 82 0.520471 0.501854 0.28172 0.0589736 0.437907 0.000102847
AC 82 6.92093 6.92093 6.91998
OP 83 0.514775 0.510566 0.283747 0.0557664 0.436344 0.000101372
AC 83 7.30505 7.30505 7.30388
OP 84 0.535489 0.499941 0.283418 0.0668202 0.436469 0.000102166
AC 84 4.1904 4.1904 4.18946
OP 85 0.508611 0.51323 0.287273 0.0504327 0.435929 9.94679E-05
AC 85 10.2842 10.2842 10.283
OP 86 0.508243 0.511868 0.2737 0.0509355 0.440965 0.000107826
AC 86 10.7353 10.7353 10.7342
OP 87 0.517329 0.506466 0.284736 0.0603673 0.438761 0.000101193
AC 87 5.44915 5.44915 5.44811
OP 88 0.52847 0.503582 0.277262 0.0615109 0.439014 0.00010562
AC 88 7.2764 7.2764 7.27545
OP 89 0.524441 0.492551 0.266818 0.0617359 0.444311 0.000111658
AC 89 8.11083 8.11083 8.11003
OP 90 0.523216 0.496273 0.265257 0.05655 0.447834 0.000112904
AC 90 9.40308 9.40308 9.40224
OP 91 0.525662 0.505093 0.285917 0.0547572 0.433701 0.000100133
AC 91 9.68932 9.68932 9.68828
OP 92 0.530554 0.493487 0.27683 0.0603846 0.439271 0.000106141
AC 92 9.44358 9.44358 9.44274
OP 93 0.521781 0.50715 0.275665 0.0572037 0.439768 0.00010678
AC 93 7.30795 7.30795 7.30695
OP 94 0.522881 0.498107 0.268028 0.0558229 0.442663 0.000110978
AC 94 9.46587 9.46587 9.465
OP 95 0.537397 0.507701 0.284557 0.0647232 0.434915 0.000101232
AC 95 5.40755 5.40755 5.4065
OP 96 0.534389 0.493695 0.278332 0.0672171 0.437238 0.000105332
AC 96 0.673542 0.673542 0.672619
OP 97 0.520465 0.506068 0.272036 0.0558656 0.441499 0.000108554
AC 97 9.26432 9.26432 9.26337
OP 98 0.523568 0.497633 0.275096 0.0591567 0.439447 0.000107172
AC 98 9.54928 9.54928 9.54843
OP 99 0.512395 0.505678 0.277406 0.0513287 0.439867 0.000105534
AC 99 10.5724 10.5724 10.5713
OP 100 0.514813 0.50052 0.267317 0.0548344 0.443936 0.0001115
AC 100 10.5071 10.5071 10.5062
OP 101 0.51787 0.503212 0.278688 0.0582731 0.435629 0.00010454
AC 101 8.97068 8.97068 8.96971
OP 102 0.518118 0.498614 0.2748 0.0570439 0.441471 0.000106686
AC 102 9.39228 9.39228 9.39138
OP 103 0.523389 0.501406 0.281185 0.0576053 0.436181 0.000103232
AC 103 6.9412 6.9412 6.94017
OP 104 0.52347 0.499139 0.264475 0.0561341 0.444259 0.000112969
AC 104 8.91017 8.91017 8.90931
OP 105 0.531064 0.497973 0.283877 0.0586926 0.436678 0.000102056
AC 105 5.97509 5.97509 5.97406
OP 106 0.519334 0.513191 0.277415 0.0532692 0.437415 0.000104916
AC 106 9.66585 9.66585 9.66468
OP 107 0.512 0.497423 0.280465 0.0593049 0.441414 0.000103864
AC 107 8.70671 8.70671 8.70582
OP 108 0.518074 0.497366 0.277951 0.0615978 0.438223 0.000105676
AC 108 9.07452 9.07452 9.07368
OP 109 0.508446 0.511009 0.285526 0.0574962 0.434815 0.000100441
AC 109 7.00447 7.00447 7.00336
OP 110 0.533008 0.50547 0.269414 0.0572154 0.440192 0.00010937
AC 110 6.31285 6.31285 6.31183
OP 111 0.517756 0.512983 0.281267 0.0604516 0.436657 0.000102836
AC 111 7.56695 7.56695 7.56593
OP 112 0.524973 0.501336 0.273851 0.0588971 0.439688 0.000107266
AC 112 8.69236 8.69236 8.69149
OP 113 0.533306 0.502884 0.278626 0.0644696 0.434381 0.000104507
AC 113 4.09422 4.09422 4.09327
OP 114 0.523058 0.496426 0.278263 0.0625621 0.438464 0.000105416
AC 114 6.36952 6.36952 6.36862
OP 115 0.530547 0.485011 0.264851 0.0596039 0.443744 0.000113079
AC 115 9.0044 9.0044 9.00361
OP 116 0.520926 0.497258 0.288628 0.0653211 0.434262 9.88316E-05
AC 116 7.05815 7.05815 7.05721
OP 117 0.512279 0.501629 0.288888 0.0625048 0.432898 9.85678E-05
AC 117 5.74887 5.74887 5.74789
OP 118 0.511202 0.512557 0.285367 0.0554781 0.433895 0.000100276
AC 118 8.41316 8.41316 8.41195
OP 119 0.534748 0.503847 0.28667 0.0601672 0.437931 9.95458E-05
AC 119 8.46508 8.46508 8.46407
OP 120 0.534666 0.4952 0.282479 0.0697648 0.435236 0.000103163
AC 120 1.40059 1.40059 1.3997
OP 121 0.509984 0.496939 0.260627 0.0522994 0.449636 0.000115672
AC 121 10.9984 10.9984 10.9975
OP 122 0.52829 0.503916 0.277206 0.0592903 0.439672 0.000105703
AC 122 6.32599 6.32599 6.32502
OP 123 0.51325 0.501553 0.27207 0.054746 0.442243 0.000108698
AC 123 9.92962 9.92962 9.9287
OP 124 0.538503 0.494799 0.271134 0.0600771 0.440187 0.000109609
AC 124 8.95848 8.95848 8.95767
OP 125 0.519919 0.507031 0.282267 0.0590121 0.43785 0.000102271
AC 125 7.61096 7.61096 7.60985
OP 126 0.510498 0.510249 0.279317 0.0552118 0.434736 0.00010385
AC 126 9.11083 9.11083 9.10973
OP 127 0.520153 0.513866 0.271706 0.058295 0.441785 0.000108401
AC 127 -0.468695 -0.468695 -0.469859
OP 128 0.506422 0.505618 0.275191 0.0557176 0.441643 0.000106907
AC 128 8.87432 8.87432 8.87339
OP 129 0.529164 0.507431 0.287832 0.064852 0.433906 9.93003E-05
AC 129 2.31651 2.31651 2.31544
OP 130 0.516947 0.498173 0.272209 0.0551833 0.442582 0.000108827
AC 130 10.9674 10.9674 10.9665
OP 131 0.52109 0.509264 0.279704 0.0556145 0.438404 0.000103821
AC 131 9.51503 9.51503 9.51398
OP 132 0.506369 0.511448 0.281561 0.05193 0.437022 0.000102492
AC 132 10.0695 10.0695 10.0684
OP 133 0.530025 0.50087 0.272834 0.0630201 0.439901 0.000107901
AC 133 7.05832 7.05832 7.05746
OP 134 0.522469 0.502588 0.272862 0.0592666 0.441003 0.000108076
AC 134 8.17426 8.17426 8.17335
OP 135 0.523442 0.500286 0.27994 0.057946 0.437448 0.000104255
AC 135 8.61188 8.61188 8.61093
OP 136 0.518025 0.499446 0.28587 0.0590735 0.43427 0.000100187
AC 136 10.0888 10.0888 10.0878
OP 137 0.533456 0.498979 0.272172 0.0591191 0.440017 0.000108706
AC 137 6.2295 6.2295 6.22857
OP 138 0.527846 0.503416 0.265653 0.0544185 0.442948 0.000112057
AC 138 9.68894 9.68894 9.68803
OP 139 0.519076 0.501073 0.268002 0.0507248 0.444409 0.000111341
AC 139 11.7123 11.7123 11.7114
OP 140 0.518383 0.505085 0.274688 0.0623128 0.438442 0.000107542
AC 140 5.52595 5.52595 5.52504
OP 141 0.513541 0.503925 0.271774 0.0569779 0.442242 0.000108637
AC 141 8.52669 8.52669 8.52575
OP 142 0.532227 0.491052 0.26603 0.0577896 0.443912 0.000112569
AC 142 9.5422 9.5422 9.54143
OP 143 0.515313 0.504942 0.273259 0.0522804 0.441492 0.000107334
AC 143 9.46814 9.46814 9.46711
OP 144 0.516883 0.503673 0.287701 0.0583273 0.434516 9.97379E-05
AC 144 8.5624 8.5624 8.56133
OP 145 0.50513 0.508753 0.276419 0.0507409 0.440464 0.000105603
AC 145 9.62616 9.62616 9.62511
OP 146 0.515248 0.499025 0.271049 0.0536178 0.442732 0.000109322
AC 146 9.51092 9.51092 9.51
OP 147 0.513199 0.505702 0.26608 0.0506969 0.446356 0.000112088
AC 147 11.121 11.121 11.1201
OP 148 0.52264 0.514409 0.280509 0.0574713 0.434917 0.000103113
AC 148 4.22746 4.22746 4.22625
OP 149 0.528004 0.500393 0.279417 0.0611948 0.435885 0.000104064
AC 149 8.42056 8.42056 8.41959
OP 150 0.522655 0.500193 0.26684 0.0529618 0.443024 0.000111894
AC 150 11.7072 11.7072 11.7064
OP 151 0.531544 0.515748 0.290506 0.0590654 0.429751 9.72526E-05
AC 151 0.41459 0.41459 0.41328
OP 152 0.515147 0.510634 0.277981 0.0516094 0.438796 0.00010471
AC 152 9.37432 9.37432 9.37317
OP 153 0.514823 0.501693 0.283221 0.0553415 0.434869 0.000102209
AC 153 10.2863 10.2863 10.2853
OP 154 0.515818 0.50921 0.275056 0.051887 0.441846 0.000107183
AC 154 10.6424 10.6424 10.6414
OP 155 0.533265 0.504348 0.27762 0.0544182 0.437423 0.000105339
AC 155 8.37078 8.37078 8.36972
OP 156 0.518989 0.503021 0.279044 0.0593361 0.439061 0.000104487
AC 156 8.22568 8.22568 8.22468
OP 157 0.5181 0.50852 0.28642 0.0568386 0.436363 0.000100407
AC 157 10.2361 10.2361 10.235
OP 158 0.516427 0.49764 0.269159 0.0545334 0.442257 0.000110554
AC 158 9.5154 9.5154 9.51449
OP 159 0.519232 0.505025 0.274337 0.0582364 0.440277 0.000106886
AC 159 8.09243 8.09243 8.09145
OP 160 0.525225 0.505234 0.280439 0.0604154 0.436249 0.000103235
AC 160 6.01574 6.01574 6.01468
OP 161 0.51547 0.493875 0.275286 0.0607264 0.43932 0.000107243
AC 161 9.52122 9.52122 9.52041
OP 162 0.512789 0.500035 0.275344 0.0508846 0.442321 0.000106839
AC 162 10.8033 10.8033 10.8024
OP 163 0.503526 0.506629 0.268754 0.055028 0.444266 0.000110367
AC 163 9.36595 9.36595 9.36509
OP 164 0.519446 0.50819 0.278514 0.0532402 0.441685 0.000104545
AC 164 8.88217 8.88217 8.88113
OP 165 0.524153 0.499925 0.275289 0.0600536 0.440623 0.00010653
AC 165 8.79728 8.79728 8.79639
OP 166 0.523726 0.499813 0.267501 0.0612261 0.44296 0.00011135
AC 166 3.22055 3.22055 3.21965
OP 167 0.531561 0.492847 0.270813 0.0570598 0.440907 0.000110109
AC 167 11.6619 11.6619 11.6611
OP 168 0.527495 0.505257 0.283472 0.0650024 0.43529 0.000101981
AC 168 6.00324 6.00324 6.00229
OP 169 0.525997 0.503796 0.278844 0.0608424 0.436092 0.000105113
AC 169 8.61718 8.61718 8.61625
OP 170 0.525173 0.493165 0.279779 0.0621835 0.437554 0.000104646
AC 170 8.36848 8.36848 8.36763
OP 171 0.54174 0.48511 0.270875 0.0599886 0.44126 0.000109667
AC 171 9.61292 9.61292 9.61212
OP 172 0.524086 0.508327 0.283662 0.0583414 0.437485 0.000101739
AC 172 6.83426 6.83426 6.83314
OP 173 0.536603 0.502253 0.289155 0.0586675 0.432666 9.88817E-05
AC 173 8.05028 8.05028 8.04922
OP 174 0.511376 0.512047 0.27173 0.0516059 0.439488 0.000108169
AC 174 6.85946 6.85946 6.85836
OP 175 0.516134 0.498063 0.272631 0.0564015 0.443898 0.000108146
AC 175 9.90125 9.90125 9.90033
OP 176 0.533377 0.496449 0.277838 0.061838 0.438543 0.000105003
AC 176 7.64651 7.64651 7.64562
OP 177 0.516826 0.511267 0.282237 0.0627486 0.435817 0.000101821
AC 177 4.43902 4.43902 4.43786
OP 178 0.525001 0.509233 0.283967 0.0579065 0.434131 0.000101632
AC 178 7.98197 7.98197 7.98095
OP 179 0.504502 0.503823 0.275749 0.0534022 0.44153 0.000106639
AC 179 9.67291 9.67291 9.67192
OP 180 0.523238 0.495385 0.274854 0.0610254 0.438819 0.000107209
AC 180 8.89698 8.89698 8.89615
OP 181 0.520674 0.491224 0.275796 0.0544749 0.439646 0.000107169
AC 181 10.5708 10.5708 10.5699
OP 182 0.533622 0.493559 0.279922 0.0662097 0.437679 0.000104447
AC 182 5.36135 5.36135 5.36048
OP 183 0.507178 0.506509 0.284629 0.0554439 0.43535 0.00010055
AC 183 9.96291 9.96291 9.96184
OP 184 0.500994 0.508688 0.285084 0.0542932 0.438261 0.00010068
AC 184 10.8787 10.8787 10.8776
OP 185 0.521866 0.497892 0.27302 0.0601783 0.442303 0.000107678
AC 185 7.97473 7.97473 7.97384
OP 186 0.508147 0.504457 0.276798 0.0535418 0.436918 0.000105361
AC 186 10.5614 10.5614 10.5605
OP 187 0.526927 0.49107 0.267636 0.0551532 0.443382 0.000111756
AC 187 11.1337 11.1337 11.1329
OP 188 0.517022 0.509291 0.27695 0.055932 0.438186 0.000105617
AC 188 8.97127 8.97127 8.97023
OP 189 0.543765 0.504299 0.277904 0.0656577 0.44002 0.000104978
AC 189 1.21794 1.21794 1.21697
OP 190 0.520621 0.499194 0.284417 0.0613192 0.434169 0.000101314
AC 190 8.33517 8.33517 8.33417
OP 191 0.509099 0.505701 0.270966 0.0552215 0.442913 0.000109102
AC 191 10.0775 10.0775 10.0766
OP 192 0.524098 0.497118 0.27132 0.0567716 0.442865 0.000109088
AC 192 10.0542 10.0542 10.0533
OP 193 0.503976 0.513175 0.279393 0.0504945 0.438511 0.00010369
AC 193 9.9816 9.9816 9.9804
OP 194 0.521951 0.511758 0.276569 0.0525325 0.439768 0.000105337
AC 194 9.29909 9.29909 9.29794
OP 195 0.51791 0.496121 0.268784 0.0563807 0.446083 0.000110621
AC 195 10.759 10.759 10.7582
OP 196 0.517754 0.499735 0.280141 0.0591357 0.438593 0.000103892
AC 196 9.70885 9.70885 9.70797
OP 197 0.525506 0.491752 0.269515 0.055627 0.443044 0.000110602
AC 197 11.0598 11.0598 11.059
OP 198 0.541082 0.499712 0.269536 0.0588722 0.443399 0.000109901
AC 198 7.01092 7.01092 7.00998
OP 199 0.515713 0.504603 0.279209 0.0545 0.438614 0.000104175
AC 199 9.24096 9.24096 9.23992
OP 200 0.504429 0.513855 0.274522 0.0460205 0.440388 0.000106611
AC 200 11.5029 11.5029 11.5018
OP 201 0.514778 0.510865 0.285031 0.0575814 0.433715 0.000100595
AC 201 7.86591 7.86591 7.8648
OP 202 0.527512 0.504623 0.276016 0.0617371 0.438334 0.000106265
AC 202 6.89129 6.89129 6.89033
OP 203 0.524716 0.511224 0.283407 0.0520872 0.434738 0.000101477
AC 203 9.70933 9.70933 9.7082
OP 204 0.513486 0.509144 0.276446 0.0571026 0.438939 0.000105708
AC 204 8.19046 8.19046 8.18944
OP 205 0.529249 0.498023 0.263831 0.0558186 0.444727 0.000113719
AC 205 9.11663 9.11663 9.11578
OP 206 0.519434 0.490964 0.277203 0.0623084 0.441415 0.000105891
AC 206 7.2444 7.2444 7.24353
OP 207 0.511807 0.498508 0.267673 0.0552658 0.444976 0.000111015
AC 207 10.003 10.003 10.0021
OP 208 0.51761 0.509946 0.283221 0.0614411 0.436398 0.0001018
AC 208 5.42747 5.42747 5.42642
OP 209 0.520478 0.504886 0.289912 0.0618468 0.433071 9.81957E-05
AC 209 7.1135 7.1135 7.11243
OP 210 0.516798 0.509809 0.27182 0.0547462 0.441678 0.000108302
AC 210 8.59446 8.59446 8.59347
OP 211 0.514985 0.505133 0.275179 0.0559269 0.439544 0.000106388
AC 211 8.59964 8.59964 8.59864
OP 212 0.537241 0.500447 0.282739 0.0680914 0.436937 0.000102772
AC 212 1.35161 1.35161 1.35067
OP 213 0.517778 0.501845 0.274759 0.0514581 0.440608 0.000107481
AC 213 9.61891 9.61891 9.61788
OP 214 0.518371 0.490818 0.263428 0.0581089 0.446678 0.000114349
AC 214 10.2025 10.2025 10.2017
OP 215 0.526545 0.499569 0.284191 0.0630355 0.434524 0.000101468
AC 215 4.7791 4.7791 4.77814
OP 216 0.509666 0.510531 0.290748 0.056883 0.430161 9.76182E-05
AC 216 8.49937 8.49937 8.49826
OP 217 0.529991 0.500198 0.280709 0.0625565 0.43549 0.000104028
AC 217 6.63833 6.63833 6.63738
OP 218 0.530926 0.514156 0.291445 0.0646527 0.426313 9.68112E-05
AC 218 3.20288 3.20288 3.20165
OP 219 0.519179 0.50675 0.281208 0.0572029 0.436455 0.00010288
AC 219 8.28858 8.28858 8.28748
OP 220 0.522973 0.509202 0.27363 0.0530546 0.438851 0.000107557
AC 220 10.3393 10.3393 10.3383
OP 221 0.530646 0.496915 0.266886 0.0568298 0.440715 0.000112028
AC 221 6.89379 6.89379 6.8929
OP 222 0.533702 0.497344 0.273112 0.0591189 0.440804 0.000108182
AC 222 8.89128 8.89128 8.89041
OP 223 0.530111 0.505893 0.285148 0.0615873 0.433908 0.000100678
AC 223 6.04266 6.04266 6.0416
OP 224 0.52979 0.508457 0.285358 0.0634529 0.43396 0.000100597
AC 224 5.96316 5.96316 5.96215
OP 225 0.508418 0.51002 0.281218 0.0580858 0.436369 0.000102994
AC 225 7.05884 7.05884 7.05771
OP 226 0.524994 0.510057 0.287319 0.064697 0.432235 9.91698E-05
AC 226 0.0719916 0.0719916 0.070809
OP 227 0.527751 0.506771 0.271572 0.0539868 0.440816 0.000108596
AC 227 9.78477 9.78477 9.78376
OP 228 0.52092 0.497328 0.26359 0.0517594 0.446173 0.000113736
AC 228 12.5648 12.5648 12.564
OP 229 0.510172 0.502344 0.272986 0.0508016 0.441707 0.000107896
AC 229 9.68299 9.68299 9.68201
OP 230 0.526156 0.499807 0.278248 0.061242 0.436949 0.000105032
AC 230 5.53001 5.53001 5.52907
OP 231 0.512051 0.499827 0.265991 0.055296 0.446044 0.0001127
AC 231 9.40484 9.40484 9.40396
OP 232 0.515348 0.50965 0.277106 0.0500222 0.439787 0.000105312
AC 232 9.64873 9.64873 9.64765
OP 233 0.523469 0.502798 0.279796 0.0637893 0.437391 0.000104264
AC 233 9.19202 9.19202 9.19112
OP 234 0.515154 0.502802 0.28269 0.0577721 0.436801 0.000102546
AC 234 8.00771 8.00771 8.00672
OP 235 0.519573 0.498164 0.270682 0.0616053 0.443768 0.000109976
AC 235 8.05218 8.05218 8.05135
OP 236 0.521599 0.506824 0.283357 0.0633578 0.43573 0.000101149
AC 236 5.36209 5.36209 5.36107
OP 237 0.511022 0.510108 0.264164 0.051823 0.442373 0.000112554
AC 237 8.71497 8.71497 8.71397
OP 238 0.526606 0.502491 0.277522 0.0584109 0.43826 0.000105222
AC 238 5.1948 5.1948 5.19374
OP 239 0.519409 0.504294 0.273771 0.05662 0.439955 0.000107392
AC 239 9.10142 9.10142 9.10044
OP 240 0.52924 0.500005 0.28199 0.0633462 0.437073 0.000102894
AC 240 4.75518 4.75518 4.75422
OP 241 0.528578 0.498058 0.265303 0.0584543 0.444592 0.000112634
AC 241 7.94283 7.94283 7.942
OP 242 0.517979 0.509756 0.284257 0.0593235 0.434288 0.000101172
AC 242 7.65053 7.65053 7.64943
OP 243 0.528608 0.497944 0.268628 0.0585281 0.442554 0.000110678
AC 243 6.89362 6.89362 6.89275
OP 244 0.521944 0.507024 0.272747 0.058905 0.440001 0.000107886
AC 244 9.07194 9.07194 9.071
OP 245 0.523665 0.501795 0.270718 0.0570397 0.442599 0.000109746
AC 245 8.89598 8.89598 8.89506
OP 246 0.524031 0.49925 0.269749 0.0586459 0.445541 0.000110605
AC 246 9.63804 9.63804 9.63724
OP 247 0.512584 0.506757 0.273757 0.0519972 0.441299 0.000107219
AC 247 9.30505 9.30505 9.30401
OP 248 0.527329 0.504322 0.290777 0.0665298 0.434292 9.82962E-05
AC 248 6.10818 6.10818 6.10715
OP 249 0.508836 0.514404 0.278427 0.0512275 0.439294 0.000104527
AC 249 9.0334 9.0334 9.03226
OP 250 0.520039 0.497931 0.26793 0.056517 0.443445 0.000111157
AC 250 9.47639 9.47639 9.47553
OP 251 0.525494 0.507946 0.272377 0.0564635 0.439934 0.000107737
AC 251 8.4146 8.4146 8.4136
OP 252 0.537488 0.499576 0.280928 0.0620956 0.436264 0.000103618
AC 252 5.87187 5.87187 5.8709
OP 253 0.533838 0.505244 0.289669 0.0663993 0.433527 9.80235E-05
AC 253 2.2925 2.2925 2.29141
OP 254 0.52275 0.507219 0.275153 0.0575969 0.437532 0.000106454
AC 254 2.96778 2.96778 2.96673
OP 255 0.519783 0.491882 0.266258 0.056318 0.444234 0.000112491
AC 255 9.11069 9.11069 9.10988
OP 256 0.522309 0.509219 0.284299 0.0580835 0.434008 0.000101512
AC 256 8.81159 8.81159 8.81063
OP 257 0.543418 0.49567 0.276618 0.0629542 0.437838 0.000106221
AC 257 6.34908 6.34908 6.34815
OP 258 0.540558 0.493023 0.279503 0.0643873 0.439791 0.000104214
AC 258 6.34356 6.34356 6.34268
OP 259 0.506069 0.506648 0.275818 0.0475047 0.441877 0.000106192
AC 259 13.8498 13.8498 13.8488
OP 260 0.525099 0.49725 0.283323 0.0627065 0.43793 0.000102611
AC 260 10.2753 10.2753 10.2745
OP 261 0.52994 0.489549 0.265743 0.0577413 0.446382 0.000113336
AC 261 9.27969 9.27969 9.27892
OP 262 0.539714 0.493696 0.276203 0.0640469 0.438586 0.000106262
AC 262 8.23884 8.23884 8.23803
OP 263 0.525441 0.497324 0.26447 0.05699 0.445864 0.000113517
AC 263 9.08999 9.08999 9.08917
OP 264 0.528748 0.496123 0.273206 0.0595519 0.440873 0.000107882
AC 264 7.24448 7.24448 7.24355
OP 265 0.528735 0.502386 0.279071 0.0606957 0.43757 0.000104179
AC 265 7.44817 7.44817 7.44718
OP 266 0.525124 0.508778 0.280702 0.0588011 0.437345 0.000103566
AC 266 8.25719 8.25719 8.25619
OP 267 0.516672 0.50682 0.279188 0.0557806 0.437453 0.000104364
AC 267 7.25074 7.25074 7.2497
OP 268 0.518045 0.491149 0.272256 0.0573538 0.443046 0.000108794
AC 268 11.4566 11.4566 11.4559
OP 269 0.526449 0.50318 0.276668 0.0579815 0.437349 0.000105695
AC 269 9.07942 9.07942 9.0785
OP 270 0.508624 0.508453 0.285337 0.054279 0.436327 0.000101038
AC 270 10.5718 10.5718 10.5707
OP 271 0.519607 0.50744 0.279365 0.0560158 0.4382 0.000104208
AC 271 9.41531 9.41531 9.41432
OP 272 0.510963 0.500277 0.269028 0.0547255 0.44344 0.000110666
AC 272 9.00538 9.00538 9.00443
OP 273 0.524977 0.492677 0.278555 0.0606036 0.439951 0.000105562
AC 273 6.74651 6.74651 6.74562
OP 274 0.495899 0.51507 0.279591 0.0516747 0.438525 0.000103798
AC 274 10.0288 10.0288 10.0277
OP 275 0.532193 0.500796 0.269748 0.0573448 0.441834 0.000109914
AC 275 10.2462 10.2462 10.2453
OP 276 0.531713 0.509583 0.292854 0.0669985 0.432355 9.65939E-05
AC 276 2.68942 2.68942 2.6883
OP 277 0.521174 0.513782 0.277351 0.0589277 0.437948 0.000104573
AC 277 4.52768 4.52768 4.52652
OP 278 0.523087 0.516324 0.290701 0.0644701 0.430997 9.72385E-05
AC 278 1.11449 1.11449 1.11328
OP 279 0.518583 0.498278 0.268808 0.0577633 0.444326 0.000110666
AC 279 9.82669 9.82669 9.82583
OP 280 0.531656 0.506132 0.280621 0.0597473 0.435239 0.000103053
AC 280 7.78009 7.78009 7.77909
OP 281 0.540788 0.508809 0.282579 0.0658001 0.434847 0.000102095
AC 281 -5.87135 -5.87135 -5.87246
OP 282 0.512626 0.503733 0.26728 0.0527725 0.444509 0.000111183
AC 282 9.14136 9.14136 9.14038
OP 283 0.531162 0.493297 0.273069 0.0601481 0.443911 0.000108512
AC 283 7.74078 7.74078 7.73994
OP 284 0.517736 0.51114 0.285183 0.0595889 0.433627 0.000100216
AC 284 5.77308 5.77308 5.77194
OP 285 0.524957 0.493272 0.275093 0.058356 0.440857 0.000107195
AC 285 8.29053 8.29053 8.28963
OP 286 0.513772 0.500893 0.28211 0.0559153 0.437906 0.000102834
AC 286 8.87437 8.87437 8.87334
OP 287 0.521957 0.502182 0.277877 0.0582286 0.439052 0.000105035
AC 287 5.77045 5.77045 5.76943
OP 288 0.531468 0.495774 0.279823 0.0651563 0.436534 0.000104226
AC 288 7.28526 7.28526 7.28437
OP 289 0.515882 0.499583 0.266942 0.0523014 0.444974 0.000111793
AC 289 8.97492 8.97492 8.974
OP 290 0.53728 0.490121 0.277237 0.0660936 0.438818 0.00010632
AC 290 3.14072 3.14072 3.1399
OP 291 0.532372 0.495502 0.277118 0.0670518 0.436813 0.000106006
AC 291 5.66743 5.66743 5.66654
OP 292 0.524173 0.502665 0.2789 0.0587087 0.437532 0.000104596
AC 292 5.56175 5.56175 5.56075
OP 293 0.506569 0.515523 0.282811 0.0520586 0.434048 0.000101743
AC 293 9.32119 9.32119 9.31998
OP 294 0.524085 0.498962 0.273869 0.0625531 0.439844 0.000107946
AC 294 7.30177 7.30177 7.30088
OP 295 0.534308 0.497955 0.278266 0.0664744 0.435994 0.000104811
AC 295 2.29906 2.29906 2.29813
OP 296 0.515783 0.50357 0.26927 0.0548034 0.443081 0.000110015
AC 296 10.0566 10.0566 10.0557
OP 297 0.509465 0.499958 0.272333 0.0558122 0.442709 0.00010833
AC 297 8.75946 8.75946 8.75854
OP 298 0.525894 0.510264 0.286132 0.0642786 0.435032 9.98747E-05
AC 298 0.992104 0.992104 0.990907
OP 299 0.533117 0.510251 0.282644 0.0607914 0.433966 0.000102164
AC 299 1.76446 1.76446 1.76332
