OP 0 0.592614 0.572348 0.370403 0.0748817 0.47342 0.000130992
AC 0 4.75505 4.75505 4.75429
OP 1 0.594517 0.592855 0.392666 0.0839275 0.466187 0.000113833
AC 1 -3.03168 -3.03168 -3.03279
OP 2 0.580311 0.591016 0.382639 0.0681901 0.468519 0.000121025
AC 2 2.54653 2.54653 2.54548
OP 3 0.59362 0.581696 0.378914 0.0736346 0.471188 0.000123877
AC 3 2.30875 2.30875 2.30783
OP 4 0.582045 0.603565 0.394098 0.0760252 0.46171 0.000111732
AC 4 -6.08707 -6.08707 -6.08843
OP 5 0.598278 0.58209 0.377533 0.0785076 0.46912 0.000124293
AC 5 -11.5153 -11.5153 -11.5162
OP 6 0.588829 0.597184 0.390313 0.0725162 0.464822 0.000114207
AC 6 -6.128 -6.128 -6.12918
OP 7 0.596828 0.594489 0.387124 0.0769767 0.466562 0.000117422
AC 7 -5.02512 -5.02512 -5.02632
OP 8 0.584587 0.590182 0.386631 0.0710588 0.464887 0.000117106
AC 8 -3.4967 -3.4967 -3.49779
OP 9 0.587899 0.599596 0.393614 0.073823 0.462788 0.000112563
AC 9 -15.2946 -15.2946 -15.2958
OP 10 0.580285 0.598815 0.38934 0.0741669 0.466087 0.000115772
AC 10 -13.8092 -13.8092 -13.8104
OP 11 0.607509 0.591477 0.38875 0.0868994 0.463819 0.000115547
AC 11 -1.30272 -1.30272 -1.30381
OP 12 0.597492 0.585694 0.397399 0.0766612 0.464047 0.000111112
AC 12 -13.7614 -13.7614 -13.7625
OP 13 0.600019 0.584568 0.391045 0.076916 0.466347 0.000114914
AC 13 -10.8874 -10.8874 -10.8885
OP 14 0.595173 0.597537 0.37702 0.0768346 0.469292 0.000124132
AC 14 -11.4354 -11.4354 -11.4365
OP 15 0.585353 0.596757 0.388084 0.0690483 0.465621 0.000116729
AC 15 4.13523 4.13523 4.13414
OP 16 0.590766 0.596579 0.389058 0.079832 0.467785 0.000115193
AC 16 -8.35438 -8.35438 -8.35555
OP 17 0.581597 0.584947 0.396965 0.0722664 0.460852 0.000110804
AC 17 4.2592 4.2592 4.25821
OP 18 0.587574 0.59091 0.390656 0.0813471 0.462991 0.0001149
AC 18 -27.0372 -27.0372 -27.0382
OP 19 0.580166 0.597052 0.39484 0.0729086 0.462899 0.000111289
AC 19 -4.30908 -4.30908 -4.31026
OP 20 0.575492 0.600457 0.397279 0.0745334 0.463226 0.000110251
AC 20 -8.67274 -8.67274 -8.67397
OP 21 0.572037 0.596479 0.385193 0.0631323 0.469083 0.00011798
AC 21 -3.67359 -3.67359 -3.67485
OP 22 0.57591 0.597982 0.398009 0.0664363 0.463597 0.000109194
AC 22 5.24964 5.24964 5.2484
OP 23 0.585014 0.600579 0.404061 0.0727107 0.457983 0.000105004
AC 23 -16.6976 -16.6976 -16.6989
OP 24 0.610887 0.590546 0.393191 0.088788 0.462168 0.000112714
AC 24 0.591605 0.591605 0.590467
OP 25 0.593709 0.583603 0.374805 0.0735821 0.472412 0.000126587
AC 25 -7.45935 -7.45935 -7.46031
OP 26 0.583095 0.594182 0.384888 0.0707386 0.468771 0.000118868
AC 26 -18.1241 -18.1241 -18.1254
OP 27 0.579798 0.584883 0.381266 0.0737944 0.471011 0.000122527
AC 27 0.96202 0.96202 0.961108
OP 28 0.580617 0.593234 0.387078 0.0709089 0.467735 0.000117257
AC 28 0.55154 0.55154 0.550469
OP 29 0.590598 0.591119 0.378509 0.0723448 0.470675 0.000123636
AC 29 -4.45032 -4.45032 -4.45136
OP 30 0.586386 0.598203 0.392748 0.0823355 0.462025 0.000112832
AC 30 -1.91664 -1.91664 -1.91784
OP 31 0.575413 0.596453 0.388863 0.0734772 0.467172 0.00011604
AC 31 -8.22774 -8.22774 -8.22889
OP 32 0.591586 0.58891 0.39294 0.0763277 0.464076 0.000113265
AC 32 -27.8096 -27.8096 -27.8108
OP 33 0.589816 0.581431 0.382953 0.0764408 0.469495 0.000121108
AC 33 -2.50971 -2.50971 -2.51062
OP 34 0.572622 0.595129 0.396176 0.0717638 0.464388 0.000110653
AC 34 -3.1549 -3.1549 -3.15607
OP 35 0.588196 0.597465 0.390254 0.0759203 0.466031 0.000114347
AC 35 -25.8497 -25.8497 -25.8509
OP 36 0.600428 0.589014 0.387195 0.0829954 0.466476 0.000117277
AC 36 -6.3552 -6.3552 -6.3562
OP 37 0.588383 0.591367 0.392468 0.0761732 0.465995 0.000113837
AC 37 -9.44796 -9.44796 -9.44903
OP 38 0.586412 0.601534 0.391659 0.0692297 0.464383 0.000113701
AC 38 -11.4884 -11.4884 -11.4896
OP 39 0.57012 0.595221 0.390409 0.0712359 0.466648 0.000115085
AC 39 -3.73033 -3.73033 -3.73142
OP 40 0.59463 0.59042 0.386342 0.0743306 0.468561 0.000118494
AC 40 -1.48777 -1.48777 -1.48876
OP 41 0.587697 0.591948 0.389371 0.0703463 0.46548 0.000115519
AC 41 1.29943 1.29943 1.29834
OP 42 0.593708 0.590228 0.38197 0.0720885 0.469745 0.000120551
AC 42 -5.00074 -5.00074 -5.00183
OP 43 0.595382 0.589547 0.392891 0.0739573 0.46426 0.000113679
AC 43 -5.5093 -5.5093 -5.51043
OP 44 0.596825 0.604761 0.392017 0.0760503 0.464492 0.000113112
AC 44 -11.7138 -11.7138 -11.7151
OP 45 0.601956 0.606405 0.393386 0.088023 0.460801 0.000111269
AC 45 5.04443 5.04443 5.04297
OP 46 0.577511 0.595563 0.383849 0.0722246 0.468917 0.000119624
AC 46 -6.92816 -6.92816 -6.92925
OP 47 0.578327 0.597523 0.389679 0.0699544 0.465007 0.000115163
AC 47 2.50556 2.50556 2.50441
OP 48 0.593104 0.590506 0.39173 0.0786283 0.466536 0.000113971
AC 48 -23.655 -23.655 -23.656
OP 49 0.585878 0.601886 0.400084 0.0792846 0.461996 0.000108096
AC 49 -5.16209 -5.16209 -5.16335
OP 50 0.597516 0.57806 0.384079 0.07634 0.470533 0.000120478
AC 50 -0.074936 -0.074936 -0.0758817
OP 51 0.595304 0.593351 0.391336 0.0735008 0.465219 0.000114429
AC 51 -18.3667 -18.3667 -18.3678
OP 52 0.587075 0.598834 0.392007 0.078068 0.463008 0.000113571
AC 52 -8.61436 -8.61436 -8.61557
OP 53 0.586862 0.589951 0.381395 0.0718781 0.468825 0.000121729
AC 53 -1.35383 -1.35383 -1.35488
OP 54 0.581588 0.586041 0.380338 0.0683734 0.470012 0.000122875
AC 54 3.26793 3.26793 3.26694
OP 55 0.587912 0.597747 0.392293 0.0839707 0.46321 0.000113231
AC 55 -2.35122 -2.35122 -2.35245
OP 56 0.576463 0.588759 0.387439 0.0705354 0.466472 0.000117511
AC 56 3.55359 3.55359 3.55258
OP 57 0.587415 0.59053 0.390974 0.0723014 0.464328 0.000114832
AC 57 -16.1415 -16.1415 -16.1426
OP 58 0.585196 0.582418 0.379304 0.0722032 0.469794 0.000123785
AC 58 2.94359 2.94359 2.94261
OP 59 0.583944 0.588815 0.388386 0.0730255 0.464355 0.000116718
AC 59 0.153194 0.153194 0.152158
OP 60 0.594151 0.595866 0.388182 0.0800893 0.466808 0.000116162
AC 60 -12.4182 -12.4182 -12.4193
OP 61 0.593243 0.60871 0.400098 0.0843492 0.460522 0.00010825
AC 61 2.03351 2.03351 2.03207
OP 62 0.592992 0.588871 0.377458 0.0745657 0.471559 0.000124486
AC 62 -7.53857 -7.53857 -7.5396
OP 63 0.588333 0.601266 0.403004 0.0812735 0.460105 0.000106152
AC 63 -5.69451 -5.69451 -5.69584
OP 64 0.592302 0.59625 0.387955 0.0733699 0.46443 0.000116171
AC 64 -18.7778 -18.7778 -18.779
OP 65 0.588488 0.586772 0.378001 0.0706997 0.469122 0.000123601
AC 65 2.17138 2.17138 2.1704
OP 66 0.586527 0.594919 0.386537 0.076232 0.466867 0.000117784
AC 66 -15.4861 -15.4861 -15.4872
OP 67 0.573516 0.58946 0.387207 0.062309 0.465669 0.000117349
AC 67 6.41153 6.41153 6.41042
OP 68 0.591581 0.591013 0.387408 0.0804757 0.465906 0.000117222
AC 68 -6.09887 -6.09887 -6.09998
OP 69 0.60172 0.590551 0.380871 0.0769067 0.468154 0.000121957
AC 69 -6.89049 -6.89049 -6.89155
OP 70 0.58523 0.594838 0.390501 0.0808265 0.462649 0.000114723
AC 70 -12.8029 -12.8029 -12.8041
OP 71 0.591924 0.588959 0.389135 0.0759397 0.465164 0.000116306
AC 71 -7.78605 -7.78605 -7.78714
OP 72 0.582142 0.590325 0.387639 0.0751673 0.467365 0.000116752
AC 72 -1.66719 -1.66719 -1.66827
OP 73 0.584054 0.591305 0.381096 0.0671084 0.467961 0.000122162
AC 73 3.38514 3.38514 3.38413
OP 74 0.585077 0.590543 0.394492 0.0736037 0.464759 0.000112076
AC 74 -3.04115 -3.04115 -3.04228
OP 75 0.577481 0.589595 0.390766 0.0706426 0.466306 0.000115021
AC 75 2.31873 2.31873 2.31773
OP 76 0.580676 0.592408 0.391359 0.0724445 0.466372 0.000114719
AC 76 -2.94349 -2.94349 -2.94457
OP 77 0.598929 0.576052 0.371235 0.0724838 0.471285 0.000129938
AC 77 2.99323 2.99323 2.99239
OP 78 0.584967 0.586105 0.381267 0.0686771 0.468674 0.000122202
AC 78 3.3689 3.3689 3.36792
OP 79 0.583877 0.600894 0.398563 0.077046 0.460315 0.000108998
AC 79 -14.158 -14.158 -14.1593
OP 80 0.599596 0.583113 0.391605 0.0753348 0.465322 0.000114571
AC 80 1.00484 1.00484 1.00388
OP 81 0.571234 0.601697 0.388137 0.0669075 0.469101 0.000116079
AC 81 -0.767203 -0.767203 -0.76843
OP 82 0.576915 0.597594 0.376932 0.0714955 0.470673 0.000124096
AC 82 -5.7642 -5.7642 -5.7653
OP 83 0.585341 0.578362 0.388767 0.0689197 0.468396 0.00011672
AC 83 3.10854 3.10854 3.10754
OP 84 0.601903 0.610128 0.405248 0.0814127 0.457101 0.000103612
AC 84 3.57555 3.57555 3.5739
OP 85 0.594235 0.586261 0.386431 0.0767819 0.466693 0.000118113
AC 85 -23.7052 -23.7052 -23.7062
OP 86 0.593537 0.592429 0.377995 0.0707949 0.471391 0.000123797
AC 86 -5.27138 -5.27138 -5.27245
OP 87 0.583842 0.590877 0.3778 0.0733862 0.468463 0.000123638
AC 87 -7.30891 -7.30891 -7.30995
OP 88 0.592624 0.589928 0.377086 0.075664 0.471374 0.000124315
AC 88 -9.63029 -9.63029 -9.6313
OP 89 0.575969 0.581739 0.368028 0.0632939 0.475735 0.000132104
AC 89 7.77561 7.77561 7.77472
OP 90 0.580032 0.59605 0.395787 0.0693302 0.461526 0.000110544
AC 90 -2.59215 -2.59215 -2.59341
OP 91 0.600614 0.590366 0.380891 0.0778539 0.46839 0.000121672
AC 91 -8.98025 -8.98025 -8.98133
OP 92 0.588511 0.588155 0.385286 0.0731917 0.466232 0.000118485
AC 92 -3.48876 -3.48876 -3.48983
OP 93 0.594464 0.59406 0.389399 0.0712224 0.465135 0.000115697
AC 93 1.08962 1.08962 1.08856
OP 94 0.589486 0.597174 0.394071 0.0777781 0.461515 0.000112139
AC 94 -4.84395 -4.84395 -4.84528
OP 95 0.594397 0.604125 0.383588 0.0710271 0.465677 0.000118583
AC 95 -15.75 -15.75 -15.7513
OP 96 0.576117 0.59408 0.393113 0.0713117 0.463572 0.000113066
AC 96 0.926087 0.926087 0.924971
OP 97 0.585328 0.576343 0.37575 0.0679344 0.473011 0.000127405
AC 97 8.16967 8.16967 8.16883
OP 98 0.597813 0.597027 0.394566 0.0752756 0.464562 0.000111579
AC 98 -12.8862 -12.8862 -12.8874
OP 99 0.575191 0.587302 0.382291 0.0700367 0.469638 0.000121025
AC 99 -3.06076 -3.06076 -3.06176
OP 100 0.582168 0.590553 0.388579 0.0780844 0.4653 0.000115842
AC 100 -28.9576 -28.9576 -28.9587
OP 101 0.58276 0.584385 0.385212 0.0722515 0.466986 0.000118847
AC 101 -1.99613 -1.99613 -1.99717
OP 102 0.589812 0.581647 0.382035 0.0715418 0.469914 0.000121067
AC 102 5.67941 5.67941 5.67846
OP 103 0.586551 0.590995 0.38791 0.0741757 0.465556 0.000115906
AC 103 -0.558046 -0.558046 -0.559086
OP 104 0.584848 0.590748 0.385497 0.076359 0.466775 0.000118798
AC 104 -15.988 -15.988 -15.9891
OP 105 0.587856 0.596968 0.384328 0.0713882 0.465231 0.000118671
AC 105 -21.5887 -21.5887 -21.5899
OP 106 0.590125 0.588632 0.378305 0.0673119 0.472628 0.00012393
AC 106 4.11573 4.11573 4.1147
OP 107 0.592338 0.598609 0.401144 0.0796678 0.461244 0.000107532
AC 107 -9.13523 -9.13523 -9.13648
OP 108 0.571096 0.588917 0.382548 0.0625801 0.47063 0.000121141
AC 108 7.5945 7.5945 7.59346
OP 109 0.584531 0.593754 0.395472 0.0730224 0.462909 0.000111612
AC 109 -3.4384 -3.4384 -3.43956
OP 110 0.584174 0.595599 0.392406 0.073911 0.46593 0.000113567
AC 110 -7.41503 -7.41503 -7.41618
OP 111 0.576506 0.60423 0.386005 0.0734787 0.465988 0.000116871
AC 111 -10.941 -10.941 -10.9423
OP 112 0.567555 0.604566 0.396357 0.0659117 0.463454 0.000109658
AC 112 4.91931 4.91931 4.91805
OP 113 0.582369 0.58771 0.38512 0.0729183 0.467588 0.000118588
AC 113 0.994762 0.994762 0.993696
OP 114 0.582735 0.600797 0.397611 0.0776207 0.462388 0.000109468
AC 114 -7.58308 -7.58308 -7.58445
OP 115 0.577584 0.593009 0.394318 0.0683178 0.46375 0.00011238
AC 115 5.63968 5.63968 5.63861
OP 116 0.577469 0.593742 0.377358 0.065058 0.469429 0.000123605
AC 116 1.10756 1.10756 1.1065
OP 117 0.587982 0.598077 0.393903 0.0744525 0.46334 0.000112078
AC 117 -17.2641 -17.2641 -17.2653
OP 118 0.58729 0.586631 0.380654 0.0734541 0.469141 0.000122081
AC 118 -0.782606 -0.782606 -0.783598
OP 119 0.579099 0.584866 0.378365 0.0706835 0.470192 0.000124002
AC 119 -8.36585 -8.36585 -8.36691
OP 120 0.579933 0.60775 0.402186 0.0787301 0.459097 0.000105986
AC 120 -4.17528 -4.17528 -4.17673
OP 121 0.585075 0.595901 0.385355 0.0715348 0.466357 0.00011825
AC 121 -7.41514 -7.41514 -7.41634
OP 122 0.573865 0.60261 0.390849 0.0725004 0.462866 0.000114092
AC 122 -9.71556 -9.71556 -9.71688
OP 123 0.576499 0.595947 0.392962 0.0760821 0.463591 0.000112754
AC 123 -23.5484 -23.5484 -23.5496
OP 124 0.586376 0.581675 0.387648 0.0693914 0.467181 0.000117481
AC 124 8.77339 8.77339 8.77248
OP 125 0.594453 0.598531 0.380083 0.0894343 0.469742 0.000121424
AC 125 2.93063 2.93063 2.92954
OP 126 0.588615 0.594066 0.390558 0.0784929 0.463966 0.000114761
AC 126 -12.2031 -12.2031 -12.2043
OP 127 0.589308 0.590571 0.383866 0.0709606 0.468004 0.000119678
AC 127 0.337282 0.337282 0.336262
OP 128 0.579018 0.586017 0.378309 0.0715091 0.473498 0.000123981
AC 128 0.696466 0.696466 0.695523
OP 129 0.584747 0.591763 0.387241 0.0771756 0.465576 0.000116634
AC 129 -20.5912 -20.5912 -20.5923
OP 130 0.595165 0.591671 0.393641 0.0782884 0.463961 0.000112454
AC 130 -11.2965 -11.2965 -11.2976
OP 131 0.579361 0.605525 0.394624 0.0771794 0.461691 0.000111204
AC 131 -2.52279 -2.52279 -2.52414
OP 132 0.591762 0.591637 0.388389 0.074036 0.466201 0.000117005
AC 132 -1.16408 -1.16408 -1.16512
OP 133 0.580029 0.603652 0.398938 0.0676177 0.462575 0.000108335
AC 133 -6.86975 -6.86975 -6.8712
OP 134 0.581599 0.586363 0.395631 0.0670332 0.46459 0.000112471
AC 134 6.76276 6.76276 6.76175
OP 135 0.573949 0.589303 0.389276 0.0694243 0.466134 0.000116104
AC 135 3.53763 3.53763 3.53658
OP 136 0.59404 0.59659 0.392063 0.0811892 0.462626 0.000113184
AC 136 -9.5189 -9.5189 -9.52006
OP 137 0.584628 0.593431 0.385995 0.0646219 0.4695 0.000117928
AC 137 5.30584 5.30584 5.30468
OP 138 0.589485 0.592772 0.392104 0.0761938 0.463723 0.00011382
AC 138 -10.9039 -10.9039 -10.9051
OP 139 0.584371 0.592046 0.379412 0.0668695 0.468324 0.000123006
AC 139 0.361548 0.361548 0.36044
OP 140 0.57022 0.596386 0.391187 0.0741416 0.465841 0.000113815
AC 140 -4.83797 -4.83797 -4.8391
OP 141 0.598606 0.578146 0.377604 0.0766883 0.471093 0.000124819
AC 141 2.14471 2.14471 2.14384
OP 142 0.592066 0.585584 0.37427 0.071511 0.472105 0.000127632
AC 142 2.32338 2.32338 2.32248
OP 143 0.589795 0.594031 0.387361 0.0676561 0.465928 0.000117008
AC 143 1.44948 1.44948 1.44832
OP 144 0.59037 0.591792 0.396674 0.0762506 0.461943 0.000110406
AC 144 -7.37886 -7.37886 -7.37997
OP 145 0.591478 0.59651 0.383832 0.0797302 0.466913 0.000119483
AC 145 -3.93865 -3.93865 -3.9398
OP 146 0.597076 0.592212 0.394497 0.0803551 0.461947 0.000112416
AC 146 -10.1931 -10.1931 -10.1944
OP 147 0.574841 0.596138 0.383485 0.0728296 0.466626 0.000119803
AC 147 -2.98381 -2.98381 -2.98488
OP 148 0.577642 0.60231 0.388307 0.0690045 0.466746 0.000116107
AC 148 -7.55345 -7.55345 -7.55473
OP 149 0.614287 0.587244 0.396974 0.0912406 0.46234 0.000111124
AC 149 -1.81302 -1.81302 -1.81408
OP 150 0.606193 0.583204 0.382801 0.0763858 0.467363 0.000120747
AC 150 0.696919 0.696919 0.696011
OP 151 0.594396 0.597732 0.388672 0.0815414 0.462699 0.000115856
AC 151 -3.41814 -3.41814 -3.41932
OP 152 0.572462 0.604406 0.401418 0.0731757 0.459833 0.000107123
AC 152 -8.50609 -8.50609 -8.50751
OP 153 0.580482 0.598615 0.392891 0.0711918 0.464204 0.000112943
AC 153 -6.9182 -6.9182 -6.91954
OP 154 0.59463 0.589234 0.390327 0.0786062 0.467107 0.000115773
AC 154 -7.07807 -7.07807 -7.07903
OP 155 0.585749 0.580638 0.37658 0.0753449 0.472032 0.00012478
AC 155 0.393062 0.393062 0.392188
OP 156 0.595259 0.593371 0.37628 0.0743844 0.469714 0.000125012
AC 156 -7.88026 -7.88026 -7.8813
OP 157 0.562665 0.603471 0.393175 0.0725292 0.463885 0.000112403
AC 157 -21.5051 -21.5051 -21.5065
OP 158 0.598548 0.584508 0.391945 0.0728326 0.464419 0.000114334
AC 158 2.71273 2.71273 2.71178
OP 159 0.585482 0.589376 0.385331 0.0724321 0.466024 0.000118241
AC 159 -5.91032 -5.91032 -5.91143
OP 160 0.576331 0.607727 0.397266 0.0735955 0.461299 0.000109307
AC 160 -8.68824 -8.68824 -8.68965
OP 161 0.590131 0.594871 0.391911 0.0759724 0.463501 0.000113348
AC 161 -4.77506 -4.77506 -4.77615
OP 162 0.590942 0.591946 0.392798 0.0740224 0.465214 0.000113577
AC 162 -0.628463 -0.628463 -0.629541
OP 163 0.580296 0.596001 0.394369 0.0716792 0.463036 0.000112173
AC 163 -55.5379 -55.5379 -55.5332
OP 164 0.595445 0.596978 0.397948 0.0867473 0.460832 0.000109126
AC 164 -0.650974 -0.650974 -0.652252
OP 165 0.586008 0.590645 0.39575 0.078329 0.464223 0.000111791
AC 165 -37.8162 -37.8162 -37.8172
OP 166 0.569746 0.591017 0.390476 0.0696386 0.466801 0.000114889
AC 166 2.82853 2.82853 2.8275
OP 167 0.568335 0.604303 0.395344 0.0698926 0.462384 0.000111036
AC 167 -13.1904 -13.1904 -13.1918
OP 168 0.590554 0.584457 0.392207 0.0826557 0.465703 0.000113665
AC 168 -23.801 -23.801 -23.802
OP 169 0.579808 0.592443 0.389256 0.0700215 0.464506 0.000115926
AC 169 -0.900183 -0.900183 -0.901283
OP 170 0.584708 0.592828 0.382793 0.072268 0.469706 0.000120502
AC 170 -5.31712 -5.31712 -5.31818
OP 171 0.595234 0.580761 0.389068 0.0700348 0.468202 0.000116305
AC 171 2.85018 2.85018 2.84917
OP 172 0.591633 0.587752 0.390295 0.0736827 0.466917 0.000115769
AC 172 -0.416959 -0.416959 -0.417939
OP 173 0.577698 0.60309 0.399167 0.0753578 0.459327 0.000108055
AC 173 -20.7443 -20.7443 -20.7456
OP 174 0.597503 0.594999 0.392726 0.0819325 0.46439 0.000113584
AC 174 -8.45819 -8.45819 -8.45932
OP 175 0.570519 0.602448 0.399106 0.0739932 0.461172 0.000108381
AC 175 -16.6675 -16.6675 -16.6688
OP 176 0.597837 0.593104 0.387108 0.0778996 0.466111 0.000116992
AC 176 -10.7098 -10.7098 -10.711
OP 177 0.585204 0.597133 0.391156 0.0721313 0.464095 0.000114054
AC 177 -4.35995 -4.35995 -4.36114
OP 178 0.586724 0.59681 0.390377 0.0747807 0.463815 0.000115119
AC 178 -11.5237 -11.5237 -11.5249
OP 179 0.586404 0.609681 0.403975 0.0778387 0.459084 0.000104106
AC 179 -4.69546 -4.69546 -4.69709
OP 180 0.585831 0.606653 0.395229 0.0771676 0.461599 0.000111154
AC 180 0.0512409 0.0512409 0.0498567
OP 181 0.587805 0.593305 0.383056 0.075683 0.468337 0.000120341
AC 181 -14.7963 -14.7963 -14.7974
OP 182 0.579812 0.595283 0.386224 0.0764787 0.466711 0.000117512
AC 182 -3.26595 -3.26595 -3.26718
OP 183 0.586992 0.600423 0.386935 0.077336 0.465171 0.000116536
AC 183 -5.16853 -5.16853 -5.16982
OP 184 0.585503 0.588998 0.380371 0.0670423 0.468865 0.000121928
AC 184 5.85477 5.85477 5.8538
OP 185 0.591821 0.593996 0.387606 0.0803933 0.46683 0.000117705
AC 185 -6.32265 -6.32265 -6.32378
OP 186 0.596595 0.578598 0.387312 0.076263 0.468973 0.000117967
AC 186 0.65431 0.65431 0.65341
OP 187 0.578676 0.605875 0.387192 0.0738077 0.464982 0.000116406
AC 187 -6.24578 -6.24578 -6.24709
OP 188 0.579285 0.591854 0.390235 0.0713336 0.465808 0.00011533
AC 188 -0.682312 -0.682312 -0.683452
OP 189 0.581159 0.588416 0.384301 0.0645797 0.468224 0.000119392
AC 189 7.04913 7.04913 7.04807
OP 190 0.588814 0.598016 0.397664 0.0745672 0.462016 0.000109708
AC 190 -21.0612 -21.0612 -21.0625
OP 191 0.591351 0.57868 0.375675 0.0669972 0.472731 0.0001274
AC 191 7.4413 7.4413 7.44042
OP 192 0.583021 0.587708 0.377585 0.0699721 0.472683 0.000124925
AC 192 1.86273 1.86273 1.86181
OP 193 0.567616 0.594223 0.385858 0.0705392 0.466058 0.000118071
AC 193 -5.42648 -5.42648 -5.42765
OP 194 0.598001 0.58944 0.384801 0.0779044 0.469919 0.000119648
AC 194 -16.3074 -16.3074 -16.3084
OP 195 0.591814 0.60123 0.390999 0.0707409 0.463631 0.000114384
AC 195 -17.9169 -17.9169 -17.9183
OP 196 0.586408 0.588775 0.376754 0.0687174 0.471159 0.000125163
AC 196 1.7376 1.7376 1.73661
OP 197 0.599934 0.588896 0.387605 0.0769027 0.46853 0.000116617
AC 197 -10.4199 -10.4199 -10.421
OP 198 0.59053 0.594611 0.387768 0.0739702 0.4654 0.000117206
AC 198 -3.12819 -3.12819 -3.12931
OP 199 0.583236 0.598444 0.38809 0.0685245 0.465596 0.000115945
AC 199 -0.687815 -0.687815 -0.689066
OP 200 0.581464 0.602534 0.38872 0.07277 0.46432 0.000114916
AC 200 -16.7139 -16.7139 -16.7151
OP 201 0.587824 0.586928 0.384836 0.0730654 0.467914 0.000119069
AC 201 -3.32392 -3.32392 -3.32494
OP 202 0.578453 0.602467 0.393378 0.070948 0.464982 0.00011204
AC 202 -11.7853 -11.7853 -11.7865
OP 203 0.594569 0.594526 0.384672 0.0772021 0.465589 0.000119141
AC 203 -44.057 -44.057 -44.0577
OP 204 0.589146 0.592995 0.387519 0.0717256 0.466306 0.000116904
AC 204 -11.4308 -11.4308 -11.4319
OP 205 0.595881 0.587146 0.389409 0.0678692 0.467424 0.000115589
AC 205 6.03526 6.03526 6.03421
OP 206 0.579055 0.588431 0.394716 0.0692497 0.464341 0.000111983
AC 206 2.90927 2.90927 2.90817
OP 207 0.583292 0.595873 0.387784 0.0730617 0.465901 0.000116416
AC 207 -12.333 -12.333 -12.3342
OP 208 0.581573 0.589406 0.393816 0.0722015 0.4614 0.000112584
AC 208 1.85663 1.85663 1.8556
OP 209 0.59063 0.589558 0.389242 0.0784441 0.465317 0.000115654
AC 209 -36.9278 -36.9278 -36.9289
OP 210 0.59093 0.59671 0.398108 0.0809881 0.460707 0.000109373
AC 210 -14.8917 -14.8917 -14.8928
OP 211 0.58951 0.586656 0.385145 0.0736664 0.466626 0.000119404
AC 211 1.88936 1.88936 1.88836
OP 212 0.573716 0.600492 0.392542 0.0749632 0.465005 0.000113334
AC 212 -5.57589 -5.57589 -5.5771
OP 213 0.600824 0.590944 0.381981 0.0800344 0.471279 0.000120682
AC 213 -71.7396 -71.7396 -71.579
OP 214 0.591873 0.592506 0.385181 0.0819194 0.466952 0.000119197
AC 214 -1.43634 -1.43634 -1.43744
OP 215 0.587008 0.605979 0.399141 0.0775208 0.460508 0.000108355
AC 215 -4.44042 -4.44042 -4.44184
OP 216 0.574523 0.596775 0.38996 0.0724275 0.464195 0.000115141
AC 216 -11.4798 -11.4798 -11.4809
OP 217 0.574105 0.605671 0.400906 0.0733878 0.461315 0.00010743
AC 217 -23.8111 -23.8111 -23.8124
OP 218 0.607705 0.594679 0.391841 0.0774678 0.465682 0.000114612
AC 218 -16.0733 -16.0733 -16.0745
OP 219 0.598511 0.584811 0.380909 0.0731313 0.470883 0.000121649
AC 219 -0.463402 -0.463402 -0.464382
OP 220 0.580609 0.58286 0.376777 0.0676069 0.469999 0.000125481
AC 220 6.6844 6.6844 6.68352
OP 221 0.586937 0.590961 0.39637 0.077983 0.461955 0.000110963
AC 221 -4.13002 -4.13002 -4.13113
OP 222 0.580866 0.594186 0.389622 0.0759517 0.466247 0.000114923
AC 222 -12.4878 -12.4878 -12.489
OP 223 0.585291 0.596612 0.387151 0.0811271 0.464794 0.000117287
AC 223 -10.2234 -10.2234 -10.2245
OP 224 0.569456 0.588316 0.383581 0.0648008 0.470247 0.00011982
AC 224 4.28553 4.28553 4.28446
OP 225 0.598845 0.583025 0.368367 0.0768184 0.475149 0.000131284
AC 225 -12.6246 -12.6246 -12.6255
OP 226 0.570279 0.601574 0.389378 0.0747239 0.465191 0.000114783
AC 226 -8.92643 -8.92643 -8.9277
OP 227 0.593039 0.577507 0.381487 0.0707375 0.468475 0.000122346
AC 227 1.57066 1.57066 1.56977
OP 228 0.584617 0.600269 0.393634 0.0710515 0.465173 0.000112872
AC 228 -8.54332 -8.54332 -8.54456
OP 229 0.581038 0.586254 0.387061 0.0773977 0.467576 0.000117824
AC 229 -18.4592 -18.4592 -18.4602
OP 230 0.584912 0.580393 0.388422 0.0780728 0.464756 0.000117216
AC 230 -0.538923 -0.538923 -0.539834
OP 231 0.596821 0.595178 0.391279 0.0882715 0.462274 0.000114487
AC 231 2.0225 2.0225 2.02128
OP 232 0.59369 0.60129 0.39604 0.0798831 0.46211 0.000110065
AC 232 -1.96977 -1.96977 -1.9711
OP 233 0.580392 0.598899 0.398048 0.0736059 0.461145 0.00010932
AC 233 -18.7018 -18.7018 -18.703
OP 234 0.587747 0.58735 0.381648 0.0799064 0.467738 0.000121677
AC 234 -17.1569 -17.1569 -17.1579
OP 235 0.59256 0.582231 0.381254 0.0733321 0.471386 0.000122297
AC 235 -0.304922 -0.304922 -0.30589
OP 236 0.596265 0.5948 0.383718 0.0782124 0.466204 0.000118894
AC 236 -6.24551 -6.24551 -6.2467
OP 237 0.585888 0.595947 0.392051 0.0746542 0.465056 0.000113255
AC 237 -49.545 -49.545 -49.545
OP 238 0.597413 0.571168 0.367718 0.0726371 0.475808 0.000132941
AC 238 4.18971 4.18971 4.18892
OP 239 0.573262 0.601588 0.392652 0.0685043 0.464995 0.000113383
AC 239 -5.33768 -5.33768 -5.33895
OP 240 0.598035 0.592227 0.389119 0.0816091 0.466445 0.000116188
AC 240 -5.66891 -5.66891 -5.67001
OP 241 0.580844 0.589763 0.391291 0.0746341 0.465667 0.000115234
AC 241 -8.60649 -8.60649 -8.6075
OP 242 0.590728 0.595936 0.383518 0.0733684 0.468867 0.0001194
AC 242 -13.462 -13.462 -13.4632
OP 243 0.580383 0.593214 0.393499 0.075215 0.463311 0.000113016
AC 243 -2.93458 -2.93458 -2.93566
OP 244 0.584352 0.594379 0.393806 0.0739977 0.462972 0.00011293
AC 244 -10.5034 -10.5034 -10.5045
OP 245 0.57171 0.602979 0.391967 0.0690585 0.463117 0.000113702
AC 245 -1.82842 -1.82842 -1.82971
OP 246 0.58518 0.605908 0.393858 0.0715886 0.462714 0.000111296
AC 246 -3.72541 -3.72541 -3.72689
OP 247 0.586371 0.587357 0.379884 0.0761841 0.469433 0.000122206
AC 247 -4.31501 -4.31501 -4.31602
OP 248 0.578807 0.596861 0.400884 0.0754951 0.460406 0.000107886
AC 248 -6.83774 -6.83774 -6.83891
OP 249 0.588222 0.595442 0.390386 0.072275 0.463746 0.000115269
AC 249 -3.30958 -3.30958 -3.31069
OP 250 0.589037 0.591878 0.389514 0.0732737 0.465732 0.000114974
AC 250 -15.4104 -15.4104 -15.4115
OP 251 0.584791 0.58535 0.3844 0.0701 0.467081 0.000119715
AC 251 -0.0426794 -0.0426794 -0.043693
OP 252 0.597989 0.582777 0.386313 0.0774784 0.468348 0.000118568
AC 252 1.62065 1.62065 1.61973
OP 253 0.596567 0.590446 0.391307 0.0772418 0.463672 0.000114512
AC 253 -0.704234 -0.704234 -0.70525
OP 254 0.574918 0.605452 0.399714 0.0716471 0.462355 0.000107943
AC 254 -12.0812 -12.0812 -12.0826
OP 255 0.598323 0.593015 0.398646 0.0847144 0.460371 0.000109594
AC 255 -7.60578 -7.60578 -7.60689
OP 256 0.585974 0.596666 0.39183 0.0775327 0.462977 0.000113954
AC 256 -45.1771 -45.1771 -45.1779
OP 257 0.581154 0.585677 0.380029 0.0732436 0.470168 0.000122509
AC 257 -6.39221 -6.39221 -6.39325
OP 258 0.607167 0.594755 0.392753 0.0853267 0.463461 0.000113119
AC 258 -4.63346 -4.63346 -4.63461
OP 259 0.576557 0.595061 0.387428 0.0756611 0.466248 0.000116594
AC 259 -23.2723 -23.2723 -23.2735
OP 260 0.604632 0.5737 0.377839 0.0798356 0.471086 0.000125012
AC 260 -0.559238 -0.559238 -0.560043
OP 261 0.584617 0.586826 0.374324 0.0749133 0.46991 0.000126806
AC 261 -2.5608 -2.5608 -2.56173
OP 262 0.578485 0.595518 0.394948 0.0775831 0.462374 0.000111659
AC 262 -37.8326 -37.8326 -37.8337
OP 263 0.576725 0.604402 0.392178 0.0673214 0.462485 0.00011272
AC 263 0.63448 0.63448 0.633189
OP 264 0.589708 0.590502 0.385169 0.0714894 0.468955 0.000118956
AC 264 -2.4198 -2.4198 -2.42088
OP 265 0.582826 0.596143 0.394044 0.0690304 0.462367 0.000112578
AC 265 -3.00385 -3.00385 -3.00503
OP 266 0.583424 0.58703 0.379533 0.0696638 0.472084 0.000123119
AC 266 4.82926 4.82926 4.82832
OP 267 0.580866 0.600708 0.394754 0.0751189 0.464528 0.000111803
AC 267 -16.6735 -16.6735 -16.6748
OP 268 0.597894 0.584882 0.375436 0.0776719 0.472575 0.00012606
AC 268 -7.80436 -7.80436 -7.80533
OP 269 0.590455 0.595459 0.388011 0.0800573 0.463449 0.000116405
AC 269 -14.7063 -14.7063 -14.7073
OP 270 0.578835 0.586252 0.378583 0.0702616 0.472214 0.000123855
AC 270 2.50572 2.50572 2.50478
OP 271 0.591064 0.59869 0.395569 0.0810371 0.463082 0.000111017
AC 271 -5.44181 -5.44181 -5.443
OP 272 0.598399 0.58223 0.380813 0.0758709 0.46969 0.000122558
AC 272 -7.53093 -7.53093 -7.53192
OP 273 0.603436 0.582095 0.384912 0.0797178 0.467925 0.000119521
AC 273 -4.90236 -4.90236 -4.90332
OP 274 0.595081 0.594101 0.388007 0.083862 0.465649 0.000116403
AC 274 -5.54383 -5.54383 -5.54491
OP 275 0.582028 0.599469 0.386806 0.0769239 0.466363 0.000116876
AC 275 -13.6323 -13.6323 -13.6335
OP 276 0.585746 0.596137 0.391061 0.0666982 0.4651 0.00011464
AC 276 -0.512706 -0.512706 -0.513953
OP 277 0.599088 0.592076 0.396865 0.0814705 0.460889 0.000111186
AC 277 -6.95016 -6.95016 -6.95125
OP 278 0.580403 0.59309 0.398965 0.0706786 0.460012 0.000109018
AC 278 0.788277 0.788277 0.787106
OP 279 0.587855 0.597511 0.392013 0.0742418 0.464034 0.000113511
AC 279 -10.9519 -10.9519 -10.9531
OP 280 0.582881 0.584026 0.392639 0.0682873 0.466295 0.000113966
AC 280 4.54994 4.54994 4.54891
OP 281 0.588135 0.599322 0.385889 0.0796164 0.466868 0.00011801
AC 281 -2.0983 -2.0983 -2.09949
OP 282 0.586285 0.598805 0.378013 0.0694439 0.467147 0.000123249
AC 282 -1.24689 -1.24689 -1.24802
OP 283 0.575633 0.58588 0.391398 0.0770837 0.465881 0.000114583
AC 283 -4.59126 -4.59126 -4.59226
OP 284 0.575126 0.591561 0.388697 0.0727123 0.464372 0.000116436
AC 284 -3.25996 -3.25996 -3.26104
OP 285 0.579875 0.586108 0.384708 0.0736101 0.468118 0.00011958
AC 285 1.58498 1.58498 1.58401
OP 286 0.586312 0.587209 0.387443 0.0677538 0.466436 0.000116666
AC 286 5.73552 5.73552 5.7345
OP 287 0.584741 0.601768 0.386648 0.0778704 0.465002 0.000117553
AC 287 -6.43881 -6.43881 -6.44006
OP 288 0.602732 0.597371 0.379659 0.0850794 0.470311 0.000122457
AC 288 2.93827 2.93827 2.9371
OP 289 0.59128 0.587942 0.386488 0.0770789 0.466743 0.000118651
AC 289 -6.50615 -6.50615 -6.50716
OP 290 0.592255 0.587322 0.387339 0.0752935 0.468774 0.000117483
AC 290 -4.99634 -4.99634 -4.99735
OP 291 0.582726 0.605607 0.394304 0.0667615 0.462007 0.000111485
AC 291 3.01133 3.01133 3.01003
OP 292 0.599281 0.589523 0.383467 0.0730001 0.467151 0.000119814
AC 292 -3.04388 -3.04388 -3.0449
OP 293 0.583466 0.586763 0.384858 0.0677452 0.468049 0.000119635
AC 293 4.93094 4.93094 4.92998
OP 294 0.584796 0.594856 0.386507 0.0755271 0.468648 0.000117543
AC 294 -27.3389 -27.3389 -27.3401
OP 295 0.596981 0.598558 0.387761 0.0862467 0.463854 0.000116068
AC 295 4.58419 4.58419 4.58297
OP 296 0.574926 0.585521 0.387089 0.0682322 0.4668 0.000117574
AC 296 5.1252 5.1252 5.12416
OP 297 0.587325 0.611317 0.387551 0.0716915 0.464287 0.000116051
AC 297 -8.25353 -8.25353 -8.25493
OP 298 0.595805 0.592125 0.404636 0.0809133 0.45977 0.000105376
AC 298 -6.32189 -6.32189 -6.32305
OP 299 0.589571 0.592882 0.391186 0.0779012 0.465842 0.000114296
AC 299 -29.6923 -29.6923 -29.6934
