OP 0 0.585362 0.584985 0.414149 0.141408 0.393947 0.00011791
AC 0 4.16401 4.16401 4.16343
OP 1 0.584809 0.603899 0.423029 0.136292 0.389681 0.00011025
AC 1 6.72062 6.72062 6.71984
OP 2 0.578793 0.610127 0.421417 0.138933 0.389306 0.000110943
AC 2 7.58186 7.58186 7.58108
OP 3 0.598375 0.601662 0.420803 0.153668 0.390206 0.000112137
AC 3 7.66276 7.66276 7.66197
OP 4 0.582314 0.598336 0.41843 0.136602 0.392113 0.000113948
AC 4 6.77358 6.77358 6.77287
OP 5 0.589584 0.611363 0.412058 0.14793 0.391855 0.000117224
AC 5 7.73842 7.73842 7.73767
OP 6 0.581729 0.6001 0.420184 0.138424 0.390957 0.000112197
AC 6 6.78648 6.78648 6.78573
OP 7 0.59127 0.595889 0.419717 0.148637 0.389677 0.000113218
AC 7 6.52917 6.52917 6.52849
OP 8 0.588369 0.598123 0.41166 0.142054 0.395889 0.000118766
AC 8 6.50173 6.50173 6.50105
OP 9 0.594867 0.59372 0.411286 0.144257 0.396699 0.000118669
AC 9 6.61391 6.61391 6.61325
OP 10 0.579223 0.589448 0.422265 0.130822 0.38986 0.000112323
AC 10 4.06171 4.06171 4.06109
OP 11 0.589723 0.588861 0.418046 0.136658 0.391433 0.000115092
AC 11 5.35236 5.35236 5.35174
OP 12 0.581505 0.586027 0.414145 0.138669 0.393992 0.000118287
AC 12 4.19837 4.19837 4.19781
OP 13 0.587106 0.599072 0.413469 0.1426 0.393607 0.00011717
AC 13 7.05079 7.05079 7.05005
OP 14 0.580498 0.589109 0.406664 0.135827 0.395213 0.000121816
AC 14 5.23558 5.23558 5.23497
OP 15 0.583364 0.605485 0.418433 0.142558 0.391477 0.000112858
AC 15 7.38869 7.38869 7.38792
OP 16 0.574476 0.609518 0.423565 0.143435 0.388929 0.000109469
AC 16 7.65939 7.65939 7.65848
OP 17 0.580244 0.585201 0.409086 0.132693 0.396378 0.000120783
AC 17 3.62889 3.62889 3.62832
OP 18 0.581764 0.596113 0.411301 0.134936 0.397456 0.000119622
AC 18 5.74453 5.74453 5.74385
OP 19 0.59156 0.59536 0.416736 0.146793 0.395382 0.00011508
AC 19 5.941 5.941 5.94034
OP 20 0.584277 0.591912 0.403748 0.141199 0.399981 0.000124874
AC 20 5.81321 5.81321 5.81263
OP 21 0.594357 0.587001 0.406701 0.139511 0.396863 0.000123445
AC 21 5.72968 5.72968 5.72911
OP 22 0.587475 0.611638 0.420883 0.138053 0.389817 0.000110808
AC 22 7.49782 7.49782 7.49695
OP 23 0.569325 0.601229 0.412902 0.13811 0.394913 0.000117265
AC 23 6.58334 6.58334 6.58264
OP 24 0.583056 0.597089 0.415423 0.137466 0.391856 0.000115774
AC 24 5.53636 5.53636 5.53567
OP 25 0.586524 0.58947 0.41631 0.132595 0.392764 0.000115675
AC 25 4.77127 4.77127 4.77067
OP 26 0.585132 0.59187 0.415378 0.143211 0.39151 0.000116544
AC 26 6.00195 6.00195 6.00128
OP 27 0.58394 0.60327 0.425154 0.140974 0.388431 0.000108769
AC 27 6.7728 6.7728 6.772
OP 28 0.572971 0.6076 0.429192 0.131068 0.389779 0.000106313
AC 28 6.55275 6.55275 6.55194
OP 29 0.603575 0.588331 0.407339 0.143315 0.394328 0.000121571
AC 29 5.36642 5.36642 5.36581
OP 30 0.580201 0.592827 0.411171 0.137043 0.397668 0.000120035
AC 30 6.14044 6.14044 6.13979
OP 31 0.582683 0.604269 0.423678 0.145879 0.388379 0.000109364
AC 31 7.01518 7.01518 7.01439
OP 32 0.575166 0.611732 0.418803 0.14516 0.390742 0.00011252
AC 32 7.28345 7.28345 7.28262
OP 33 0.597477 0.597425 0.425487 0.149835 0.387834 0.000108862
AC 33 6.33438 6.33438 6.33363
OP 34 0.576861 0.586353 0.410671 0.135558 0.395233 0.000119864
AC 34 4.62779 4.62779 4.62721
OP 35 0.57919 0.607689 0.420813 0.140751 0.390898 0.000110936
AC 35 7.11271 7.11271 7.11191
OP 36 0.60096 0.599574 0.4198 0.149928 0.391371 0.00011224
AC 36 6.94981 6.94981 6.94907
OP 37 0.573338 0.605388 0.416401 0.139363 0.393476 0.000114725
AC 37 7.36143 7.36143 7.36064
OP 38 0.589684 0.603679 0.418061 0.148778 0.391159 0.000113491
AC 38 7.61199 7.61199 7.61124
OP 39 0.587045 0.589923 0.415626 0.141817 0.390307 0.000115427
AC 39 5.09599 5.09599 5.09535
OP 40 0.581231 0.607102 0.424766 0.14162 0.388946 0.000108576
AC 40 6.95307 6.95307 6.95226
OP 41 0.5958 0.605094 0.416957 0.150788 0.388962 0.000113659
AC 41 7.60738 7.60738 7.60664
OP 42 0.59519 0.594482 0.413254 0.143184 0.392549 0.000117429
AC 42 5.19195 5.19195 5.19132
OP 43 0.58358 0.581709 0.407073 0.134312 0.397823 0.000123087
AC 43 4.3014 4.3014 4.30085
OP 44 0.59662 0.590747 0.414303 0.139887 0.393809 0.000116713
AC 44 5.94886 5.94886 5.94818
OP 45 0.569655 0.596687 0.422891 0.144241 0.390779 0.000110897
AC 45 5.67484 5.67484 5.67417
OP 46 0.577885 0.591456 0.416718 0.135538 0.395403 0.000115223
AC 46 6.01037 6.01037 6.00966
OP 47 0.58086 0.601788 0.418847 0.139893 0.39205 0.000113352
AC 47 7.02463 7.02463 7.02385
OP 48 0.606421 0.600889 0.417398 0.15545 0.392258 0.000114673
AC 48 6.3027 6.3027 6.30202
OP 49 0.580026 0.599804 0.418031 0.135113 0.391502 0.000113857
AC 49 6.25244 6.25244 6.25173
OP 50 0.585626 0.611564 0.421021 0.138322 0.388551 0.000111278
AC 50 7.44879 7.44879 7.44797
OP 51 0.586921 0.592191 0.417329 0.141021 0.395262 0.000114509
AC 51 4.55065 4.55065 4.55003
OP 52 0.586219 0.599628 0.419721 0.143014 0.390225 0.00011316
AC 52 6.66692 6.66692 6.66622
OP 53 0.565837 0.609928 0.424817 0.13537 0.388069 0.000108235
AC 53 6.72831 6.72831 6.72747
OP 54 0.592155 0.595637 0.415407 0.14233 0.393488 0.000115942
AC 54 6.15303 6.15303 6.15232
OP 55 0.560837 0.597535 0.419113 0.130779 0.390121 0.000112994
AC 55 5.71138 5.71138 5.71065
OP 56 0.580743 0.600422 0.417642 0.137821 0.389906 0.0001137
AC 56 6.53818 6.53818 6.53747
OP 57 0.587038 0.601875 0.423103 0.140888 0.389196 0.00010987
AC 57 6.44894 6.44894 6.44815
OP 58 0.597659 0.602489 0.420364 0.145205 0.391148 0.000112325
AC 58 7.48187 7.48187 7.48114
OP 59 0.57797 0.58926 0.413575 0.135385 0.394085 0.000117464
AC 59 5.29137 5.29137 5.29078
OP 60 0.576851 0.607863 0.422859 0.14054 0.38962 0.000110309
AC 60 7.37994 7.37994 7.3791
OP 61 0.580159 0.57119 0.400747 0.129105 0.400845 0.000128709
AC 61 1.8341 1.8341 1.83363
OP 62 0.593049 0.591499 0.415819 0.136519 0.392331 0.000115457
AC 62 4.8904 4.8904 4.88974
OP 63 0.585386 0.599476 0.423946 0.136662 0.387496 0.00011002
AC 63 6.36694 6.36694 6.36618
OP 64 0.579265 0.597569 0.408653 0.137182 0.393778 0.000120619
AC 64 6.83082 6.83082 6.83014
OP 65 0.573688 0.587697 0.421489 0.135184 0.39227 0.000112571
AC 65 3.92191 3.92191 3.92126
OP 66 0.589379 0.592292 0.421776 0.142516 0.389581 0.000111362
AC 66 5.73553 5.73553 5.73488
OP 67 0.575135 0.590741 0.41293 0.137923 0.395841 0.000117987
AC 67 5.87366 5.87366 5.87302
OP 68 0.593172 0.585146 0.415688 0.14167 0.390613 0.000115416
AC 68 5.57385 5.57385 5.57319
OP 69 0.582357 0.584667 0.416371 0.141411 0.392862 0.000116286
AC 69 4.35202 4.35202 4.35145
OP 70 0.580165 0.594985 0.415198 0.141238 0.394022 0.000116247
AC 70 6.55789 6.55789 6.55721
OP 71 0.584463 0.586417 0.413908 0.131784 0.393677 0.000118218
AC 71 4.43594 4.43594 4.43536
OP 72 0.594014 0.609222 0.426978 0.155281 0.389338 0.000107684
AC 72 7.68183 7.68183 7.68098
OP 73 0.582756 0.600191 0.416573 0.134677 0.394331 0.000115312
AC 73 5.82236 5.82236 5.82172
OP 74 0.582502 0.600539 0.42429 0.142652 0.388547 0.000109649
AC 74 5.88677 5.88677 5.88606
OP 75 0.589457 0.594884 0.418392 0.145215 0.392377 0.000113796
AC 75 5.46018 5.46018 5.45954
OP 76 0.593956 0.579775 0.409118 0.130589 0.395421 0.000122384
AC 76 2.75555 2.75555 2.75502
OP 77 0.587699 0.585488 0.413034 0.133477 0.39245 0.000118634
AC 77 4.20597 4.20597 4.20537
OP 78 0.583562 0.598309 0.423206 0.148055 0.389434 0.000110249
AC 78 6.2331 6.2331 6.23237
OP 79 0.572744 0.587284 0.406417 0.124998 0.396985 0.000122853
AC 79 3.11117 3.11117 3.1106
OP 80 0.591646 0.590697 0.415705 0.139404 0.392904 0.000116429
AC 80 4.52839 4.52839 4.52775
OP 81 0.594287 0.603464 0.421427 0.148285 0.39066 0.000110993
AC 81 6.33533 6.33533 6.33462
OP 82 0.593146 0.610122 0.414755 0.145309 0.390782 0.000115389
AC 82 8.5279 8.5279 8.52709
OP 83 0.591015 0.606475 0.422872 0.142916 0.389321 0.000109549
AC 83 7.24609 7.24609 7.24524
OP 84 0.602085 0.59853 0.417097 0.154927 0.391858 0.000114315
AC 84 7.09134 7.09134 7.09064
OP 85 0.595745 0.60549 0.423844 0.147934 0.38937 0.000109081
AC 85 7.18995 7.18995 7.18915
OP 86 0.604907 0.59258 0.42071 0.149294 0.388835 0.000112662
AC 86 5.97278 5.97278 5.97209
OP 87 0.584528 0.595856 0.418533 0.143216 0.393083 0.000113825
AC 87 5.92723 5.92723 5.92656
OP 88 0.578356 0.602061 0.415828 0.147014 0.392939 0.00011511
AC 88 6.45574 6.45574 6.45504
OP 89 0.600892 0.585211 0.411685 0.147983 0.394267 0.000119301
AC 89 5.249 5.249 5.24838
OP 90 0.57675 0.590033 0.412886 0.141291 0.394437 0.000118336
AC 90 5.62205 5.62205 5.62144
OP 91 0.583413 0.596862 0.415045 0.145995 0.393575 0.000116787
AC 91 6.32031 6.32031 6.31969
OP 92 0.577078 0.584737 0.412912 0.134285 0.396184 0.000118809
AC 92 3.56683 3.56683 3.56628
OP 93 0.578327 0.583292 0.418309 0.134452 0.392585 0.00011449
AC 93 2.87971 2.87971 2.87911
OP 94 0.597599 0.590269 0.417677 0.145077 0.391204 0.000114911
AC 94 5.09905 5.09905 5.09843
OP 95 0.590159 0.591245 0.414627 0.138648 0.394692 0.000116973
AC 95 5.01236 5.01236 5.01174
OP 96 0.606905 0.602971 0.425414 0.152951 0.385807 0.000108727
AC 96 6.86402 6.86402 6.86324
OP 97 0.590325 0.608542 0.425114 0.146664 0.387275 0.000108584
AC 97 7.26987 7.26987 7.26905
OP 98 0.571998 0.59142 0.407254 0.132281 0.397223 0.000122486
AC 98 4.71469 4.71469 4.7141
OP 99 0.587592 0.601816 0.41807 0.139988 0.389953 0.000113647
AC 99 6.94212 6.94212 6.9414
OP 100 0.578387 0.596789 0.404047 0.139697 0.398279 0.000124732
AC 100 6.91759 6.91759 6.91695
OP 101 0.582323 0.597885 0.411541 0.139478 0.394761 0.000118616
AC 101 6.87745 6.87745 6.87678
OP 102 0.582507 0.606525 0.418034 0.142802 0.392614 0.000113391
AC 102 7.85808 7.85808 7.8573
OP 103 0.585184 0.610382 0.426647 0.148369 0.389428 0.000107331
AC 103 7.88633 7.88633 7.8855
OP 104 0.599132 0.595922 0.410155 0.148087 0.394842 0.000119581
AC 104 7.32608 7.32608 7.32541
OP 105 0.590384 0.588514 0.406762 0.138058 0.395507 0.000122267
AC 105 5.25412 5.25412 5.25351
OP 106 0.590125 0.602299 0.420825 0.146432 0.392223 0.000111282
AC 106 7.08854 7.08854 7.08777
OP 107 0.577587 0.59247 0.422652 0.138127 0.388152 0.000111159
AC 107 4.72653 4.72653 4.72591
OP 108 0.588179 0.604868 0.415002 0.146718 0.389583 0.000114976
AC 108 7.76741 7.76741 7.76661
OP 109 0.585381 0.588194 0.40491 0.133363 0.399024 0.000124127
AC 109 5.61982 5.61982 5.61926
OP 110 0.599074 0.595828 0.40944 0.147873 0.392876 0.000119999
AC 110 7.43695 7.43695 7.4363
OP 111 0.592298 0.597932 0.419413 0.146258 0.390102 0.000112758
AC 111 6.69614 6.69614 6.69539
OP 112 0.596062 0.614161 0.422697 0.146902 0.388869 0.000109489
AC 112 8.17178 8.17178 8.17091
OP 113 0.575208 0.595322 0.419023 0.136181 0.392502 0.000113977
AC 113 5.19444 5.19444 5.19379
OP 114 0.589857 0.5744 0.418308 0.135227 0.389441 0.000115567
AC 114 1.73555 1.73555 1.73502
OP 115 0.585097 0.580465 0.40167 0.132157 0.398393 0.000126428
AC 115 4.9215 4.9215 4.92095
OP 116 0.590764 0.596825 0.41972 0.14584 0.392658 0.000113239
AC 116 6.96609 6.96609 6.96539
OP 117 0.579335 0.601124 0.425866 0.136891 0.386986 0.000108132
AC 117 5.04057 5.04057 5.03979
OP 118 0.575518 0.607584 0.416348 0.138962 0.394342 0.000114882
AC 118 6.67178 6.67178 6.67106
OP 119 0.587228 0.602482 0.424155 0.144625 0.388001 0.000109296
AC 119 6.55252 6.55252 6.55172
OP 120 0.587291 0.593164 0.421383 0.14407 0.38869 0.000112238
AC 120 5.39493 5.39493 5.39429
OP 121 0.593022 0.584623 0.407197 0.145632 0.396393 0.000122275
AC 121 5.38795 5.38795 5.38738
OP 122 0.595581 0.602433 0.418478 0.144586 0.391139 0.000112939
AC 122 8.3995 8.3995 8.39868
OP 123 0.594951 0.602255 0.413081 0.144052 0.39008 0.000116563
AC 123 6.64541 6.64541 6.64466
OP 124 0.586319 0.610066 0.42775 0.141635 0.385291 0.000106544
AC 124 6.83732 6.83732 6.83647
OP 125 0.578291 0.599974 0.426495 0.139783 0.389752 0.000107944
AC 125 5.95469 5.95469 5.95394
OP 126 0.58469 0.600184 0.413368 0.142783 0.391714 0.000116755
AC 126 5.95888 5.95888 5.95819
OP 127 0.590347 0.596984 0.423436 0.138685 0.389861 0.000110488
AC 127 5.84249 5.84249 5.84179
OP 128 0.594738 0.583203 0.408455 0.131888 0.396338 0.000122133
AC 128 4.14908 4.14908 4.14848
OP 129 0.568701 0.603451 0.431163 0.136404 0.386583 0.000105031
AC 129 6.24471 6.24471 6.24392
OP 130 0.585779 0.575451 0.408981 0.125261 0.397434 0.000122219
AC 130 1.83911 1.83911 1.83858
OP 131 0.590611 0.599426 0.408751 0.145835 0.394407 0.000120204
AC 131 7.44271 7.44271 7.44203
OP 132 0.598311 0.596448 0.419326 0.142418 0.393052 0.000113661
AC 132 6.19289 6.19289 6.19224
OP 133 0.592544 0.598174 0.421582 0.142249 0.389801 0.000112117
AC 133 6.3477 6.3477 6.347
OP 134 0.585238 0.59604 0.408108 0.140848 0.397008 0.000121008
AC 134 6.47569 6.47569 6.47505
OP 135 0.588722 0.593867 0.414876 0.139308 0.393471 0.00011665
AC 135 5.2553 5.2553 5.25466
OP 136 0.57685 0.587725 0.415778 0.136764 0.391422 0.000115665
AC 136 4.45493 4.45493 4.45429
OP 137 0.579321 0.584137 0.418693 0.136557 0.392979 0.000114879
AC 137 3.41319 3.41319 3.41261
OP 138 0.585536 0.602776 0.417003 0.143122 0.38909 0.000114527
AC 138 7.04472 7.04472 7.04401
OP 139 0.584655 0.590577 0.410328 0.138926 0.396434 0.000119765
AC 139 5.62995 5.62995 5.62933
OP 140 0.593985 0.607017 0.423799 0.14336 0.389733 0.000109561
AC 140 7.48268 7.48268 7.48187
OP 141 0.560776 0.607721 0.41743 0.130538 0.392335 0.00011403
AC 141 6.88091 6.88091 6.88014
OP 142 0.581942 0.594927 0.419019 0.138482 0.392174 0.000113005
AC 142 5.19656 5.19656 5.1959
OP 143 0.580707 0.597988 0.421749 0.138127 0.390701 0.000111661
AC 143 5.46217 5.46217 5.46148
OP 144 0.596539 0.604011 0.417977 0.153065 0.389984 0.000113378
AC 144 7.62526 7.62526 7.62449
OP 145 0.576798 0.60485 0.423729 0.137902 0.389243 0.000110023
AC 145 6.29049 6.29049 6.28974
OP 146 0.582625 0.5818 0.39867 0.137361 0.402137 0.000128873
AC 146 5.28774 5.28774 5.2872
OP 147 0.599966 0.602368 0.425479 0.154735 0.387411 0.000108534
AC 147 6.69165 6.69165 6.69091
OP 148 0.584046 0.60012 0.415454 0.139099 0.390611 0.000115255
AC 148 6.41057 6.41057 6.40982
OP 149 0.588607 0.60011 0.419039 0.134553 0.391948 0.000113307
AC 149 6.97726 6.97726 6.97651
OP 150 0.602125 0.593463 0.410655 0.138029 0.394283 0.000119334
AC 150 6.40163 6.40163 6.40094
OP 151 0.585782 0.586212 0.421499 0.14336 0.391479 0.000112031
AC 151 4.48532 4.48532 4.48471
OP 152 0.600892 0.595825 0.408051 0.146555 0.394947 0.000121075
AC 152 6.65072 6.65072 6.65008
OP 153 0.580877 0.595311 0.424259 0.133814 0.389469 0.000110302
AC 153 5.63959 5.63959 5.63889
OP 154 0.594709 0.592058 0.415273 0.144684 0.390619 0.000115356
AC 154 5.70494 5.70494 5.70426
OP 155 0.588724 0.592829 0.41387 0.140991 0.392968 0.000116759
AC 155 6.06787 6.06787 6.0672
OP 156 0.594298 0.603089 0.421714 0.143221 0.389885 0.000110505
AC 156 7.14768 7.14768 7.14687
OP 157 0.573934 0.594514 0.418121 0.142212 0.392499 0.000113955
AC 157 6.74122 6.74122 6.74053
OP 158 0.577054 0.593397 0.413252 0.133592 0.395052 0.000117893
AC 158 4.87627 4.87627 4.87563
OP 159 0.60528 0.590304 0.414637 0.14782 0.393254 0.000116478
AC 159 6.0744 6.0744 6.07373
OP 160 0.595412 0.597919 0.413413 0.131075 0.394774 0.000117786
AC 160 6.01444 6.01444 6.01379
OP 161 0.585906 0.5951 0.414131 0.144588 0.39224 0.000117178
AC 161 6.0116 6.0116 6.01097
OP 162 0.584633 0.603057 0.420506 0.140104 0.389376 0.000111366
AC 162 7.3345 7.3345 7.33372
OP 163 0.579648 0.596448 0.419917 0.140127 0.390636 0.000112543
AC 163 5.98263 5.98263 5.98195
OP 164 0.595586 0.600466 0.421095 0.151614 0.390685 0.000111518
AC 164 7.65161 7.65161 7.65083
OP 165 0.579433 0.612712 0.424906 0.144122 0.389217 0.00010821
AC 165 8.05326 8.05326 8.05238
OP 166 0.582196 0.597696 0.410114 0.128771 0.394443 0.000119286
AC 166 5.9678 5.9678 5.96712
OP 167 0.594928 0.598305 0.41748 0.136907 0.391781 0.00011475
AC 167 6.51668 6.51668 6.51597
OP 168 0.587784 0.590573 0.408355 0.13777 0.397921 0.000121125
AC 168 5.42935 5.42935 5.42874
OP 169 0.592479 0.600137 0.412788 0.137227 0.39698 0.000117864
AC 169 6.46855 6.46855 6.46789
OP 170 0.597818 0.594745 0.415267 0.143535 0.392268 0.000115659
AC 170 6.74469 6.74469 6.74399
OP 171 0.590046 0.599849 0.413475 0.142247 0.394443 0.000116853
AC 171 6.75294 6.75294 6.75222
OP 172 0.58997 0.603833 0.419185 0.146939 0.390227 0.000112343
AC 172 7.94055 7.94055 7.93975
OP 173 0.600856 0.604004 0.423712 0.15314 0.387413 0.000109539
AC 173 7.56377 7.56377 7.563
OP 174 0.580744 0.602625 0.413 0.142861 0.391819 0.000117264
AC 174 7.13266 7.13266 7.13191
OP 175 0.589339 0.601771 0.41101 0.143236 0.395769 0.000118704
AC 175 7.32871 7.32871 7.32799
OP 176 0.586245 0.595681 0.415607 0.141821 0.391212 0.000115648
AC 176 6.29516 6.29516 6.29448
OP 177 0.572855 0.589433 0.409187 0.127363 0.396058 0.000120843
AC 177 4.09345 4.09345 4.09282
OP 178 0.581674 0.593874 0.425066 0.139106 0.390969 0.000109915
AC 178 4.79952 4.79952 4.79888
OP 179 0.576183 0.601914 0.422402 0.135071 0.387949 0.000110717
AC 179 5.44244 5.44244 5.44172
OP 180 0.590582 0.58503 0.403079 0.145467 0.397228 0.000125155
AC 180 5.54702 5.54702 5.54644
OP 181 0.601562 0.598211 0.425109 0.147648 0.38527 0.000108953
AC 181 6.62864 6.62864 6.62789
OP 182 0.582405 0.585257 0.408974 0.135957 0.397067 0.000120871
AC 182 4.69007 4.69007 4.6895
OP 183 0.572565 0.604767 0.419938 0.139444 0.391955 0.000112309
AC 183 6.97117 6.97117 6.97041
OP 184 0.583001 0.596511 0.419033 0.139759 0.392733 0.000113517
AC 184 6.58192 6.58192 6.58123
OP 185 0.591799 0.597092 0.416795 0.146189 0.392141 0.000115455
AC 185 6.75796 6.75796 6.75728
OP 186 0.576394 0.592436 0.412091 0.131026 0.397433 0.000118729
AC 186 5.14191 5.14191 5.14124
OP 187 0.59734 0.589692 0.41254 0.146817 0.396233 0.000118068
AC 187 5.62617 5.62617 5.62556
OP 188 0.59021 0.586539 0.402112 0.134537 0.397566 0.000126216
AC 188 5.33764 5.33764 5.3371
OP 189 0.597465 0.583605 0.405209 0.137524 0.39679 0.000123645
AC 189 4.76274 4.76274 4.76216
OP 190 0.581845 0.598311 0.421673 0.144604 0.391274 0.000111246
AC 190 6.93185 6.93185 6.9311
OP 191 0.596945 0.589624 0.416017 0.141776 0.39403 0.000116304
AC 191 5.50941 5.50941 5.50878
OP 192 0.589478 0.603001 0.415903 0.145208 0.395217 0.000115179
AC 192 7.09361 7.09361 7.09288
OP 193 0.582975 0.59665 0.412104 0.140522 0.394156 0.000117326
AC 193 6.8262 6.8262 6.82552
OP 194 0.586278 0.590539 0.401944 0.137464 0.400478 0.000126334
AC 194 4.74002 4.74002 4.73943
OP 195 0.581142 0.601197 0.418948 0.135186 0.393003 0.00011292
AC 195 6.57277 6.57277 6.57202
OP 196 0.56035 0.598353 0.42214 0.131575 0.39108 0.000111726
AC 196 5.43944 5.43944 5.43873
OP 197 0.578962 0.595743 0.423714 0.137859 0.389355 0.000110132
AC 197 6.52287 6.52287 6.52213
OP 198 0.579026 0.608501 0.429942 0.139753 0.388534 0.000105773
AC 198 5.50301 5.50301 5.50222
OP 199 0.591255 0.595921 0.408718 0.138355 0.39301 0.00012071
AC 199 7.31723 7.31723 7.31648
OP 200 0.592275 0.597328 0.419306 0.144097 0.390036 0.000112704
AC 200 5.65904 5.65904 5.65836
OP 201 0.595421 0.590751 0.412977 0.143681 0.395317 0.000118777
AC 201 5.89325 5.89325 5.89265
OP 202 0.578979 0.598242 0.420149 0.138726 0.392022 0.000112178
AC 202 5.86752 5.86752 5.86681
OP 203 0.577849 0.607083 0.428103 0.140274 0.38812 0.000106861
AC 203 6.50804 6.50804 6.50721
OP 204 0.582691 0.604132 0.413858 0.140796 0.393788 0.000117249
AC 204 6.77774 6.77774 6.77703
OP 205 0.595439 0.593275 0.413478 0.142243 0.391387 0.00011756
AC 205 6.10702 6.10702 6.10637
OP 206 0.584893 0.604476 0.426854 0.142751 0.385744 0.000107677
AC 206 6.83399 6.83399 6.83319
OP 207 0.584362 0.586469 0.407116 0.138134 0.398048 0.000122929
AC 207 6.0034 6.0034 6.0028
OP 208 0.598304 0.588492 0.402945 0.136328 0.399622 0.000125091
AC 208 5.95037 5.95037 5.94976
OP 209 0.573111 0.591464 0.421793 0.1407 0.391812 0.000112077
AC 209 4.69736 4.69736 4.69675
OP 210 0.608297 0.60872 0.411318 0.154463 0.394735 0.000118305
AC 210 8.05161 8.05161 8.05087
OP 211 0.58642 0.613852 0.430184 0.146176 0.383558 0.000104578
AC 211 7.69265 7.69265 7.69174
OP 212 0.587223 0.600828 0.402939 0.147655 0.396002 0.000123593
AC 212 7.85525 7.85525 7.85457
OP 213 0.594259 0.607845 0.422378 0.145712 0.390858 0.000110828
AC 213 6.69573 6.69573 6.69497
OP 214 0.589352 0.593567 0.412939 0.139139 0.395833 0.000117827
AC 214 6.47189 6.47189 6.47123
OP 215 0.595687 0.586221 0.411695 0.14239 0.395115 0.000118856
AC 215 4.44355 4.44355 4.44297
OP 216 0.593296 0.604877 0.412814 0.142411 0.39197 0.000116761
AC 216 7.55734 7.55734 7.55657
OP 217 0.580155 0.589814 0.408905 0.14172 0.397988 0.000121575
AC 217 4.9458 4.9458 4.94522
OP 218 0.598222 0.590337 0.410339 0.144351 0.39479 0.000119148
AC 218 6.55696 6.55696 6.55632
OP 219 0.587792 0.612596 0.41876 0.144605 0.390528 0.000112908
AC 219 8.23815 8.23815 8.23729
OP 220 0.582918 0.599117 0.422527 0.143111 0.387191 0.000110626
AC 220 6.88436 6.88436 6.88359
OP 221 0.592773 0.59538 0.410288 0.141953 0.394212 0.000119724
AC 221 6.23972 6.23972 6.23907
OP 222 0.596835 0.604393 0.418333 0.145747 0.391153 0.00011328
AC 222 7.18029 7.18029 7.17951
OP 223 0.584252 0.598871 0.420429 0.133392 0.388285 0.000112388
AC 223 6.10439 6.10439 6.10369
OP 224 0.593855 0.59334 0.414512 0.139805 0.392894 0.000116476
AC 224 5.542 5.542 5.54137
OP 225 0.588401 0.592238 0.409545 0.136776 0.394701 0.000120378
AC 225 5.69782 5.69782 5.69719
OP 226 0.579959 0.594749 0.418037 0.147331 0.392743 0.000114573
AC 226 5.83756 5.83756 5.83691
OP 227 0.578742 0.599225 0.414101 0.133366 0.393834 0.000116238
AC 227 6.10424 6.10424 6.10354
OP 228 0.564642 0.604055 0.412438 0.130203 0.393162 0.000117645
AC 228 6.76457 6.76457 6.76385
OP 229 0.59342 0.603697 0.411549 0.145897 0.395903 0.000118771
AC 229 7.50447 7.50447 7.50378
OP 230 0.585936 0.597035 0.402742 0.142537 0.397208 0.000124005
AC 230 6.99284 6.99284 6.99217
OP 231 0.582627 0.588746 0.41318 0.136834 0.393491 0.000118182
AC 231 4.55619 4.55619 4.55558
OP 232 0.59147 0.59431 0.414474 0.143168 0.394381 0.000116678
AC 232 6.74823 6.74823 6.74755
OP 233 0.585829 0.605151 0.418543 0.141417 0.391719 0.000113211
AC 233 6.81079 6.81079 6.80997
OP 234 0.587374 0.595224 0.413111 0.138841 0.393875 0.00011767
AC 234 6.04641 6.04641 6.04577
OP 235 0.59195 0.590689 0.409669 0.136972 0.396638 0.000120472
AC 235 5.6526 5.6526 5.652
OP 236 0.595291 0.601069 0.429901 0.149577 0.385277 0.000105168
AC 236 6.89575 6.89575 6.89497
OP 237 0.590535 0.599989 0.42436 0.143141 0.389002 0.000109208
AC 237 6.97137 6.97137 6.97058
OP 238 0.577553 0.58907 0.407679 0.129095 0.397715 0.000122473
AC 238 4.59767 4.59767 4.59713
OP 239 0.58743 0.599221 0.41813 0.138331 0.392199 0.000113941
AC 239 6.80786 6.80786 6.80713
OP 240 0.580583 0.601168 0.422876 0.136856 0.389512 0.000110926
AC 240 6.28706 6.28706 6.28635
OP 241 0.587906 0.587229 0.411349 0.138393 0.393412 0.000119187
AC 241 6.15295 6.15295 6.15234
OP 242 0.598853 0.611301 0.431281 0.150743 0.388246 0.000104534
AC 242 7.98009 7.98009 7.97918
OP 243 0.593582 0.593354 0.412749 0.142386 0.391713 0.000118039
AC 243 6.49761 6.49761 6.49694
OP 244 0.587502 0.592968 0.419618 0.141967 0.393315 0.000113459
AC 244 5.01655 5.01655 5.01591
OP 245 0.576674 0.601494 0.424637 0.138207 0.389892 0.000109511
AC 245 6.38887 6.38887 6.38814
OP 246 0.595697 0.598546 0.407939 0.14244 0.394281 0.000120994
AC 246 7.55722 7.55722 7.55652
OP 247 0.587578 0.599499 0.41431 0.148241 0.39198 0.000116278
AC 247 6.73414 6.73414 6.73345
OP 248 0.589672 0.606592 0.42266 0.14503 0.389753 0.00010997
AC 248 7.62797 7.62797 7.62715
OP 249 0.586671 0.589584 0.418054 0.138464 0.392856 0.000113958
AC 249 5.32311 5.32311 5.32246
OP 250 0.586372 0.594585 0.409725 0.138674 0.39449 0.00012078
AC 250 6.52916 6.52916 6.52851
OP 251 0.582874 0.589693 0.414159 0.132499 0.393167 0.000117206
AC 251 4.91075 4.91075 4.91011
OP 252 0.57858 0.596275 0.417894 0.135375 0.390991 0.000114088
AC 252 5.76573 5.76573 5.76501
OP 253 0.593253 0.601051 0.422593 0.147631 0.387909 0.000110356
AC 253 7.06046 7.06046 7.05965
OP 254 0.579019 0.600364 0.412919 0.134674 0.392475 0.000117937
AC 254 6.843 6.843 6.84231
OP 255 0.592105 0.595382 0.418622 0.144885 0.390602 0.000113528
AC 255 5.76368 5.76368 5.76299
OP 256 0.583414 0.589994 0.416354 0.138574 0.393098 0.000115685
AC 256 5.74466 5.74466 5.74398
OP 257 0.590872 0.605381 0.416996 0.140486 0.390651 0.00011389
AC 257 7.58194 7.58194 7.58117
OP 258 0.582474 0.590884 0.410111 0.138313 0.395461 0.000120159
AC 258 5.28911 5.28911 5.28849
OP 259 0.591473 0.585457 0.404309 0.136649 0.399488 0.000124469
AC 259 4.9025 4.9025 4.90194
OP 260 0.60024 0.596734 0.407381 0.14549 0.393918 0.000120945
AC 260 7.48035 7.48035 7.47964
OP 261 0.57682 0.592182 0.408496 0.132411 0.397739 0.000120865
AC 261 6.2969 6.2969 6.29624
OP 262 0.597985 0.601509 0.428109 0.151258 0.387524 0.000106518
AC 262 7.05006 7.05006 7.04925
OP 263 0.584334 0.603088 0.424144 0.145966 0.386854 0.000109413
AC 263 6.44913 6.44913 6.44839
OP 264 0.579981 0.592852 0.419782 0.138621 0.390211 0.000113146
AC 264 5.85572 5.85572 5.85503
OP 265 0.595969 0.586669 0.414287 0.142378 0.396581 0.000117198
AC 265 5.13288 5.13288 5.13228
OP 266 0.579307 0.598317 0.417459 0.137113 0.392023 0.000114835
AC 266 6.89034 6.89034 6.88959
OP 267 0.595254 0.585868 0.417925 0.142793 0.392013 0.000114866
AC 267 5.06698 5.06698 5.06636
OP 268 0.568783 0.595883 0.413636 0.131783 0.393337 0.000117268
AC 268 5.84934 5.84934 5.84867
OP 269 0.573724 0.613853 0.430966 0.139251 0.385573 0.000104402
AC 269 7.39118 7.39118 7.39029
OP 270 0.577846 0.599629 0.420497 0.142083 0.390791 0.000112743
AC 270 5.77451 5.77451 5.77384
OP 271 0.587176 0.604617 0.420076 0.146987 0.391061 0.000111652
AC 271 7.40036 7.40036 7.39958
OP 272 0.583487 0.595186 0.412425 0.144789 0.392788 0.000117557
AC 272 6.67511 6.67511 6.67442
OP 273 0.603802 0.590112 0.412188 0.146205 0.391795 0.000118291
AC 273 5.97188 5.97188 5.97127
OP 274 0.595273 0.588465 0.411241 0.13697 0.396727 0.00011947
AC 274 6.26719 6.26719 6.26655
OP 275 0.610026 0.592638 0.408063 0.155895 0.395892 0.000121046
AC 275 6.82676 6.82676 6.82616
OP 276 0.584226 0.60013 0.425548 0.143669 0.390587 0.000108762
AC 276 6.3107 6.3107 6.30993
OP 277 0.589784 0.588643 0.415885 0.144699 0.392896 0.000115866
AC 277 5.76557 5.76557 5.76492
OP 278 0.586887 0.600236 0.428393 0.136536 0.388395 0.000106836
AC 278 5.78979 5.78979 5.78905
OP 279 0.593009 0.601413 0.410816 0.141354 0.394886 0.000118724
AC 279 6.71087 6.71087 6.71015
OP 280 0.581773 0.605461 0.421291 0.143363 0.389635 0.000110843
AC 280 7.39298 7.39298 7.39224
OP 281 0.578226 0.58713 0.408501 0.126594 0.398426 0.000121925
AC 281 3.34294 3.34294 3.3424
OP 282 0.596181 0.592695 0.411031 0.141832 0.395365 0.00011914
AC 282 6.79438 6.79438 6.79374
OP 283 0.581674 0.593962 0.417615 0.140675 0.392041 0.000114764
AC 283 6.27348 6.27348 6.27279
OP 284 0.60079 0.596234 0.412732 0.139636 0.392907 0.000118066
AC 284 7.19545 7.19545 7.19478
OP 285 0.587494 0.591482 0.413007 0.135497 0.390163 0.000117633
AC 285 4.63328 4.63328 4.63267
OP 286 0.586192 0.609231 0.416983 0.14367 0.389125 0.000113268
AC 286 7.16404 7.16404 7.16326
OP 287 0.583484 0.611524 0.413907 0.143769 0.393111 0.00011625
AC 287 7.96938 7.96938 7.96855
OP 288 0.583105 0.601972 0.410777 0.143094 0.395546 0.000118998
AC 288 6.89054 6.89054 6.88988
OP 289 0.592832 0.616596 0.425031 0.14459 0.386199 0.00010793
AC 289 7.70903 7.70903 7.70816
OP 290 0.61141 0.592824 0.41247 0.146261 0.391817 0.000117535
AC 290 6.52745 6.52745 6.52679
OP 291 0.581698 0.609535 0.423564 0.144103 0.38559 0.000109727
AC 291 7.32707 7.32707 7.32624
OP 292 0.586065 0.589942 0.406901 0.135662 0.395924 0.000122356
AC 292 5.84344 5.84344 5.84281
OP 293 0.592642 0.587418 0.408891 0.138886 0.394144 0.000121043
AC 293 5.73602 5.73602 5.73539
OP 294 0.584865 0.59631 0.419498 0.136704 0.389856 0.000112919
AC 294 5.38779 5.38779 5.38714
OP 295 0.59936 0.60018 0.42037 0.143324 0.388854 0.000112302
AC 295 6.51839 6.51839 6.51769
OP 296 0.589714 0.59731 0.422121 0.1401 0.389683 0.000111558
AC 296 5.5808 5.5808 5.58009
OP 297 0.580322 0.589885 0.417284 0.137833 0.392936 0.000115157
AC 297 5.04688 5.04688 5.04625
OP 298 0.592348 0.597648 0.424064 0.139346 0.390705 0.000109993
AC 298 5.76013 5.76013 5.75942
OP 299 0.580486 0.606727 0.420864 0.146213 0.388443 0.000111216
AC 299 7.16431 7.16431 7.16352
