OP 0 0.649307 0.76655 0.592399 0.196238 0.412799 0.000110844
AC 0 7.96181 7.96181 7.96098
OP 1 0.643025 0.778779 0.593583 0.19056 0.411629 0.000109659
AC 1 8.14614 8.14614 8.14517
OP 2 0.652039 0.777501 0.588143 0.187814 0.414786 0.000112504
AC 2 8.97638 8.97638 8.97543
OP 3 0.656419 0.776551 0.592456 0.201015 0.4129 0.000110269
AC 3 8.83952 8.83952 8.83861
OP 4 0.652539 0.767038 0.585902 0.189551 0.412198 0.000114501
AC 4 8.77325 8.77325 8.7724
OP 5 0.641285 0.776366 0.591764 0.193581 0.414312 0.000110911
AC 5 7.82279 7.82279 7.8219
OP 6 0.646477 0.771137 0.590269 0.193899 0.412104 0.000111661
AC 6 8.63628 8.63628 8.63534
OP 7 0.646518 0.765061 0.587472 0.187855 0.418233 0.000114052
AC 7 8.03974 8.03974 8.03888
OP 8 0.660516 0.761167 0.582597 0.194228 0.41702 0.000117095
AC 8 8.12633 8.12633 8.12554
OP 9 0.655049 0.788522 0.604024 0.199072 0.40651 0.000102819
AC 9 10.1347 10.1347 10.1336
OP 10 0.660846 0.775796 0.591722 0.195404 0.41104 0.000110661
AC 10 9.54165 9.54165 9.54067
OP 11 0.650663 0.764992 0.575211 0.189766 0.418682 0.000121778
AC 11 8.07466 8.07466 8.07393
OP 12 0.643025 0.766155 0.577114 0.1755 0.418375 0.000119725
AC 12 7.19833 7.19833 7.19754
OP 13 0.63406 0.767039 0.579785 0.17794 0.418511 0.000118398
AC 13 7.85372 7.85372 7.85292
OP 14 0.650365 0.778972 0.591342 0.192452 0.409581 0.000110498
AC 14 9.05872 9.05872 9.05773
OP 15 0.634925 0.768112 0.596219 0.180766 0.412125 0.000108359
AC 15 6.63271 6.63271 6.63176
OP 16 0.63866 0.779667 0.588621 0.190959 0.412873 0.000112373
AC 16 8.42637 8.42637 8.42543
OP 17 0.657556 0.762427 0.581882 0.190412 0.416518 0.000117705
AC 17 9.34626 9.34626 9.3455
OP 18 0.648974 0.764958 0.576759 0.18444 0.419896 0.000120696
AC 18 7.65654 7.65654 7.65581
OP 19 0.651197 0.772536 0.585616 0.194049 0.414232 0.000114711
AC 19 7.61365 7.61365 7.61276
OP 20 0.643044 0.772297 0.589745 0.192607 0.412636 0.000111841
AC 20 8.42913 8.42913 8.42829
OP 21 0.66607 0.772107 0.58314 0.194453 0.415757 0.000115934
AC 21 8.4211 8.4211 8.42022
OP 22 0.649992 0.768335 0.576732 0.190061 0.418145 0.000120374
AC 22 8.46275 8.46275 8.46201
OP 23 0.656534 0.770643 0.590117 0.18941 0.411833 0.000111269
AC 23 7.75731 7.75731 7.75637
OP 24 0.651428 0.777674 0.5889 0.191779 0.412549 0.000111615
AC 24 9.35727 9.35727 9.35639
OP 25 0.64579 0.76392 0.590169 0.192072 0.413458 0.000112206
AC 25 7.40517 7.40517 7.40439
OP 26 0.639214 0.782118 0.592433 0.187637 0.409564 0.000109455
AC 26 8.94042 8.94042 8.93943
OP 27 0.635287 0.770944 0.587231 0.187392 0.412826 0.000113624
AC 27 6.01373 6.01373 6.01289
OP 28 0.652688 0.768216 0.590962 0.190536 0.412912 0.00011153
AC 28 8.80114 8.80114 8.80029
OP 29 0.646783 0.773216 0.593648 0.185359 0.414671 0.000109952
AC 29 8.09237 8.09237 8.09148
OP 30 0.641047 0.767249 0.592528 0.188308 0.412246 0.000110789
AC 30 7.75485 7.75485 7.75398
OP 31 0.643532 0.765728 0.590787 0.183089 0.413991 0.000111843
AC 31 7.1163 7.1163 7.11545
OP 32 0.641765 0.78603 0.595035 0.195401 0.41036 0.000108374
AC 32 9.13568 9.13568 9.13461
OP 33 0.660544 0.780483 0.597364 0.205152 0.408473 0.000106608
AC 33 9.17981 9.17981 9.17875
OP 34 0.652068 0.772296 0.600105 0.188315 0.410062 0.000106533
AC 34 8.51063 8.51063 8.50963
OP 35 0.656019 0.77401 0.595282 0.197598 0.409803 0.000108494
AC 35 8.5126 8.5126 8.51165
OP 36 0.651087 0.771043 0.591789 0.193986 0.413463 0.000110865
AC 36 7.72568 7.72568 7.72484
OP 37 0.646662 0.77211 0.590914 0.197069 0.413048 0.00011169
AC 37 8.16433 8.16433 8.16343
OP 38 0.643337 0.783154 0.583253 0.188937 0.417608 0.000115424
AC 38 8.61792 8.61792 8.61696
OP 39 0.6586 0.752894 0.573641 0.187646 0.421718 0.000122953
AC 39 8.16855 8.16855 8.16788
OP 40 0.649353 0.775652 0.58914 0.188946 0.412311 0.000112066
AC 40 8.83516 8.83516 8.83422
OP 41 0.652437 0.763006 0.581558 0.193786 0.418469 0.000117985
AC 41 8.81071 8.81071 8.80996
OP 42 0.631 0.78682 0.600758 0.186561 0.408565 0.000104354
AC 42 8.9506 8.9506 8.94938
OP 43 0.64512 0.774385 0.589314 0.193355 0.414195 0.000112622
AC 43 7.16889 7.16889 7.16803
OP 44 0.631462 0.767813 0.59093 0.185351 0.414089 0.000112266
AC 44 7.06097 7.06097 7.06016
OP 45 0.643053 0.788052 0.593829 0.191172 0.409068 0.000108716
AC 45 8.81588 8.81588 8.81478
OP 46 0.650411 0.790183 0.59971 0.196341 0.408558 0.000104932
AC 46 9.22842 9.22842 9.22734
OP 47 0.639851 0.76912 0.587379 0.181165 0.413939 0.000113587
AC 47 8.14303 8.14303 8.14212
OP 48 0.64665 0.784678 0.591072 0.192125 0.412072 0.000110719
AC 48 9.57285 9.57285 9.57185
OP 49 0.635055 0.774943 0.589138 0.183878 0.412208 0.000112425
AC 49 7.83191 7.83191 7.83095
OP 50 0.651076 0.775028 0.5911 0.198712 0.413212 0.000111318
AC 50 9.05768 9.05768 9.05679
OP 51 0.657541 0.779729 0.593434 0.20179 0.41253 0.000109333
AC 51 9.31047 9.31047 9.30946
OP 52 0.650035 0.771759 0.597614 0.198744 0.408342 0.00010783
AC 52 7.41537 7.41537 7.41448
OP 53 0.613774 0.776182 0.587535 0.175893 0.411835 0.000113171
AC 53 6.63876 6.63876 6.63782
OP 54 0.644613 0.771946 0.585496 0.186635 0.412541 0.000114754
AC 54 6.92282 6.92282 6.92197
OP 55 0.660294 0.770892 0.581371 0.190509 0.417182 0.00011747
AC 55 8.54736 8.54736 8.54652
OP 56 0.646778 0.773166 0.58948 0.187219 0.413581 0.000112697
AC 56 9.04703 9.04703 9.04615
OP 57 0.644347 0.785948 0.597424 0.197326 0.408524 0.000106634
AC 57 8.72211 8.72211 8.72102
OP 58 0.646394 0.774366 0.580699 0.189479 0.415151 0.000117433
AC 58 9.18907 9.18907 9.18815
OP 59 0.644979 0.75908 0.584166 0.187411 0.416571 0.00011662
AC 59 7.01619 7.01619 7.01544
OP 60 0.655174 0.779108 0.594781 0.198066 0.410128 0.000108393
AC 60 8.88816 8.88816 8.88721
OP 61 0.635771 0.764383 0.588465 0.183402 0.414425 0.000113326
AC 61 7.80402 7.80402 7.80316
OP 62 0.653195 0.765077 0.583186 0.190105 0.416049 0.000116521
AC 62 7.92457 7.92457 7.92377
OP 63 0.654321 0.761327 0.581585 0.18684 0.418055 0.000117987
AC 63 8.80833 8.80833 8.80759
OP 64 0.634036 0.764111 0.587674 0.178924 0.415959 0.000114451
AC 64 6.55224 6.55224 6.55143
OP 65 0.646779 0.782716 0.592999 0.194233 0.412773 0.000109295
AC 65 8.99486 8.99486 8.9938
OP 66 0.642392 0.774036 0.595615 0.195859 0.412802 0.000108376
AC 66 8.22837 8.22837 8.22746
OP 67 0.63249 0.775621 0.593158 0.183041 0.412 0.000109414
AC 67 6.9065 6.9065 6.90555
OP 68 0.632974 0.754734 0.570883 0.181345 0.424131 0.000124795
AC 68 6.6576 6.6576 6.65697
OP 69 0.643688 0.760131 0.580836 0.185209 0.415 0.000118223
AC 69 6.10234 6.10234 6.10158
OP 70 0.648486 0.777733 0.586894 0.18927 0.41298 0.000112923
AC 70 8.88693 8.88693 8.88599
OP 71 0.638476 0.766354 0.584904 0.186249 0.416093 0.000115114
AC 71 6.84787 6.84787 6.84706
OP 72 0.637519 0.782258 0.587365 0.191067 0.413405 0.000113034
AC 72 8.82474 8.82474 8.82381
OP 73 0.646784 0.769582 0.601702 0.19154 0.409625 0.000105453
AC 73 7.86417 7.86417 7.86324
OP 74 0.640009 0.77057 0.581765 0.187518 0.41771 0.000117684
AC 74 8.48741 8.48741 8.48654
OP 75 0.647088 0.772449 0.590074 0.198191 0.412158 0.000111783
AC 75 8.95547 8.95547 8.95463
OP 76 0.640045 0.754888 0.586151 0.189837 0.419176 0.000115453
AC 76 6.04805 6.04805 6.04737
OP 77 0.652941 0.772634 0.58944 0.189528 0.41013 0.000112382
AC 77 8.22228 8.22228 8.22138
OP 78 0.643924 0.772801 0.591978 0.183336 0.412053 0.000110913
AC 78 8.71469 8.71469 8.71378
OP 79 0.63895 0.779693 0.598342 0.187512 0.410664 0.000107097
AC 79 8.75469 8.75469 8.75373
OP 80 0.652373 0.772748 0.585887 0.19015 0.415701 0.000114825
AC 80 8.88867 8.88867 8.88782
OP 81 0.631479 0.761666 0.591196 0.175412 0.414161 0.000112401
AC 81 6.95647 6.95647 6.95568
OP 82 0.628851 0.780801 0.596599 0.188621 0.411967 0.000108065
AC 82 7.76026 7.76026 7.75928
OP 83 0.629286 0.771988 0.580621 0.185011 0.418342 0.00011788
AC 83 8.51178 8.51178 8.51096
OP 84 0.639564 0.778879 0.594521 0.194927 0.413277 0.000109476
AC 84 8.06142 8.06142 8.06053
OP 85 0.637535 0.779085 0.599073 0.192525 0.407195 0.000105825
AC 85 7.71732 7.71732 7.71632
OP 86 0.646658 0.775427 0.586741 0.192513 0.415255 0.000113877
AC 86 8.14123 8.14123 8.14041
OP 87 0.628219 0.763732 0.583348 0.174567 0.416797 0.000116301
AC 87 6.9008 6.9008 6.9
OP 88 0.636594 0.780441 0.589783 0.18834 0.414282 0.000111762
AC 88 8.86821 8.86821 8.8672
OP 89 0.649731 0.761641 0.577008 0.183073 0.417064 0.000119837
AC 89 8.61261 8.61261 8.61184
OP 90 0.633875 0.766938 0.590237 0.180498 0.41574 0.000112326
AC 90 6.48149 6.48149 6.48063
OP 91 0.643183 0.783496 0.593113 0.195341 0.41175 0.000109675
AC 91 9.17141 9.17141 9.17034
OP 92 0.642516 0.787197 0.591474 0.197798 0.414361 0.000110428
AC 92 8.9178 8.9178 8.91676
OP 93 0.636067 0.78085 0.594075 0.191575 0.413617 0.00010906
AC 93 7.51972 7.51972 7.51876
OP 94 0.642268 0.778685 0.586852 0.187888 0.417812 0.000113262
AC 94 8.50204 8.50204 8.50112
OP 95 0.66774 0.771273 0.584729 0.194754 0.414208 0.000115434
AC 95 7.55906 7.55906 7.55818
OP 96 0.643746 0.794215 0.609326 0.194466 0.403405 9.94419E-05
AC 96 9.20293 9.20293 9.20165
OP 97 0.648619 0.779056 0.591699 0.192926 0.411172 0.000110514
AC 97 7.58423 7.58423 7.58331
OP 98 0.655748 0.780477 0.583534 0.195005 0.415728 0.000115634
AC 98 8.33095 8.33095 8.33001
OP 99 0.648995 0.75949 0.586477 0.18896 0.414819 0.000114574
AC 99 5.08264 5.08264 5.0819
OP 100 0.644319 0.766893 0.591074 0.190152 0.41314 0.00011158
AC 100 7.55142 7.55142 7.55059
OP 101 0.634936 0.766771 0.580314 0.188408 0.418365 0.000118118
AC 101 7.72173 7.72173 7.72095
OP 102 0.638448 0.780579 0.583635 0.186241 0.412446 0.000115492
AC 102 8.11929 8.11929 8.11837
OP 103 0.659032 0.768833 0.580241 0.196297 0.415584 0.000117866
AC 103 9.41104 9.41104 9.41021
OP 104 0.632905 0.772915 0.58468 0.186303 0.415767 0.000115309
AC 104 8.27386 8.27386 8.27299
OP 105 0.647342 0.76769 0.586461 0.182613 0.417337 0.000114666
AC 105 7.82624 7.82624 7.82536
OP 106 0.646832 0.783736 0.587552 0.19717 0.410878 0.000112263
AC 106 8.92174 8.92174 8.92075
OP 107 0.644378 0.776522 0.583017 0.187002 0.415814 0.000116017
AC 107 9.18952 9.18952 9.18861
OP 108 0.636824 0.783773 0.591505 0.191961 0.412659 0.000110311
AC 108 9.0424 9.0424 9.04138
OP 109 0.630027 0.770657 0.591451 0.187339 0.412283 0.000111362
AC 109 6.82482 6.82482 6.82397
OP 110 0.644101 0.769405 0.586434 0.183713 0.416042 0.000114109
AC 110 8.83193 8.83193 8.83103
OP 111 0.63098 0.779561 0.594802 0.188064 0.411844 0.000109044
AC 111 8.34021 8.34021 8.33925
OP 112 0.654591 0.766086 0.580591 0.196322 0.415435 0.000117955
AC 112 8.75258 8.75258 8.75176
OP 113 0.668183 0.7754 0.591143 0.197147 0.414853 0.000111162
AC 113 9.5044 9.5044 9.50344
OP 114 0.655995 0.781769 0.596739 0.191373 0.409468 0.000107312
AC 114 8.19045 8.19045 8.18941
OP 115 0.661132 0.768218 0.594208 0.19516 0.411253 0.000109738
AC 115 8.25052 8.25052 8.24967
OP 116 0.645087 0.777949 0.588774 0.192007 0.415546 0.000112069
AC 116 8.05205 8.05205 8.05115
OP 117 0.634633 0.770129 0.583089 0.184016 0.417221 0.000116402
AC 117 8.07758 8.07758 8.07674
OP 118 0.634846 0.768141 0.589979 0.181251 0.415929 0.000112813
AC 118 7.75569 7.75569 7.75484
OP 119 0.64624 0.778639 0.586536 0.193407 0.413439 0.000113448
AC 119 9.54915 9.54915 9.54822
OP 120 0.648384 0.768552 0.579416 0.181481 0.41884 0.000118506
AC 120 6.94941 6.94941 6.94858
OP 121 0.649014 0.751949 0.576642 0.185729 0.419953 0.000121383
AC 121 7.70892 7.70892 7.70826
OP 122 0.649029 0.77797 0.597441 0.194359 0.407131 0.000107314
AC 122 8.01076 8.01076 8.00977
OP 123 0.634286 0.782464 0.59559 0.188419 0.408918 0.000107449
AC 123 8.26419 8.26419 8.26321
OP 124 0.640733 0.769678 0.580607 0.197393 0.418536 0.000117711
AC 124 8.26906 8.26906 8.26825
OP 125 0.641459 0.77153 0.584199 0.191421 0.417435 0.000115318
AC 125 8.56723 8.56723 8.56641
OP 126 0.644912 0.771055 0.58528 0.185154 0.416551 0.000115059
AC 126 7.68581 7.68581 7.68492
OP 127 0.632815 0.779166 0.589418 0.188315 0.413025 0.000111521
AC 127 8.75001 8.75001 8.74907
OP 128 0.651665 0.773107 0.589642 0.181353 0.4118 0.000112002
AC 128 7.67837 7.67837 7.67744
OP 129 0.640328 0.781635 0.593603 0.189257 0.412798 0.000108905
AC 129 9.25456 9.25456 9.25355
OP 130 0.647152 0.782106 0.599298 0.190159 0.408109 0.000106132
AC 130 8.21468 8.21468 8.21362
OP 131 0.657479 0.772987 0.587766 0.190678 0.413565 0.000112871
AC 131 8.53487 8.53487 8.53394
OP 132 0.633721 0.769062 0.590001 0.18417 0.414238 0.00011215
AC 132 7.22991 7.22991 7.22907
OP 133 0.664356 0.758975 0.580194 0.191083 0.419558 0.000118746
AC 133 7.38196 7.38196 7.38125
OP 134 0.648177 0.769936 0.583598 0.190405 0.414833 0.000115822
AC 134 8.51364 8.51364 8.51281
OP 135 0.64423 0.766687 0.580126 0.186399 0.416771 0.000118418
AC 135 8.74149 8.74149 8.74071
OP 136 0.644843 0.765823 0.585204 0.184641 0.414684 0.00011519
AC 136 8.66477 8.66477 8.66396
OP 137 0.643556 0.75491 0.582702 0.185282 0.41743 0.000117202
AC 137 7.23556 7.23556 7.23481
OP 138 0.651885 0.788421 0.586549 0.203085 0.413803 0.000112955
AC 138 9.70575 9.70575 9.70478
OP 139 0.638591 0.77739 0.589395 0.179511 0.413704 0.000111728
AC 139 7.2677 7.2677 7.26675
OP 140 0.645683 0.764293 0.583429 0.188801 0.416391 0.000116124
AC 140 8.75065 8.75065 8.74982
OP 141 0.628301 0.769824 0.587435 0.179315 0.414358 0.000113651
AC 141 7.25847 7.25847 7.25761
OP 142 0.633905 0.785677 0.597407 0.186152 0.40897 0.000106803
AC 142 8.07946 8.07946 8.07844
OP 143 0.640638 0.776543 0.592471 0.188729 0.412325 0.000110127
AC 143 8.44495 8.44495 8.444
OP 144 0.648041 0.759168 0.577521 0.192692 0.419727 0.000120966
AC 144 7.50862 7.50862 7.50793
OP 145 0.638004 0.779972 0.5959 0.189984 0.407615 0.000107548
AC 145 8.19632 8.19632 8.19527
OP 146 0.621665 0.790882 0.60745 0.176602 0.402491 0.000100705
AC 146 7.99193 7.99193 7.99078
OP 147 0.655158 0.773568 0.588233 0.190633 0.415399 0.000113216
AC 147 8.13753 8.13753 8.13666
OP 148 0.644539 0.772296 0.583467 0.19008 0.415788 0.000115682
AC 148 9.02493 9.02493 9.02406
OP 149 0.66095 0.759113 0.582392 0.19121 0.416728 0.000116825
AC 149 8.66827 8.66827 8.66753
OP 150 0.636862 0.785326 0.598186 0.188299 0.407575 0.000106513
AC 150 6.53855 6.53855 6.53748
OP 151 0.651956 0.774961 0.59048 0.198416 0.413033 0.000111547
AC 151 9.87761 9.87761 9.87672
OP 152 0.642364 0.770414 0.589131 0.192425 0.414578 0.00011219
AC 152 9.11791 9.11791 9.11706
OP 153 0.654786 0.781571 0.590369 0.20045 0.408838 0.00011119
AC 153 8.46859 8.46859 8.46758
OP 154 0.643922 0.764426 0.589604 0.189053 0.414174 0.000112928
AC 154 7.26694 7.26694 7.26614
OP 155 0.636511 0.762681 0.583608 0.182102 0.418681 0.000116529
AC 155 6.28221 6.28221 6.28141
OP 156 0.645218 0.767916 0.591216 0.183356 0.413872 0.000111477
AC 156 7.14057 7.14057 7.13971
OP 157 0.653042 0.775957 0.585714 0.198013 0.416339 0.000114191
AC 157 8.39362 8.39362 8.39272
OP 158 0.654218 0.757652 0.586286 0.191159 0.41522 0.000115566
AC 158 6.9257 6.9257 6.92499
OP 159 0.640849 0.768818 0.595367 0.184589 0.412145 0.000109032
AC 159 7.97464 7.97464 7.97371
OP 160 0.6495 0.774955 0.591481 0.189519 0.413865 0.000110471
AC 160 9.51135 9.51135 9.51034
OP 161 0.635201 0.768331 0.59418 0.180995 0.411931 0.000109285
AC 161 6.70256 6.70256 6.70167
OP 162 0.643463 0.76889 0.586913 0.187853 0.415326 0.000114298
AC 162 6.3406 6.3406 6.33981
OP 163 0.648141 0.773762 0.594114 0.183347 0.412922 0.000109123
AC 163 7.39237 7.39237 7.39146
OP 164 0.643652 0.781322 0.595074 0.197208 0.411078 0.000108505
AC 164 8.96948 8.96948 8.96843
OP 165 0.659485 0.764845 0.588943 0.196709 0.413699 0.000113069
AC 165 7.27325 7.27325 7.27241
OP 166 0.664409 0.787203 0.598413 0.211212 0.408677 0.000105917
AC 166 9.33843 9.33843 9.33737
OP 167 0.649796 0.786972 0.597076 0.196087 0.407529 0.000106963
AC 167 9.25318 9.25318 9.25214
OP 168 0.665574 0.760869 0.587281 0.20119 0.412344 0.00011389
AC 168 8.31792 8.31792 8.31713
OP 169 0.652744 0.779865 0.593127 0.193091 0.412325 0.000109477
AC 169 9.92993 9.92993 9.92896
OP 170 0.645311 0.767583 0.584261 0.185217 0.419335 0.000115905
AC 170 8.29969 8.29969 8.29887
OP 171 0.648375 0.772443 0.592748 0.193309 0.40917 0.000110193
AC 171 8.23987 8.23987 8.23896
OP 172 0.655519 0.783036 0.598102 0.196898 0.409705 0.000106617
AC 172 9.1621 9.1621 9.16104
OP 173 0.639797 0.77465 0.582841 0.18615 0.418713 0.000116245
AC 173 7.44415 7.44415 7.44326
OP 174 0.646744 0.773767 0.582315 0.188116 0.417771 0.000116181
AC 174 7.94916 7.94916 7.9483
OP 175 0.63566 0.761136 0.593681 0.189431 0.414387 0.000110655
AC 175 6.59635 6.59635 6.59558
OP 176 0.638604 0.775631 0.602292 0.198186 0.407875 0.000104643
AC 176 6.6819 6.6819 6.68093
OP 177 0.632345 0.76823 0.589813 0.186211 0.415333 0.000112397
AC 177 6.82893 6.82893 6.8281
OP 178 0.652897 0.771025 0.578169 0.185281 0.41978 0.000119499
AC 178 7.8025 7.8025 7.80166
OP 179 0.658983 0.7601 0.586191 0.188955 0.41569 0.000115046
AC 179 7.19559 7.19559 7.19479
OP 180 0.631103 0.781001 0.593015 0.189626 0.412279 0.000109848
AC 180 7.76925 7.76925 7.76829
OP 181 0.653484 0.784489 0.590682 0.195511 0.412585 0.000110836
AC 181 9.49962 9.49962 9.49857
OP 182 0.653153 0.767588 0.582128 0.194171 0.416915 0.000116929
AC 182 8.57978 8.57978 8.57899
OP 183 0.654664 0.776079 0.585388 0.196336 0.41657 0.00011454
AC 183 9.34627 9.34627 9.34537
OP 184 0.629533 0.784148 0.590456 0.179571 0.414425 0.000110925
AC 184 8.43648 8.43648 8.43545
OP 185 0.651137 0.771379 0.581381 0.189483 0.415964 0.000117463
AC 185 8.33432 8.33432 8.33348
OP 186 0.644305 0.756458 0.583329 0.189972 0.418753 0.000116927
AC 186 5.86641 5.86641 5.86568
OP 187 0.642481 0.77361 0.590459 0.188964 0.414448 0.000111479
AC 187 7.6477 7.6477 7.64682
OP 188 0.652406 0.774742 0.593451 0.197453 0.41293 0.00011001
AC 188 8.19532 8.19532 8.19444
OP 189 0.665257 0.765099 0.580633 0.192049 0.418383 0.000117993
AC 189 8.60169 8.60169 8.60091
OP 190 0.640159 0.762137 0.595453 0.184053 0.413704 0.000109602
AC 190 5.8749 5.8749 5.87407
OP 191 0.641625 0.773307 0.584056 0.186612 0.414476 0.000115406
AC 191 8.02114 8.02114 8.0203
OP 192 0.642665 0.783059 0.593064 0.186921 0.412258 0.000109308
AC 192 9.23627 9.23627 9.23517
OP 193 0.640359 0.769644 0.587608 0.186211 0.413325 0.000113309
AC 193 8.15797 8.15797 8.15708
OP 194 0.646469 0.751316 0.580039 0.18713 0.420343 0.000119265
AC 194 7.09178 7.09178 7.09109
OP 195 0.662203 0.791508 0.594086 0.19795 0.407973 0.000108208
AC 195 9.93664 9.93664 9.9355
OP 196 0.64816 0.781421 0.59748 0.189998 0.408489 0.000106641
AC 196 8.75028 8.75028 8.74922
OP 197 0.640959 0.772844 0.587444 0.192308 0.414958 0.000113254
AC 197 8.47395 8.47395 8.47307
OP 198 0.658495 0.76713 0.580176 0.194633 0.417181 0.000118175
AC 198 9.04096 9.04096 9.04013
OP 199 0.634745 0.768137 0.592309 0.184702 0.412806 0.000111037
AC 199 6.84902 6.84902 6.84815
OP 200 0.652086 0.770276 0.590993 0.192306 0.414067 0.000111184
AC 200 7.95867 7.95867 7.95778
OP 201 0.654013 0.759475 0.580676 0.191073 0.416454 0.000117679
AC 201 8.7208 8.7208 8.72002
OP 202 0.653549 0.775889 0.587449 0.202669 0.413881 0.000113153
AC 202 8.40347 8.40347 8.40258
OP 203 0.660286 0.771494 0.595401 0.196232 0.412871 0.000108781
AC 203 8.08052 8.08052 8.07962
OP 204 0.655774 0.777299 0.604821 0.196099 0.407009 0.000103074
AC 204 8.07078 8.07078 8.06973
OP 205 0.662816 0.766491 0.581579 0.192665 0.417342 0.000117481
AC 205 7.49539 7.49539 7.4946
OP 206 0.642491 0.792322 0.600405 0.19453 0.408552 0.000104571
AC 206 9.04653 9.04653 9.04533
OP 207 0.640997 0.774884 0.579248 0.190504 0.418001 0.000118375
AC 207 8.84536 8.84536 8.84458
OP 208 0.652865 0.781125 0.591821 0.1912 0.411897 0.000110392
AC 208 9.41342 9.41342 9.41239
OP 209 0.641866 0.779258 0.599452 0.191568 0.409698 0.000106586
AC 209 9.25839 9.25839 9.25741
OP 210 0.645435 0.771525 0.592083 0.188625 0.414663 0.000110911
AC 210 7.87551 7.87551 7.87461
OP 211 0.637974 0.774529 0.588539 0.185234 0.416442 0.0001127
AC 211 8.16825 8.16825 8.1674
OP 212 0.657109 0.767259 0.582105 0.195607 0.416602 0.000117099
AC 212 7.44541 7.44541 7.44467
OP 213 0.638151 0.773594 0.5905 0.186041 0.412082 0.000111352
AC 213 7.8305 7.8305 7.82962
OP 214 0.645652 0.771921 0.585419 0.189499 0.416985 0.000114321
AC 214 8.85005 8.85005 8.84915
OP 215 0.655799 0.759417 0.57831 0.19118 0.4195 0.000120024
AC 215 7.99058 7.99058 7.98983
OP 216 0.650899 0.763522 0.584174 0.193716 0.416533 0.000116266
AC 216 7.82292 7.82292 7.82215
OP 217 0.652969 0.778491 0.599222 0.189272 0.406496 0.000105767
AC 217 7.3531 7.3531 7.35204
OP 218 0.632287 0.77384 0.588736 0.185599 0.415299 0.000112371
AC 218 8.39745 8.39745 8.39652
OP 219 0.643792 0.757322 0.579936 0.186437 0.418275 0.000119404
AC 219 7.61197 7.61197 7.61132
OP 220 0.639025 0.766307 0.573026 0.181305 0.420727 0.000122762
AC 220 8.39276 8.39276 8.39202
OP 221 0.638131 0.782149 0.594307 0.195061 0.410069 0.000108615
AC 221 8.3362 8.3362 8.33523
OP 222 0.647146 0.765679 0.584109 0.194424 0.415403 0.000115724
AC 222 7.98475 7.98475 7.98397
OP 223 0.643165 0.774357 0.586606 0.190614 0.415478 0.000113843
AC 223 9.09023 9.09023 9.08935
OP 224 0.641017 0.779467 0.593041 0.188096 0.413188 0.000109744
AC 224 7.88369 7.88369 7.88272
OP 225 0.638 0.772135 0.594535 0.187067 0.411889 0.000109266
AC 225 7.77435 7.77435 7.77345
OP 226 0.663039 0.780306 0.595348 0.198929 0.409367 0.000107655
AC 226 7.91634 7.91634 7.91537
OP 227 0.657492 0.775506 0.591682 0.193979 0.40951 0.00011094
AC 227 8.717 8.717 8.71607
OP 228 0.646699 0.770122 0.598355 0.190433 0.408529 0.000107078
AC 228 6.95191 6.95191 6.95099
OP 229 0.636124 0.782161 0.604678 0.183253 0.408979 0.000103055
AC 229 8.1997 8.1997 8.19858
OP 230 0.631118 0.773431 0.592385 0.185682 0.413452 0.000110526
AC 230 7.09388 7.09388 7.09299
OP 231 0.64846 0.787776 0.607372 0.19553 0.404001 0.000100756
AC 231 8.38854 8.38854 8.3873
OP 232 0.643666 0.761045 0.584148 0.18854 0.416474 0.000115767
AC 232 7.77245 7.77245 7.77166
OP 233 0.651068 0.765685 0.579584 0.188798 0.419577 0.00011861
AC 233 8.7585 8.7585 8.7577
OP 234 0.659346 0.775273 0.587082 0.192377 0.413478 0.000113576
AC 234 9.00351 9.00351 9.00257
OP 235 0.64326 0.763208 0.58843 0.182935 0.416039 0.000113705
AC 235 8.10531 8.10531 8.1045
OP 236 0.655172 0.765987 0.579568 0.192873 0.413488 0.000118237
AC 236 8.82406 8.82406 8.82327
OP 237 0.643491 0.766074 0.595747 0.192275 0.412012 0.000109431
AC 237 6.57299 6.57299 6.57213
OP 238 0.645834 0.776134 0.591895 0.192628 0.411477 0.000110392
AC 238 8.94419 8.94419 8.94324
OP 239 0.64705 0.769492 0.592065 0.186778 0.412386 0.000111018
AC 239 7.01637 7.01637 7.01552
OP 240 0.647198 0.771913 0.574084 0.182252 0.421421 0.000121435
AC 240 9.12804 9.12804 9.12722
OP 241 0.656965 0.778951 0.600295 0.195916 0.407371 0.000105451
AC 241 9.47516 9.47516 9.47406
OP 242 0.65068 0.783145 0.597986 0.197234 0.408799 0.000106615
AC 242 9.19122 9.19122 9.19019
OP 243 0.652209 0.782847 0.593712 0.19819 0.410676 0.000109272
AC 243 8.18762 8.18762 8.18667
OP 244 0.645235 0.790347 0.583883 0.196379 0.414122 0.000114187
AC 244 9.65455 9.65455 9.65347
OP 245 0.648811 0.765993 0.583563 0.190397 0.416563 0.000116267
AC 245 8.40609 8.40609 8.40527
OP 246 0.631747 0.763239 0.589457 0.189206 0.414721 0.000112617
AC 246 7.11538 7.11538 7.1146
OP 247 0.654232 0.78056 0.586992 0.200302 0.414359 0.00011343
AC 247 8.97635 8.97635 8.97541
OP 248 0.64457 0.767274 0.602424 0.186171 0.40916 0.000104965
AC 248 7.14541 7.14541 7.1445
OP 249 0.659377 0.771895 0.579383 0.193979 0.415948 0.000117782
AC 249 9.39275 9.39275 9.3919
OP 250 0.651767 0.764344 0.599092 0.188422 0.41077 0.000107333
AC 250 6.04461 6.04461 6.04378
OP 251 0.63739 0.761136 0.586529 0.188583 0.416903 0.000114725
AC 251 6.94747 6.94747 6.94673
OP 252 0.638996 0.763296 0.587308 0.18058 0.415039 0.000114744
AC 252 6.13782 6.13782 6.13702
OP 253 0.651058 0.765769 0.592901 0.184058 0.412487 0.000110675
AC 253 7.32088 7.32088 7.32005
OP 254 0.639686 0.771701 0.588478 0.182105 0.412689 0.000112772
AC 254 6.82301 6.82301 6.82213
OP 255 0.654888 0.778506 0.589347 0.1914 0.41441 0.000112463
AC 255 8.65512 8.65512 8.65415
OP 256 0.654295 0.763278 0.590868 0.189957 0.412118 0.000111848
AC 256 7.91188 7.91188 7.91105
OP 257 0.63965 0.77316 0.58637 0.181563 0.415003 0.000114023
AC 257 6.95795 6.95795 6.95707
OP 258 0.666292 0.773741 0.598674 0.195246 0.41074 0.000106922
AC 258 9.01682 9.01682 9.01591
OP 259 0.650423 0.771911 0.590294 0.194028 0.409936 0.000111685
AC 259 8.83283 8.83283 8.83195
OP 260 0.642216 0.77692 0.588755 0.187701 0.411038 0.000112393
AC 260 8.01261 8.01261 8.01167
OP 261 0.662543 0.755564 0.591408 0.194506 0.413146 0.00011227
AC 261 8.47713 8.47713 8.47637
OP 262 0.632286 0.782696 0.593783 0.185842 0.412487 0.000109485
AC 262 8.73151 8.73151 8.73054
OP 263 0.643476 0.77347 0.599292 0.185636 0.408627 0.000106625
AC 263 6.5783 6.5783 6.57733
OP 264 0.637386 0.7662 0.597399 0.18603 0.411153 0.000107935
AC 264 7.73024 7.73024 7.7294
OP 265 0.632715 0.775282 0.591026 0.188596 0.41331 0.000111315
AC 265 7.61475 7.61475 7.61378
OP 266 0.648368 0.768659 0.58057 0.187789 0.41581 0.000117782
AC 266 7.35921 7.35921 7.35844
OP 267 0.642267 0.770459 0.591805 0.190748 0.413641 0.000110337
AC 267 8.56821 8.56821 8.56726
OP 268 0.637449 0.775819 0.590281 0.183854 0.413899 0.000111513
AC 268 6.95935 6.95935 6.95842
OP 269 0.646736 0.761789 0.584263 0.200025 0.416552 0.000115552
AC 269 7.36589 7.36589 7.36512
OP 270 0.644559 0.776713 0.588375 0.185451 0.41432 0.000112839
AC 270 8.47602 8.47602 8.47516
OP 271 0.648999 0.767369 0.582568 0.189148 0.417002 0.000117132
AC 271 8.04704 8.04704 8.04623
OP 272 0.650533 0.765098 0.584049 0.189482 0.416468 0.000115815
AC 272 8.03633 8.03633 8.03556
OP 273 0.646365 0.766245 0.584998 0.182689 0.414941 0.000115508
AC 273 8.31474 8.31474 8.31392
OP 274 0.65419 0.784051 0.595024 0.20328 0.408008 0.000108795
AC 274 8.32042 8.32042 8.31944
OP 275 0.645682 0.759982 0.58091 0.188111 0.417653 0.000118409
AC 275 7.89501 7.89501 7.89429
OP 276 0.660976 0.783322 0.590191 0.199001 0.408631 0.000110665
AC 276 9.42645 9.42645 9.42542
OP 277 0.644559 0.771033 0.579793 0.191493 0.418136 0.000118375
AC 277 8.08933 8.08933 8.08852
OP 278 0.646977 0.781644 0.598527 0.198096 0.408895 0.000106789
AC 278 8.90148 8.90148 8.90047
OP 279 0.645988 0.771354 0.586487 0.191392 0.414357 0.00011386
AC 279 7.79454 7.79454 7.79371
OP 280 0.639998 0.763045 0.578974 0.187219 0.417423 0.0001194
AC 280 7.84766 7.84766 7.84691
OP 281 0.644546 0.784745 0.602856 0.193913 0.407006 0.000103898
AC 281 8.59625 8.59625 8.59517
OP 282 0.65981 0.784716 0.601758 0.206111 0.407205 0.000104107
AC 282 9.54267 9.54267 9.54157
OP 283 0.63457 0.768382 0.590384 0.188872 0.41372 0.000111943
AC 283 8.12892 8.12892 8.1281
OP 284 0.634464 0.765606 0.593291 0.186944 0.410326 0.000110514
AC 284 7.01025 7.01025 7.00941
OP 285 0.643473 0.778262 0.599795 0.195009 0.408756 0.000105879
AC 285 8.02567 8.02567 8.0247
OP 286 0.644817 0.778771 0.588365 0.194522 0.414897 0.00011193
AC 286 8.72298 8.72298 8.72202
OP 287 0.657887 0.782993 0.598352 0.202311 0.408928 0.000106333
AC 287 9.29371 9.29371 9.29266
OP 288 0.639073 0.776262 0.588664 0.180185 0.413579 0.000112925
AC 288 8.55415 8.55415 8.55323
OP 289 0.639587 0.77961 0.602348 0.19528 0.406874 0.000104713
AC 289 7.4795 7.4795 7.47846
OP 290 0.636025 0.763334 0.584448 0.186004 0.418634 0.000116513
AC 290 7.65937 7.65937 7.65859
OP 291 0.642608 0.76331 0.58595 0.185601 0.418531 0.000115444
AC 291 9.16063 9.16063 9.15984
OP 292 0.634987 0.764397 0.576027 0.176494 0.421479 0.000121564
AC 292 7.3988 7.3988 7.39804
OP 293 0.648085 0.766943 0.583917 0.184727 0.418688 0.000116846
AC 293 8.57333 8.57333 8.57253
OP 294 0.649864 0.776259 0.588958 0.194672 0.413444 0.000111825
AC 294 8.48894 8.48894 8.48798
OP 295 0.640496 0.77459 0.587625 0.191799 0.413592 0.000113265
AC 295 9.10019 9.10019 9.09929
OP 296 0.646943 0.779478 0.590783 0.193082 0.412991 0.000110627
AC 296 8.05644 8.05644 8.0555
OP 297 0.63894 0.760992 0.584992 0.18171 0.415202 0.000115823
AC 297 8.20756 8.20756 8.20679
OP 298 0.652754 0.762151 0.580388 0.189369 0.416701 0.000117793
AC 298 7.03639 7.03639 7.03564
OP 299 0.64722 0.764612 0.574926 0.183838 0.422782 0.000121902
AC 299 7.81351 7.81351 7.81274
