OP 0 0.591416 0.588441 0.411962 0.168736 0.401708 0.000109748
AC 0 2.48574 2.48574 2.48528
OP 1 0.581317 0.605404 0.429916 0.166773 0.394534 0.000100162
AC 1 3.608 3.608 3.60741
OP 2 0.580396 0.618773 0.422587 0.163088 0.396949 0.000103487
AC 2 6.58368 6.58368 6.58302
OP 3 0.580453 0.603782 0.424587 0.161203 0.394268 0.000102965
AC 3 2.97557 2.97557 2.97501
OP 4 0.591108 0.614694 0.426412 0.170355 0.393442 0.000102085
AC 4 5.47711 5.47711 5.4765
OP 5 0.580329 0.613689 0.43778 0.167758 0.388191 9.62787E-05
AC 5 4.26464 4.26464 4.26396
OP 6 0.594705 0.609741 0.423949 0.174962 0.393266 0.000102852
AC 6 6.43584 6.43584 6.43524
OP 7 0.58562 0.613347 0.427732 0.162675 0.39387 0.000100922
AC 7 6.22071 6.22071 6.22009
OP 8 0.59539 0.603287 0.419605 0.170135 0.399464 0.000104984
AC 8 4.67996 4.67996 4.67938
OP 9 0.59383 0.615977 0.428794 0.166427 0.39188 0.000100497
AC 9 5.31832 5.31832 5.31767
OP 10 0.574727 0.609942 0.417871 0.164913 0.399718 0.000105927
AC 10 4.57066 4.57066 4.57007
OP 11 0.58719 0.610517 0.427401 0.165816 0.394326 0.000101669
AC 11 3.95894 3.95894 3.9583
OP 12 0.569072 0.597502 0.426997 0.155599 0.396327 0.00010262
AC 12 -0.892122 -0.892122 -0.892698
OP 13 0.592002 0.613833 0.430673 0.167434 0.393386 9.95227E-05
AC 13 6.58285 6.58285 6.58217
OP 14 0.56025 0.606183 0.422157 0.156254 0.396783 0.000103892
AC 14 1.41068 1.41068 1.4101
OP 15 0.585634 0.606363 0.409111 0.159196 0.404012 0.000110645
AC 15 4.3477 4.3477 4.34716
OP 16 0.578243 0.624055 0.432733 0.165255 0.391479 9.86675E-05
AC 16 7.30011 7.30011 7.2994
OP 17 0.573897 0.613846 0.426007 0.157239 0.395648 0.000102019
AC 17 3.84831 3.84831 3.84764
OP 18 0.5702 0.614079 0.427551 0.160223 0.393575 0.000100996
AC 18 4.39004 4.39004 4.38939
OP 19 0.574868 0.610942 0.426745 0.162973 0.394864 0.000101932
AC 19 4.00769 4.00769 4.00713
OP 20 0.578858 0.606618 0.427355 0.162179 0.392488 0.000101385
AC 20 4.31889 4.31889 4.31829
OP 21 0.576061 0.609837 0.428538 0.160592 0.392836 0.000100526
AC 21 2.31041 2.31041 2.30978
OP 22 0.578838 0.611879 0.425146 0.158875 0.393442 0.000102298
AC 22 2.99951 2.99951 2.99887
OP 23 0.574844 0.617899 0.42961 0.161639 0.392064 9.98912E-05
AC 23 4.32421 4.32421 4.32351
OP 24 0.582683 0.611247 0.42486 0.154875 0.395529 0.000102491
AC 24 4.09942 4.09942 4.09877
OP 25 0.569555 0.603737 0.41167 0.15652 0.401027 0.000109633
AC 25 3.39175 3.39175 3.39122
OP 26 0.583637 0.603319 0.409881 0.160889 0.404717 0.000110479
AC 26 3.10187 3.10187 3.10133
OP 27 0.560955 0.602604 0.422682 0.146692 0.399798 0.000104368
AC 27 -3.78023 -3.78023 -3.7808
OP 28 0.580622 0.605401 0.419679 0.148727 0.398364 0.000105234
AC 28 -0.577632 -0.577632 -0.578234
OP 29 0.576129 0.62751 0.431946 0.164189 0.390006 9.81059E-05
AC 29 6.82372 6.82372 6.82299
OP 30 0.575459 0.61218 0.417972 0.157536 0.399686 0.000105718
AC 30 6.21773 6.21773 6.21713
OP 31 0.590304 0.614577 0.420626 0.168946 0.397501 0.000104661
AC 31 5.72868 5.72868 5.7281
OP 32 0.593712 0.610666 0.420729 0.163897 0.39536 0.000104554
AC 32 6.5661 6.5661 6.56549
OP 33 0.579659 0.622027 0.426126 0.164793 0.393595 0.0001015
AC 33 6.60424 6.60424 6.60354
OP 34 0.584663 0.611237 0.438164 0.16414 0.386862 9.62695E-05
AC 34 3.99039 3.99039 3.98972
OP 35 0.583006 0.601349 0.41453 0.152912 0.398585 0.000108303
AC 35 -0.988577 -0.988577 -0.989167
OP 36 0.592858 0.605429 0.426714 0.160788 0.393855 0.000102285
AC 36 2.50616 2.50616 2.50554
OP 37 0.601976 0.619538 0.425479 0.181174 0.394803 0.000101619
AC 37 7.33302 7.33302 7.33235
OP 38 0.579577 0.629233 0.436552 0.166919 0.386708 9.58235E-05
AC 38 7.15759 7.15759 7.15677
OP 39 0.582325 0.615101 0.439625 0.165984 0.385319 9.50958E-05
AC 39 6.03367 6.03367 6.03297
OP 40 0.585311 0.613914 0.431096 0.168382 0.391764 9.91182E-05
AC 40 5.58007 5.58007 5.5794
OP 41 0.585069 0.618916 0.427791 0.164452 0.393459 0.000101014
AC 41 5.6934 5.6934 5.69272
OP 42 0.580271 0.606638 0.422185 0.163928 0.39625 0.000103966
AC 42 5.32561 5.32561 5.32499
OP 43 0.597567 0.605923 0.425905 0.165235 0.393263 0.00010195
AC 43 3.90219 3.90219 3.90157
OP 44 0.581689 0.599051 0.421254 0.162177 0.399948 0.000104814
AC 44 4.34863 4.34863 4.34807
OP 45 0.563418 0.605317 0.414599 0.151289 0.400209 0.000107907
AC 45 2.35038 2.35038 2.34979
OP 46 0.591031 0.600647 0.415668 0.156995 0.397991 0.000107362
AC 46 3.94272 3.94272 3.94216
OP 47 0.59317 0.615354 0.421334 0.167094 0.395748 0.000103412
AC 47 7.17261 7.17261 7.17195
OP 48 0.588598 0.619867 0.425375 0.168312 0.393113 0.000101655
AC 48 6.95445 6.95445 6.95377
OP 49 0.574349 0.617147 0.419162 0.1624 0.396749 0.000104819
AC 49 5.65629 5.65629 5.65566
OP 50 0.573381 0.611244 0.432551 0.162925 0.394526 9.92541E-05
AC 50 4.46739 4.46739 4.46677
OP 51 0.587553 0.608257 0.428139 0.166715 0.394795 0.00010113
AC 51 4.66173 4.66173 4.66108
OP 52 0.584499 0.592977 0.409448 0.153484 0.402958 0.000110576
AC 52 1.05609 1.05609 1.05559
OP 53 0.578544 0.615391 0.422158 0.161877 0.396578 0.00010356
AC 53 4.05419 4.05419 4.05355
OP 54 0.562791 0.612395 0.420521 0.151386 0.399039 0.000104379
AC 54 3.05288 3.05288 3.05226
OP 55 0.608895 0.596865 0.421303 0.17333 0.396221 0.000104802
AC 55 5.22896 5.22896 5.22841
OP 56 0.577869 0.609211 0.423363 0.16112 0.397383 0.000103327
AC 56 1.64297 1.64297 1.64236
OP 57 0.586843 0.598901 0.420087 0.161453 0.3982 0.000105037
AC 57 4.30798 4.30798 4.30742
OP 58 0.58496 0.624411 0.426221 0.157562 0.393238 0.000101101
AC 58 5.16045 5.16045 5.15973
OP 59 0.596863 0.603087 0.417634 0.166359 0.399759 0.000106107
AC 59 4.53472 4.53472 4.53414
OP 60 0.587161 0.620683 0.430655 0.165668 0.393523 9.92101E-05
AC 60 6.4302 6.4302 6.42952
OP 61 0.590121 0.620733 0.430193 0.169061 0.392802 9.9185E-05
AC 61 6.05223 6.05223 6.05151
OP 62 0.573968 0.599448 0.416431 0.15395 0.399956 0.000107275
AC 62 4.26163 4.26163 4.26106
OP 63 0.602717 0.601238 0.418214 0.168192 0.399226 0.000106256
AC 63 5.69867 5.69867 5.69811
OP 64 0.587593 0.612868 0.424501 0.16649 0.395044 0.000102522
AC 64 5.89386 5.89386 5.89324
OP 65 0.589224 0.602375 0.421182 0.168405 0.398181 0.000105003
AC 65 5.6178 5.6178 5.61723
OP 66 0.585281 0.612799 0.425023 0.163024 0.395986 0.000101803
AC 66 6.17449 6.17449 6.17387
OP 67 0.579564 0.610234 0.424393 0.159324 0.396939 0.00010313
AC 67 4.48578 4.48578 4.48518
OP 68 0.571598 0.611268 0.42525 0.16137 0.394276 0.000102177
AC 68 4.68492 4.68492 4.68432
OP 69 0.590258 0.613754 0.420472 0.165286 0.395239 0.0001042
AC 69 5.18513 5.18513 5.18449
OP 70 0.592454 0.606429 0.415973 0.157492 0.400493 0.000107277
AC 70 6.22069 6.22069 6.22011
OP 71 0.582165 0.607899 0.423492 0.1594 0.396399 0.00010319
AC 71 3.07982 3.07982 3.0792
OP 72 0.584193 0.610262 0.42235 0.161608 0.394884 0.000103161
AC 72 6.50832 6.50832 6.5077
OP 73 0.597099 0.610374 0.418944 0.167049 0.396119 0.000105425
AC 73 5.45754 5.45754 5.45696
OP 74 0.58158 0.611231 0.43182 0.161817 0.393632 9.93624E-05
AC 74 3.55697 3.55697 3.55633
OP 75 0.595324 0.604858 0.421732 0.164991 0.397747 0.000104078
AC 75 6.55084 6.55084 6.55025
OP 76 0.584127 0.616339 0.431901 0.17195 0.392638 9.89965E-05
AC 76 6.01099 6.01099 6.01034
OP 77 0.587759 0.594199 0.42338 0.164059 0.397621 0.000103852
AC 77 2.3978 2.3978 2.39725
OP 78 0.569294 0.611944 0.415897 0.162129 0.403279 0.000107194
AC 78 5.66541 5.66541 5.6648
OP 79 0.591233 0.607381 0.426082 0.161782 0.394987 0.000102413
AC 79 2.8207 2.8207 2.8201
OP 80 0.578459 0.612297 0.431371 0.168199 0.391056 9.94297E-05
AC 80 5.49482 5.49482 5.4942
OP 81 0.582624 0.607133 0.429168 0.165304 0.392951 0.000100794
AC 81 3.99762 3.99762 3.997
OP 82 0.580613 0.610135 0.427165 0.15433 0.393412 0.000101681
AC 82 3.47737 3.47737 3.47674
OP 83 0.589775 0.611796 0.428699 0.162341 0.394373 0.000100585
AC 83 5.23578 5.23578 5.23513
OP 84 0.589915 0.624886 0.430595 0.164335 0.390302 9.89373E-05
AC 84 6.12486 6.12486 6.12414
OP 85 0.565485 0.616412 0.43787 0.158431 0.390433 9.5762E-05
AC 85 2.47019 2.47019 2.46944
OP 86 0.585193 0.625772 0.42959 0.165239 0.392602 9.9609E-05
AC 86 6.73318 6.73318 6.73243
OP 87 0.566721 0.601404 0.419242 0.150275 0.398554 0.000105641
AC 87 -3.30681 -3.30681 -3.30737
OP 88 0.601039 0.613531 0.430189 0.170972 0.392284 9.97993E-05
AC 88 5.75762 5.75762 5.75699
OP 89 0.580542 0.596624 0.418133 0.160689 0.40008 0.000106059
AC 89 1.77229 1.77229 1.77173
OP 90 0.584813 0.609517 0.414151 0.161223 0.401843 0.000107766
AC 90 5.67207 5.67207 5.67149
OP 91 0.587117 0.609057 0.424218 0.165722 0.395009 0.000102966
AC 91 4.14014 4.14014 4.13952
OP 92 0.568742 0.60767 0.427377 0.151424 0.394876 0.000101472
AC 92 1.25831 1.25831 1.25769
OP 93 0.592741 0.606851 0.429924 0.172855 0.393537 0.00010059
AC 93 6.08458 6.08458 6.08398
OP 94 0.566697 0.622848 0.427062 0.165964 0.393583 0.000100758
AC 94 6.28196 6.28196 6.28127
OP 95 0.573297 0.621995 0.439649 0.164094 0.387991 9.49969E-05
AC 95 3.67911 3.67911 3.6784
OP 96 0.595422 0.609015 0.431296 0.164963 0.392457 9.93325E-05
AC 96 4.18848 4.18848 4.18781
OP 97 0.584394 0.604056 0.421701 0.162796 0.397288 0.000104291
AC 97 2.61983 2.61983 2.61926
OP 98 0.584131 0.613899 0.425287 0.172702 0.395099 0.000102405
AC 98 7.46291 7.46291 7.46228
OP 99 0.595208 0.613644 0.431532 0.167429 0.390529 9.9299E-05
AC 99 5.60731 5.60731 5.60665
OP 100 0.58239 0.61334 0.422557 0.170059 0.395409 0.000103175
AC 100 6.63778 6.63778 6.63718
OP 101 0.580216 0.612331 0.418736 0.160514 0.397254 0.000105272
AC 101 4.28264 4.28264 4.28204
OP 102 0.584913 0.60121 0.42361 0.165027 0.396653 0.000103567
AC 102 4.50768 4.50768 4.50711
OP 103 0.570799 0.610879 0.431737 0.160473 0.39212 9.92032E-05
AC 103 3.93867 3.93867 3.93803
OP 104 0.576215 0.604895 0.413867 0.157576 0.400153 0.000107659
AC 104 4.95083 4.95083 4.95025
OP 105 0.591692 0.594666 0.416833 0.15717 0.400269 0.000107073
AC 105 3.84774 3.84774 3.84719
OP 106 0.562021 0.633651 0.438285 0.162645 0.387086 9.47067E-05
AC 106 6.39785 6.39785 6.397
OP 107 0.583796 0.601412 0.42227 0.156217 0.396676 0.000104308
AC 107 3.10061 3.10061 3.10004
OP 108 0.594821 0.60723 0.415548 0.16622 0.399855 0.000107298
AC 108 6.32896 6.32896 6.3284
OP 109 0.588319 0.606448 0.422981 0.167956 0.396334 0.000103397
AC 109 4.81434 4.81434 4.81374
OP 110 0.581837 0.607377 0.427642 0.162601 0.395712 0.000101707
AC 110 5.71159 5.71159 5.71097
OP 111 0.585812 0.607564 0.420996 0.165772 0.398192 0.000104194
AC 111 5.2788 5.2788 5.27817
OP 112 0.573834 0.600467 0.423485 0.155723 0.398504 0.000103841
AC 112 -1.06701 -1.06701 -1.06757
OP 113 0.57375 0.601169 0.417364 0.153307 0.39899 0.000106576
AC 113 1.21327 1.21327 1.2127
OP 114 0.589544 0.598575 0.422118 0.15962 0.399132 0.000104228
AC 114 0.606369 0.606369 0.60579
OP 115 0.590264 0.60399 0.428083 0.163509 0.391633 0.000101016
AC 115 3.92643 3.92643 3.92583
OP 116 0.591174 0.61637 0.424968 0.168239 0.394753 0.000101859
AC 116 6.47271 6.47271 6.47203
OP 117 0.57106 0.603186 0.418628 0.158819 0.39927 0.000105983
AC 117 1.91958 1.91958 1.91903
OP 118 0.581114 0.614649 0.425801 0.161819 0.395315 0.000102122
AC 118 4.28431 4.28431 4.28367
OP 119 0.576485 0.605794 0.424259 0.168382 0.397903 0.00010326
AC 119 4.41148 4.41148 4.4109
OP 120 0.571979 0.613086 0.42219 0.158669 0.395444 0.000103699
AC 120 3.43082 3.43082 3.43018
OP 121 0.576823 0.609519 0.43034 0.156551 0.392411 0.000100095
AC 121 0.937992 0.937992 0.937362
OP 122 0.589696 0.609535 0.427042 0.170173 0.395509 0.00010153
AC 122 5.48321 5.48321 5.48258
OP 123 0.585266 0.611767 0.428388 0.167709 0.393734 0.000100847
AC 123 5.16112 5.16112 5.16049
OP 124 0.591603 0.610848 0.426098 0.166673 0.396524 0.000101738
AC 124 5.68171 5.68171 5.68106
OP 125 0.569728 0.616599 0.423093 0.164107 0.396269 0.000102908
AC 125 5.11399 5.11399 5.11336
OP 126 0.586305 0.61652 0.432239 0.166987 0.3897 9.82141E-05
AC 126 5.80501 5.80501 5.80431
OP 127 0.574746 0.609698 0.419817 0.163255 0.398175 0.000105458
AC 127 4.09543 4.09543 4.09482
OP 128 0.592558 0.606678 0.412863 0.163707 0.400209 0.000108274
AC 128 4.28539 4.28539 4.28483
OP 129 0.58344 0.612764 0.423167 0.154776 0.396357 0.000103515
AC 129 -0.185506 -0.185506 -0.186152
OP 130 0.59607 0.597098 0.416955 0.163603 0.40158 0.000106846
AC 130 2.7089 2.7089 2.70836
OP 131 0.56961 0.620728 0.431108 0.167535 0.393478 9.91793E-05
AC 131 7.27004 7.27004 7.26936
OP 132 0.570965 0.609138 0.418403 0.162542 0.398231 0.00010517
AC 132 5.03311 5.03311 5.0325
OP 133 0.577886 0.605843 0.425373 0.164495 0.39536 0.000102532
AC 133 3.42672 3.42672 3.42612
OP 134 0.59694 0.60462 0.430989 0.171558 0.39017 9.98493E-05
AC 134 5.28571 5.28571 5.28511
OP 135 0.576768 0.601394 0.413433 0.161333 0.404301 0.000108646
AC 135 4.5227 4.5227 4.52216
OP 136 0.584446 0.606348 0.412879 0.168183 0.401046 0.000108982
AC 136 5.10981 5.10981 5.10927
OP 137 0.578451 0.612498 0.423865 0.159897 0.393093 0.000102669
AC 137 5.42476 5.42476 5.42413
OP 138 0.584604 0.614344 0.42873 0.161884 0.391726 0.000100301
AC 138 5.64665 5.64665 5.64597
OP 139 0.585784 0.600308 0.427424 0.167178 0.394847 0.000101372
AC 139 4.865 4.865 4.86442
OP 140 0.589462 0.610916 0.423792 0.167741 0.394812 0.00010301
AC 140 5.78302 5.78302 5.78244
OP 141 0.589067 0.608346 0.421511 0.165552 0.396982 0.000104456
AC 141 4.51896 4.51896 4.51838
OP 142 0.59591 0.593967 0.414739 0.164604 0.401561 0.000108074
AC 142 6.29643 6.29643 6.29593
OP 143 0.582173 0.610581 0.422018 0.156792 0.395015 0.000104013
AC 143 4.89961 4.89961 4.899
OP 144 0.585593 0.609975 0.421098 0.160852 0.395312 0.000103938
AC 144 4.41087 4.41087 4.41026
OP 145 0.565852 0.619332 0.427687 0.153158 0.39535 0.000100683
AC 145 5.17962 5.17962 5.17892
OP 146 0.581639 0.604898 0.414002 0.155591 0.401457 0.000107888
AC 146 4.90255 4.90255 4.90197
OP 147 0.576564 0.610366 0.429038 0.169784 0.391656 0.000100951
AC 147 3.52007 3.52007 3.51944
OP 148 0.588467 0.609443 0.423216 0.164944 0.397426 0.000103631
AC 148 4.10578 4.10578 4.10519
OP 149 0.58663 0.609814 0.421433 0.161855 0.395307 0.000104354
AC 149 4.81458 4.81458 4.81398
OP 150 0.582482 0.611577 0.426293 0.158384 0.393447 0.000101583
AC 150 4.04098 4.04098 4.04034
OP 151 0.570273 0.60811 0.423394 0.159767 0.395393 0.000103662
AC 151 3.3781 3.3781 3.37751
OP 152 0.57996 0.628345 0.435142 0.16848 0.388234 9.67605E-05
AC 152 6.22224 6.22224 6.22142
OP 153 0.586865 0.609439 0.418595 0.155186 0.398094 0.000105592
AC 153 5.84604 5.84604 5.84542
OP 154 0.589097 0.599158 0.410155 0.163841 0.402455 0.000110442
AC 154 4.45314 4.45314 4.45262
OP 155 0.584218 0.605633 0.415868 0.162358 0.398998 0.000107191
AC 155 5.71259 5.71259 5.71202
OP 156 0.58413 0.604802 0.416295 0.162493 0.400456 0.00010694
AC 156 5.34332 5.34332 5.34275
OP 157 0.591554 0.603814 0.420384 0.166299 0.397519 0.000105104
AC 157 4.52232 4.52232 4.52177
OP 158 0.576747 0.623119 0.43618 0.169395 0.388515 9.62364E-05
AC 158 6.29284 6.29284 6.29206
OP 159 0.574924 0.59933 0.414806 0.153796 0.401108 0.00010827
AC 159 -0.436377 -0.436377 -0.436934
OP 160 0.583086 0.620236 0.436517 0.163911 0.389193 9.66178E-05
AC 160 4.21218 4.21218 4.21139
OP 161 0.57271 0.616889 0.438794 0.164211 0.389248 9.60478E-05
AC 161 3.4314 3.4314 3.43068
OP 162 0.602559 0.612427 0.423112 0.169843 0.395092 0.000103107
AC 162 6.29481 6.29481 6.29422
OP 163 0.582143 0.614287 0.4278 0.164284 0.39472 0.000101002
AC 163 5.12833 5.12833 5.1277
OP 164 0.574145 0.618008 0.427951 0.157685 0.394924 0.000100537
AC 164 5.2438 5.2438 5.24312
OP 165 0.59954 0.607741 0.42932 0.170012 0.391142 0.000100363
AC 165 3.99145 3.99145 3.99082
OP 166 0.587508 0.615673 0.429932 0.164316 0.391742 9.98317E-05
AC 166 4.03425 4.03425 4.03359
OP 167 0.582177 0.61699 0.426084 0.165105 0.394987 0.000101287
AC 167 5.04466 5.04466 5.04397
OP 168 0.576267 0.608064 0.420567 0.162598 0.398456 0.000104748
AC 168 5.08169 5.08169 5.08112
OP 169 0.595833 0.616943 0.4313 0.174796 0.393117 9.93434E-05
AC 169 6.92361 6.92361 6.92294
OP 170 0.565391 0.613826 0.42873 0.159368 0.39661 0.000100988
AC 170 3.55933 3.55933 3.55868
OP 171 0.569607 0.608384 0.431228 0.164541 0.391958 0.000100114
AC 171 3.66803 3.66803 3.6674
OP 172 0.580378 0.598477 0.426373 0.164097 0.395383 0.000103051
AC 172 2.32409 2.32409 2.32356
OP 173 0.582485 0.617552 0.423496 0.163646 0.395965 0.000103014
AC 173 6.71247 6.71247 6.71178
OP 174 0.576149 0.604999 0.424143 0.163364 0.39677 0.000103244
AC 174 4.61368 4.61368 4.61308
OP 175 0.581215 0.607757 0.41317 0.158492 0.40122 0.000107992
AC 175 5.06235 5.06235 5.06177
OP 176 0.572198 0.616585 0.431086 0.159335 0.392972 9.99212E-05
AC 176 4.23631 4.23631 4.23566
OP 177 0.583779 0.604183 0.420503 0.1652 0.398239 0.000104841
AC 177 4.0692 4.0692 4.06861
OP 178 0.581971 0.619663 0.424416 0.166819 0.394404 0.000102047
AC 178 5.95951 5.95951 5.95884
OP 179 0.583512 0.609676 0.430409 0.160397 0.390287 9.99431E-05
AC 179 3.25369 3.25369 3.25306
OP 180 0.574204 0.599549 0.414868 0.156831 0.40024 0.000108457
AC 180 4.38172 4.38172 4.38119
OP 181 0.593596 0.616389 0.430667 0.163985 0.392408 9.93756E-05
AC 181 3.85815 3.85815 3.85745
OP 182 0.571125 0.614188 0.427877 0.165693 0.39412 0.000101036
AC 182 5.31883 5.31883 5.3182
OP 183 0.571381 0.611618 0.42674 0.158943 0.3945 0.000101915
AC 183 4.55769 4.55769 4.55708
OP 184 0.577352 0.605647 0.414275 0.157391 0.397343 0.000107644
AC 184 3.10876 3.10876 3.10819
OP 185 0.595761 0.595851 0.420899 0.168075 0.395654 0.000104582
AC 185 5.80466 5.80466 5.80411
OP 186 0.570276 0.615119 0.428857 0.166291 0.3908 0.000100125
AC 186 5.67014 5.67014 5.66949
OP 187 0.576833 0.62358 0.424156 0.160719 0.393584 0.000102111
AC 187 5.62511 5.62511 5.62438
OP 188 0.591544 0.60375 0.417134 0.161945 0.39991 0.000106757
AC 188 5.21743 5.21743 5.21688
OP 189 0.582951 0.606554 0.423427 0.167461 0.396608 0.000103141
AC 189 4.40949 4.40949 4.40887
OP 190 0.586257 0.606758 0.427997 0.169303 0.395498 0.000100977
AC 190 4.84368 4.84368 4.84306
OP 191 0.576943 0.613991 0.426889 0.163934 0.39375 0.00010141
AC 191 4.25015 4.25015 4.24951
OP 192 0.578281 0.601583 0.41629 0.158742 0.400372 0.000107015
AC 192 3.98605 3.98605 3.98552
OP 193 0.586525 0.611647 0.426974 0.166743 0.392814 0.00010096
AC 193 4.87262 4.87262 4.87199
OP 194 0.582066 0.60754 0.426992 0.168005 0.393851 0.000101872
AC 194 5.38277 5.38277 5.38217
OP 195 0.590599 0.605366 0.425312 0.171727 0.398309 0.000102741
AC 195 5.60153 5.60153 5.60095
OP 196 0.573628 0.61545 0.428269 0.160678 0.393429 0.0001002
AC 196 5.12877 5.12877 5.12808
OP 197 0.578796 0.600934 0.419097 0.166921 0.401251 0.000105804
AC 197 1.89687 1.89687 1.89634
OP 198 0.578462 0.602212 0.422145 0.154059 0.400085 0.000104085
AC 198 2.44546 2.44546 2.44489
OP 199 0.570032 0.597614 0.414394 0.152923 0.400762 0.000108623
AC 199 0.0499044 0.0499044 0.0493669
OP 200 0.586916 0.614256 0.42313 0.162155 0.394812 0.000103169
AC 200 5.41091 5.41091 5.41026
OP 201 0.612298 0.598925 0.426281 0.175203 0.394999 0.000102617
AC 201 4.97954 4.97954 4.97899
OP 202 0.592927 0.614013 0.427766 0.166862 0.392761 0.000101249
AC 202 5.63643 5.63643 5.6358
OP 203 0.581052 0.615052 0.423045 0.160574 0.394227 0.000102936
AC 203 5.96442 5.96442 5.96376
OP 204 0.567547 0.602839 0.418515 0.153862 0.398793 0.000105537
AC 204 -0.23062 -0.23062 -0.231214
OP 205 0.586286 0.617071 0.428301 0.166226 0.392666 0.000100139
AC 205 5.57142 5.57142 5.57072
OP 206 0.596095 0.609543 0.420123 0.167735 0.398597 0.000104833
AC 206 6.56091 6.56091 6.56029
OP 207 0.571684 0.599338 0.424019 0.157675 0.399538 0.000103196
AC 207 1.94615 1.94615 1.94555
OP 208 0.586052 0.603205 0.419224 0.165263 0.396959 0.000105596
AC 208 2.86958 2.86958 2.86899
OP 209 0.585703 0.608991 0.417058 0.165633 0.399659 0.000106119
AC 209 7.6325 7.6325 7.63189
OP 210 0.591044 0.610498 0.429388 0.168429 0.392535 0.000100314
AC 210 5.24361 5.24361 5.24296
OP 211 0.594769 0.602979 0.422753 0.170731 0.395977 0.000103759
AC 211 5.27104 5.27104 5.27045
OP 212 0.565716 0.607094 0.425633 0.153962 0.395675 0.000102483
AC 212 -0.156292 -0.156292 -0.156901
OP 213 0.574611 0.613351 0.417686 0.162951 0.399354 0.000105633
AC 213 5.1573 5.1573 5.15671
OP 214 0.579068 0.606844 0.424757 0.153509 0.395426 0.000102401
AC 214 2.05882 2.05882 2.05819
OP 215 0.590988 0.612847 0.430689 0.162358 0.39217 0.000100065
AC 215 4.53803 4.53803 4.53737
OP 216 0.573164 0.614427 0.425262 0.161625 0.394082 0.000101772
AC 216 5.16409 5.16409 5.1634
OP 217 0.586763 0.611357 0.426861 0.168838 0.394751 0.000101376
AC 217 6.26598 6.26598 6.26531
OP 218 0.58196 0.605653 0.422829 0.159555 0.394371 0.000104024
AC 218 4.05455 4.05455 4.05397
OP 219 0.58403 0.612016 0.428386 0.167007 0.393958 0.000100496
AC 219 5.27028 5.27028 5.26963
OP 220 0.585025 0.596338 0.416948 0.16241 0.399987 0.000107091
AC 220 3.84995 3.84995 3.84942
OP 221 0.592517 0.596135 0.415451 0.165783 0.401061 0.000108168
AC 221 4.47266 4.47266 4.47216
OP 222 0.575507 0.623506 0.428509 0.160795 0.392695 0.00010008
AC 222 5.82643 5.82643 5.82568
OP 223 0.575674 0.619012 0.421408 0.159754 0.397141 0.000103865
AC 223 6.44275 6.44275 6.44205
OP 224 0.592736 0.600728 0.415998 0.164809 0.402404 0.000107562
AC 224 4.07259 4.07259 4.07207
OP 225 0.592552 0.58942 0.406648 0.158726 0.407384 0.000112275
AC 225 -1.22058 -1.22058 -1.22108
OP 226 0.585843 0.614285 0.428802 0.164897 0.393966 0.00010009
AC 226 6.05199 6.05199 6.05131
OP 227 0.585331 0.608492 0.429207 0.16521 0.394732 0.000100303
AC 227 4.0961 4.0961 4.09546
OP 228 0.56565 0.633853 0.440094 0.166312 0.387368 9.4353E-05
AC 228 5.96462 5.96462 5.96377
OP 229 0.604121 0.608322 0.42307 0.171688 0.396724 0.000103018
AC 229 6.78472 6.78472 6.78412
OP 230 0.585926 0.611804 0.430497 0.168228 0.390532 9.97134E-05
AC 230 5.06944 5.06944 5.06879
OP 231 0.577888 0.616088 0.423732 0.162551 0.39507 0.000102694
AC 231 6.93867 6.93867 6.93799
OP 232 0.581433 0.616946 0.4312 0.163303 0.392035 9.89506E-05
AC 232 5.46574 5.46574 5.46502
OP 233 0.569984 0.610744 0.426296 0.154958 0.396191 0.00010184
AC 233 2.15066 2.15066 2.15
OP 234 0.595939 0.622294 0.434616 0.174468 0.388497 9.71121E-05
AC 234 7.5433 7.5433 7.54257
OP 235 0.587398 0.613268 0.434694 0.169407 0.390988 9.77589E-05
AC 235 3.921 3.921 3.92035
OP 236 0.599827 0.61379 0.441219 0.18138 0.386285 9.4709E-05
AC 236 6.04805 6.04805 6.04736
OP 237 0.584744 0.602998 0.422294 0.161014 0.397271 0.00010432
AC 237 1.6692 1.6692 1.66862
OP 238 0.580028 0.607053 0.428556 0.16407 0.393017 0.000101052
AC 238 3.86673 3.86673 3.86612
OP 239 0.572925 0.615509 0.420784 0.161011 0.397063 0.000103956
AC 239 6.03101 6.03101 6.03035
OP 240 0.588769 0.63117 0.432658 0.166859 0.387963 9.81606E-05
AC 240 5.97049 5.97049 5.96971
OP 241 0.584314 0.617686 0.424603 0.166082 0.394969 0.000102212
AC 241 4.84432 4.84432 4.84368
OP 242 0.572368 0.622567 0.428789 0.16564 0.391171 0.000100062
AC 242 6.52639 6.52639 6.52567
OP 243 0.568782 0.602393 0.420634 0.152504 0.400027 0.000105336
AC 243 1.82637 1.82637 1.8258
OP 244 0.595663 0.620276 0.427507 0.173136 0.390888 0.000100552
AC 244 7.85067 7.85067 7.84999
OP 245 0.601383 0.608457 0.427202 0.170264 0.392326 0.000101415
AC 245 4.45636 4.45636 4.45579
OP 246 0.588774 0.610963 0.421753 0.167725 0.394788 0.000104117
AC 246 5.2898 5.2898 5.28917
OP 247 0.584545 0.597541 0.416198 0.159686 0.39783 0.000107258
AC 247 3.96194 3.96194 3.96142
OP 248 0.5875 0.608676 0.427301 0.16991 0.39577 0.000101681
AC 248 5.22892 5.22892 5.22831
OP 249 0.580077 0.62379 0.431419 0.16184 0.390388 9.88387E-05
AC 249 5.33087 5.33087 5.33015
OP 250 0.573089 0.594919 0.4186 0.157916 0.398174 0.000106396
AC 250 0.179753 0.179753 0.17924
OP 251 0.578795 0.617318 0.425765 0.161559 0.395463 0.000101691
AC 251 6.66772 6.66772 6.66704
OP 252 0.582992 0.630972 0.428469 0.174172 0.392964 9.99234E-05
AC 252 7.81374 7.81374 7.81301
OP 253 0.577502 0.614317 0.427434 0.165443 0.392206 0.000101177
AC 253 4.17604 4.17604 4.17539
OP 254 0.589595 0.616879 0.426796 0.175387 0.393528 0.000101463
AC 254 8.16603 8.16603 8.16537
OP 255 0.575526 0.6107 0.430342 0.162235 0.394861 9.98191E-05
AC 255 3.24584 3.24584 3.24519
OP 256 0.576535 0.625444 0.438482 0.165783 0.385755 9.51478E-05
AC 256 6.59905 6.59905 6.5983
OP 257 0.572105 0.610425 0.427547 0.15877 0.396771 0.000101656
AC 257 4.16699 4.16699 4.16635
OP 258 0.566423 0.600915 0.425517 0.152182 0.396605 0.000102307
AC 258 0.712435 0.712435 0.711842
OP 259 0.600029 0.606582 0.427307 0.166174 0.394212 0.000101699
AC 259 6.34471 6.34471 6.3441
OP 260 0.596453 0.604938 0.431493 0.171701 0.391708 9.93859E-05
AC 260 5.38086 5.38086 5.38025
OP 261 0.589513 0.598952 0.424583 0.161695 0.396967 0.000103033
AC 261 1.48145 1.48145 1.48089
OP 262 0.570847 0.608265 0.435271 0.155152 0.389678 9.80617E-05
AC 262 -0.114417 -0.114417 -0.11506
OP 263 0.586264 0.624959 0.428197 0.162923 0.393554 0.000100107
AC 263 6.64178 6.64178 6.641
OP 264 0.571026 0.609408 0.422123 0.153194 0.399019 0.000103848
AC 264 2.30679 2.30679 2.3062
OP 265 0.581615 0.619603 0.427264 0.170869 0.393159 0.000101261
AC 265 6.49501 6.49501 6.49439
OP 266 0.599588 0.604666 0.412954 0.173155 0.398774 0.000108595
AC 266 7.84195 7.84195 7.84141
OP 267 0.577861 0.606344 0.423668 0.162402 0.395015 0.000103564
AC 267 3.99098 3.99098 3.99035
OP 268 0.573975 0.608983 0.427108 0.159301 0.39484 0.000101845
AC 268 3.34857 3.34857 3.34798
OP 269 0.560848 0.609289 0.428065 0.154201 0.394401 0.000101021
AC 269 -1.62646 -1.62646 -1.62705
OP 270 0.576422 0.61894 0.43115 0.162222 0.392159 9.8922E-05
AC 270 6.42142 6.42142 6.42069
OP 271 0.578692 0.609371 0.419664 0.159831 0.399757 0.000105452
AC 271 3.91878 3.91878 3.91817
OP 272 0.579014 0.610783 0.426658 0.16628 0.395702 0.00010161
AC 272 4.91964 4.91964 4.91901
OP 273 0.558805 0.606402 0.422506 0.149205 0.398249 0.000103824
AC 273 -0.180938 -0.180938 -0.181506
OP 274 0.578093 0.604676 0.423295 0.152256 0.395691 0.000103402
AC 274 3.58531 3.58531 3.58468
OP 275 0.592991 0.600925 0.423579 0.162846 0.392977 0.000103377
AC 275 3.36441 3.36441 3.36383
OP 276 0.579914 0.615654 0.42834 0.169973 0.393716 0.000100717
AC 276 5.28728 5.28728 5.28662
OP 277 0.584492 0.6063 0.416752 0.158444 0.399962 0.000106595
AC 277 5.70091 5.70091 5.70032
OP 278 0.57122 0.612124 0.421345 0.155048 0.39623 0.000104565
AC 278 4.33366 4.33366 4.33304
OP 279 0.583018 0.610035 0.42039 0.165039 0.397637 0.000104808
AC 279 5.46355 5.46355 5.46296
OP 280 0.581215 0.611503 0.421512 0.158928 0.395034 0.000103773
AC 280 4.17022 4.17022 4.16959
OP 281 0.574943 0.61098 0.418632 0.159295 0.398651 0.000105527
AC 281 5.11583 5.11583 5.1152
OP 282 0.583264 0.606768 0.424718 0.16391 0.393261 0.000102345
AC 282 5.13115 5.13115 5.13052
OP 283 0.56712 0.616205 0.422729 0.162411 0.394404 0.000103045
AC 283 4.57989 4.57989 4.57926
OP 284 0.574384 0.616293 0.426258 0.161241 0.393536 0.000101334
AC 284 4.52568 4.52568 4.525
OP 285 0.576823 0.607824 0.428343 0.154553 0.392724 0.000100685
AC 285 3.0826 3.0826 3.08195
OP 286 0.581437 0.613683 0.432804 0.16367 0.391593 9.8323E-05
AC 286 4.31353 4.31353 4.31287
OP 287 0.587753 0.601714 0.427095 0.168856 0.395997 0.000101899
AC 287 4.756 4.756 4.75544
OP 288 0.573683 0.615894 0.431477 0.164486 0.392747 9.91822E-05
AC 288 5.9792 5.9792 5.97853
OP 289 0.586287 0.606873 0.422367 0.164203 0.394776 0.000103374
AC 289 4.75539 4.75539 4.75477
OP 290 0.581456 0.620222 0.42237 0.158181 0.392708 0.000102675
AC 290 7.18226 7.18226 7.18156
OP 291 0.580024 0.615413 0.434865 0.165403 0.390177 9.73471E-05
AC 291 5.11537 5.11537 5.11466
OP 292 0.579539 0.607702 0.415233 0.153912 0.398718 0.000107842
AC 292 3.9345 3.9345 3.93392
OP 293 0.573949 0.617367 0.421008 0.163976 0.399322 0.000103825
AC 293 5.99078 5.99078 5.99017
OP 294 0.587037 0.614448 0.430838 0.164767 0.391076 9.89948E-05
AC 294 5.18637 5.18637 5.18565
OP 295 0.574579 0.600163 0.424765 0.151956 0.396723 0.000102887
AC 295 3.35111 3.35111 3.35048
OP 296 0.571777 0.616136 0.437064 0.165922 0.390942 9.65859E-05
AC 296 5.48332 5.48332 5.48262
OP 297 0.593352 0.599837 0.418463 0.160009 0.399623 0.000106514
AC 297 1.78807 1.78807 1.78751
OP 298 0.578822 0.606969 0.41693 0.158196 0.398367 0.000106436
AC 298 3.03288 3.03288 3.03227
OP 299 0.599004 0.608776 0.423363 0.170435 0.394485 0.000103304
AC 299 5.83337 5.83337 5.83275
