OP 0 0.642346 0.713961 0.531261 0.198996 0.392461 0.000119902
AC 0 8.21522 8.21522 8.21448
OP 1 0.645852 0.710696 0.536339 0.200826 0.389867 0.000116076
AC 1 7.89708 7.89708 7.89629
OP 2 0.647723 0.721168 0.537282 0.201012 0.389275 0.000114635
AC 2 8.93933 8.93933 8.93845
OP 3 0.630565 0.713362 0.541433 0.18512 0.390265 0.000112476
AC 3 6.77227 6.77227 6.77148
OP 4 0.641745 0.699305 0.523441 0.196905 0.396111 0.000126075
AC 4 7.496 7.496 7.49534
OP 5 0.66243 0.691702 0.520872 0.19894 0.397034 0.000128554
AC 5 7.05257 7.05257 7.05198
OP 6 0.653863 0.724277 0.541431 0.200845 0.389904 0.000111572
AC 6 9.16496 9.16496 9.16397
OP 7 0.639918 0.693224 0.523618 0.188701 0.398385 0.000125836
AC 7 6.56643 6.56643 6.5658
OP 8 0.659426 0.70103 0.537096 0.201275 0.391618 0.000116059
AC 8 6.94475 6.94475 6.94405
OP 9 0.636376 0.71206 0.534759 0.186064 0.395202 0.000116996
AC 9 7.24421 7.24421 7.24336
OP 10 0.654731 0.709833 0.528761 0.194433 0.393624 0.000121526
AC 10 7.84915 7.84915 7.84843
OP 11 0.651776 0.717023 0.53995 0.199577 0.389597 0.000113401
AC 11 8.48667 8.48667 8.4858
OP 12 0.64223 0.720178 0.541427 0.190178 0.387527 0.000111988
AC 12 8.32378 8.32378 8.32289
OP 13 0.643271 0.708085 0.537542 0.200178 0.391187 0.000115582
AC 13 7.27001 7.27001 7.26922
OP 14 0.650912 0.711869 0.53936 0.200564 0.390322 0.00011393
AC 14 7.83636 7.83636 7.83556
OP 15 0.650652 0.70043 0.526481 0.19324 0.396353 0.0001234
AC 15 7.64396 7.64396 7.64326
OP 16 0.642664 0.71637 0.542885 0.198961 0.390096 0.000111172
AC 16 7.61081 7.61081 7.60994
OP 17 0.639764 0.701237 0.527188 0.191301 0.399398 0.000122756
AC 17 7.09243 7.09243 7.09173
OP 18 0.637288 0.705935 0.539815 0.192933 0.391998 0.000114562
AC 18 7.15675 7.15675 7.15603
OP 19 0.650318 0.722624 0.540661 0.2 0.389597 0.00011239
AC 19 8.91862 8.91862 8.91769
OP 20 0.649902 0.716136 0.535855 0.199101 0.390281 0.000116148
AC 20 9.11319 9.11319 9.11231
OP 21 0.66089 0.709343 0.531684 0.206818 0.394164 0.000119126
AC 21 7.95604 7.95604 7.95525
OP 22 0.660829 0.714967 0.534578 0.20382 0.392419 0.000116618
AC 22 8.91576 8.91576 8.91491
OP 23 0.644697 0.720809 0.537205 0.193523 0.389019 0.000114836
AC 23 8.17209 8.17209 8.17119
OP 24 0.654759 0.710105 0.530258 0.204248 0.394537 0.000120474
AC 24 7.94194 7.94194 7.94118
OP 25 0.647696 0.715675 0.542843 0.202571 0.388093 0.000111982
AC 25 8.42899 8.42899 8.4281
OP 26 0.647531 0.707959 0.527197 0.194006 0.395587 0.000122735
AC 26 8.0076 8.0076 8.00687
OP 27 0.650908 0.719768 0.531405 0.200561 0.394003 0.000118923
AC 27 8.45616 8.45616 8.45533
OP 28 0.650232 0.717805 0.537926 0.195097 0.391 0.000114383
AC 28 7.6953 7.6953 7.69447
OP 29 0.641164 0.693885 0.531573 0.185496 0.393662 0.0001199
AC 29 6.33394 6.33394 6.33326
OP 30 0.635345 0.724694 0.544591 0.198369 0.38569 0.000109363
AC 30 8.55365 8.55365 8.55263
OP 31 0.646944 0.707854 0.538874 0.193448 0.389495 0.000114682
AC 31 7.5347 7.5347 7.53394
OP 32 0.643249 0.690481 0.52559 0.187924 0.399774 0.00012523
AC 32 6.09328 6.09328 6.09269
OP 33 0.633939 0.72003 0.543599 0.199457 0.387864 0.000110531
AC 33 8.11788 8.11788 8.11699
OP 34 0.641368 0.705175 0.524264 0.19616 0.396073 0.000125491
AC 34 7.82267 7.82267 7.82198
OP 35 0.649307 0.72669 0.545722 0.210985 0.385126 0.000108478
AC 35 8.59351 8.59351 8.5925
OP 36 0.649886 0.702391 0.531617 0.197294 0.393236 0.00011982
AC 36 6.69021 6.69021 6.68953
OP 37 0.646855 0.714933 0.539309 0.196559 0.392798 0.000114201
AC 37 6.78249 6.78249 6.78168
OP 38 0.641492 0.711666 0.521478 0.190271 0.39719 0.000126579
AC 38 8.56357 8.56357 8.56286
OP 39 0.648067 0.71785 0.521077 0.201997 0.396573 0.000126658
AC 39 8.96688 8.96688 8.96608
OP 40 0.633278 0.717477 0.535398 0.198536 0.391896 0.000116726
AC 40 7.97096 7.97096 7.97015
OP 41 0.633981 0.706124 0.539514 0.189039 0.392067 0.00011449
AC 41 7.47153 7.47153 7.47075
OP 42 0.64144 0.706158 0.52404 0.190669 0.397418 0.000125025
AC 42 8.28807 8.28807 8.2874
OP 43 0.654121 0.69698 0.521222 0.201545 0.397311 0.000127754
AC 43 7.20395 7.20395 7.20336
OP 44 0.659445 0.70339 0.533514 0.200036 0.392903 0.000119026
AC 44 7.51345 7.51345 7.51276
OP 45 0.64719 0.712748 0.520912 0.185716 0.399565 0.000127914
AC 45 8.70843 8.70843 8.70769
OP 46 0.633029 0.718478 0.544354 0.196748 0.387818 0.000109885
AC 46 7.19863 7.19863 7.19769
OP 47 0.658574 0.707739 0.524047 0.198126 0.395233 0.000124297
AC 47 8.73009 8.73009 8.72927
OP 48 0.659702 0.703298 0.522399 0.19583 0.396559 0.000126191
AC 48 8.48213 8.48213 8.48144
OP 49 0.650404 0.726877 0.540518 0.205166 0.389337 0.000112339
AC 49 9.26794 9.26794 9.26694
OP 50 0.663553 0.695101 0.525847 0.200745 0.395715 0.000125238
AC 50 7.7458 7.7458 7.74517
OP 51 0.635537 0.720472 0.550836 0.192329 0.386756 0.00010618
AC 51 7.95556 7.95556 7.95461
OP 52 0.635977 0.699884 0.531721 0.181561 0.396125 0.000120898
AC 52 7.08462 7.08462 7.084
OP 53 0.644768 0.709113 0.538227 0.191326 0.391178 0.000114746
AC 53 7.29214 7.29214 7.29133
OP 54 0.649876 0.717087 0.544654 0.199155 0.387844 0.000109785
AC 54 7.72299 7.72299 7.72209
OP 55 0.630373 0.737743 0.541693 0.205198 0.389496 0.000110797
AC 55 9.86641 9.86641 9.86531
OP 56 0.63764 0.714032 0.536049 0.19302 0.390748 0.000116036
AC 56 8.23945 8.23945 8.23863
OP 57 0.63293 0.689822 0.519528 0.184408 0.399967 0.000130054
AC 57 5.73815 5.73815 5.73759
OP 58 0.6441 0.713374 0.535567 0.192954 0.391632 0.000116021
AC 58 7.359 7.359 7.35817
OP 59 0.642976 0.727997 0.540785 0.197677 0.389803 0.000112348
AC 59 8.7561 8.7561 8.75514
OP 60 0.63907 0.717095 0.543517 0.195673 0.390169 0.000110565
AC 60 7.54751 7.54751 7.5466
OP 61 0.651851 0.716459 0.535857 0.198641 0.394841 0.000116794
AC 61 8.59509 8.59509 8.59424
OP 62 0.635777 0.702913 0.525708 0.190643 0.397328 0.000124043
AC 62 7.54267 7.54267 7.54195
OP 63 0.654936 0.697109 0.527162 0.197645 0.395211 0.00012371
AC 63 6.97392 6.97392 6.97326
OP 64 0.655381 0.696069 0.528765 0.199503 0.394407 0.000122329
AC 64 7.43877 7.43877 7.43809
OP 65 0.674125 0.705676 0.532906 0.203086 0.392616 0.000118581
AC 65 8.51148 8.51148 8.51072
OP 66 0.644436 0.721154 0.540896 0.196209 0.39094 0.000112155
AC 66 8.45808 8.45808 8.4572
OP 67 0.631228 0.711326 0.534119 0.187944 0.393283 0.000117834
AC 67 7.83478 7.83478 7.83401
OP 68 0.644891 0.712274 0.514375 0.195292 0.401433 0.000131562
AC 68 8.88493 8.88493 8.88416
OP 69 0.662263 0.711715 0.532344 0.2049 0.39181 0.000118158
AC 69 8.67382 8.67382 8.673
OP 70 0.657922 0.706096 0.538739 0.195621 0.390508 0.000114583
AC 70 7.95592 7.95592 7.9551
OP 71 0.650031 0.71946 0.535998 0.196104 0.388989 0.000115764
AC 71 8.24858 8.24858 8.2477
OP 72 0.654368 0.711933 0.537769 0.19786 0.389621 0.000114644
AC 72 8.10852 8.10852 8.10775
OP 73 0.65562 0.704163 0.542139 0.208648 0.388321 0.000112564
AC 73 6.95082 6.95082 6.95011
OP 74 0.65153 0.703096 0.536227 0.1991 0.390178 0.000116581
AC 74 7.95062 7.95062 7.94983
OP 75 0.652697 0.721611 0.528136 0.201943 0.39361 0.000121459
AC 75 8.93564 8.93564 8.93482
OP 76 0.631065 0.709612 0.522236 0.184732 0.396135 0.000125907
AC 76 7.25469 7.25469 7.25399
OP 77 0.627941 0.701884 0.527725 0.182734 0.396171 0.000123059
AC 77 6.44147 6.44147 6.44083
OP 78 0.642891 0.716499 0.532232 0.195867 0.391798 0.000118386
AC 78 8.4567 8.4567 8.45591
OP 79 0.649351 0.698019 0.53781 0.197776 0.390567 0.000115405
AC 79 6.5036 6.5036 6.5029
OP 80 0.644912 0.722061 0.544551 0.208439 0.388546 0.000109687
AC 80 8.07016 8.07016 8.06926
OP 81 0.636657 0.723826 0.537208 0.195185 0.390849 0.000114481
AC 81 8.34092 8.34092 8.34004
OP 82 0.655463 0.691129 0.532014 0.195799 0.394571 0.000120694
AC 82 6.80199 6.80199 6.80134
OP 83 0.646909 0.703718 0.534475 0.195049 0.392126 0.000118026
AC 83 7.43018 7.43018 7.42945
OP 84 0.654526 0.722317 0.534951 0.200584 0.391454 0.000116233
AC 84 9.48802 9.48802 9.48709
OP 85 0.645467 0.707167 0.530227 0.198707 0.394072 0.000121176
AC 85 7.73329 7.73329 7.73252
OP 86 0.646426 0.704986 0.529359 0.190984 0.396339 0.000121376
AC 86 7.34245 7.34245 7.34173
OP 87 0.657403 0.717843 0.536672 0.202078 0.390383 0.000115334
AC 87 8.62292 8.62292 8.62205
OP 88 0.65871 0.7173 0.530337 0.203491 0.394187 0.00011994
AC 88 8.39205 8.39205 8.39129
OP 89 0.637618 0.708221 0.532919 0.198079 0.393344 0.000118606
AC 89 7.52778 7.52778 7.52702
OP 90 0.646662 0.707009 0.530576 0.197252 0.393607 0.000119917
AC 90 6.96149 6.96149 6.96078
OP 91 0.642782 0.715925 0.531506 0.196105 0.394582 0.000119408
AC 91 8.85164 8.85164 8.85078
OP 92 0.649506 0.716739 0.526681 0.195657 0.393784 0.000122177
AC 92 9.05193 9.05193 9.05111
OP 93 0.647077 0.710227 0.547673 0.204108 0.386962 0.000107982
AC 93 7.79114 7.79114 7.7903
OP 94 0.653605 0.710511 0.521784 0.195809 0.396743 0.000126848
AC 94 8.31431 8.31431 8.31362
OP 95 0.654655 0.699726 0.523448 0.194754 0.397373 0.000125768
AC 95 7.39482 7.39482 7.39417
OP 96 0.656495 0.697776 0.524235 0.191292 0.39568 0.000125722
AC 96 8.39362 8.39362 8.39294
OP 97 0.647494 0.698965 0.527439 0.197076 0.395186 0.000123146
AC 97 6.91754 6.91754 6.91687
OP 98 0.65041 0.694251 0.526051 0.189665 0.397546 0.000124163
AC 98 6.2222 6.2222 6.22157
OP 99 0.632645 0.724493 0.530966 0.198641 0.392579 0.000118514
AC 99 8.90546 8.90546 8.90456
OP 100 0.65441 0.715244 0.535274 0.201939 0.39197 0.000116801
AC 100 8.82904 8.82904 8.82821
OP 101 0.640231 0.710054 0.527392 0.194564 0.394026 0.00012223
AC 101 7.90579 7.90579 7.90504
OP 102 0.632565 0.712994 0.537908 0.19313 0.390917 0.000115108
AC 102 7.40038 7.40038 7.39957
OP 103 0.658672 0.71681 0.538057 0.206613 0.390962 0.000114492
AC 103 8.13996 8.13996 8.13918
OP 104 0.657733 0.718495 0.524699 0.197392 0.394518 0.000123834
AC 104 9.31133 9.31133 9.31053
OP 105 0.641801 0.715452 0.540326 0.191381 0.390164 0.000112433
AC 105 6.36899 6.36899 6.36812
OP 106 0.663009 0.706399 0.531975 0.209253 0.394979 0.000119764
AC 106 7.63364 7.63364 7.63293
OP 107 0.667476 0.713857 0.537485 0.208354 0.390529 0.000114255
AC 107 7.9653 7.9653 7.96446
OP 108 0.65128 0.716422 0.533719 0.199564 0.393315 0.000117519
AC 108 9.06658 9.06658 9.0657
OP 109 0.644317 0.705817 0.518359 0.197615 0.397003 0.000129608
AC 109 8.41421 8.41421 8.41351
OP 110 0.63656 0.711724 0.527861 0.198081 0.390816 0.000122121
AC 110 7.82496 7.82496 7.82424
OP 111 0.639262 0.691277 0.519707 0.18839 0.400876 0.000129106
AC 111 6.42514 6.42514 6.42454
OP 112 0.638657 0.711774 0.529721 0.200007 0.392883 0.000120766
AC 112 7.77447 7.77447 7.77378
OP 113 0.640339 0.714977 0.538181 0.195111 0.391129 0.000115163
AC 113 8.04447 8.04447 8.04368
OP 114 0.650142 0.717987 0.53932 0.206078 0.390142 0.000113599
AC 114 8.67714 8.67714 8.67631
OP 115 0.654741 0.687733 0.526898 0.193108 0.397752 0.00012485
AC 115 5.72617 5.72617 5.7256
OP 116 0.655781 0.697552 0.524242 0.20122 0.395728 0.00012574
AC 116 7.23856 7.23856 7.23791
OP 117 0.649721 0.713562 0.543658 0.193292 0.387014 0.00011055
AC 117 7.78572 7.78572 7.78485
OP 118 0.632169 0.71133 0.537524 0.193003 0.389353 0.000115145
AC 118 8.44391 8.44391 8.44305
OP 119 0.645295 0.704433 0.522686 0.1917 0.398549 0.000126532
AC 119 8.4445 8.4445 8.44377
OP 120 0.658156 0.716434 0.537279 0.202631 0.388256 0.000114857
AC 120 8.85923 8.85923 8.85833
OP 121 0.644643 0.719786 0.545034 0.203449 0.3874 0.00010956
AC 121 7.93422 7.93422 7.93332
OP 122 0.66179 0.714398 0.537712 0.208757 0.390044 0.000114826
AC 122 8.13407 8.13407 8.13326
OP 123 0.644114 0.70241 0.526288 0.193506 0.396769 0.000123416
AC 123 6.71279 6.71279 6.71211
OP 124 0.63684 0.700802 0.5241 0.198314 0.394561 0.00012567
AC 124 7.06851 7.06851 7.06786
OP 125 0.648753 0.709114 0.534311 0.202201 0.38934 0.00011749
AC 125 8.57423 8.57423 8.57343
OP 126 0.643244 0.709812 0.527609 0.196449 0.395024 0.000122457
AC 126 7.55542 7.55542 7.5547
OP 127 0.659109 0.707384 0.53263 0.196515 0.391273 0.000118996
AC 127 8.25112 8.25112 8.25034
OP 128 0.658555 0.702624 0.522956 0.194486 0.397348 0.000126702
AC 128 7.87422 7.87422 7.87358
OP 129 0.653574 0.71748 0.536847 0.198523 0.387884 0.000115059
AC 129 8.40099 8.40099 8.40014
OP 130 0.646932 0.714411 0.525047 0.199308 0.394968 0.000123262
AC 130 9.03088 9.03088 9.03006
OP 131 0.636702 0.704523 0.526505 0.191675 0.395519 0.000123851
AC 131 7.65276 7.65276 7.65208
OP 132 0.643633 0.70735 0.532914 0.198412 0.393122 0.000118447
AC 132 8.1118 8.1118 8.11103
OP 133 0.652473 0.692431 0.518764 0.188549 0.399763 0.000130097
AC 133 6.41953 6.41953 6.41897
OP 134 0.651488 0.718143 0.546968 0.203994 0.386262 0.000108373
AC 134 7.69017 7.69017 7.68927
OP 135 0.645296 0.709038 0.534069 0.196521 0.392348 0.000118112
AC 135 7.45284 7.45284 7.45207
OP 136 0.643907 0.710174 0.52773 0.195616 0.394472 0.000122637
AC 136 7.73701 7.73701 7.73628
OP 137 0.655199 0.699159 0.518215 0.195957 0.39912 0.000129667
AC 137 8.23761 8.23761 8.23694
OP 138 0.647908 0.710902 0.542699 0.199755 0.386209 0.000111824
AC 138 8.78551 8.78551 8.78464
OP 139 0.654472 0.714241 0.532156 0.195204 0.391365 0.000118403
AC 139 8.7385 8.7385 8.73762
OP 140 0.659211 0.717274 0.534966 0.210566 0.391931 0.000116815
AC 140 8.40389 8.40389 8.40307
OP 141 0.650552 0.723391 0.534321 0.199835 0.391051 0.00011667
AC 141 8.659 8.659 8.65811
OP 142 0.650066 0.706721 0.524172 0.191973 0.395398 0.000125122
AC 142 7.8535 7.8535 7.85279
OP 143 0.631639 0.709048 0.528135 0.182409 0.394409 0.00012221
AC 143 7.00138 7.00138 7.00069
OP 144 0.641989 0.718948 0.539095 0.199419 0.388396 0.000113095
AC 144 8.89753 8.89753 8.89665
OP 145 0.647775 0.706786 0.526092 0.198067 0.393298 0.000122957
AC 145 8.19719 8.19719 8.19646
OP 146 0.648761 0.713921 0.532023 0.204668 0.393695 0.000118843
AC 146 7.93137 7.93137 7.9306
OP 147 0.642204 0.713727 0.535748 0.203508 0.388495 0.0001166
AC 147 8.07247 8.07247 8.0717
OP 148 0.643911 0.706365 0.534836 0.197616 0.39135 0.000117382
AC 148 7.12132 7.12132 7.12061
OP 149 0.633101 0.725239 0.538713 0.195696 0.389017 0.000113472
AC 149 8.60326 8.60326 8.60231
OP 150 0.640611 0.6991 0.534146 0.190503 0.393784 0.000118854
AC 150 7.03418 7.03418 7.03353
OP 151 0.643025 0.691577 0.517815 0.192602 0.398013 0.000130591
AC 151 6.04661 6.04661 6.04604
OP 152 0.652516 0.706276 0.535011 0.200783 0.390703 0.000116892
AC 152 7.19861 7.19861 7.19786
OP 153 0.639656 0.711816 0.529628 0.193967 0.394321 0.000120098
AC 153 8.50212 8.50212 8.50132
OP 154 0.633004 0.723139 0.524036 0.196969 0.395227 0.000124079
AC 154 9.30918 9.30918 9.30839
OP 155 0.640017 0.704318 0.527802 0.1955 0.392753 0.000122508
AC 155 8.1903 8.1903 8.18957
OP 156 0.649574 0.700017 0.525821 0.198793 0.397435 0.000123828
AC 156 7.44236 7.44236 7.44171
OP 157 0.669084 0.702001 0.524648 0.20164 0.397224 0.000124837
AC 157 8.07692 8.07692 8.07627
OP 158 0.641676 0.699701 0.529985 0.193388 0.39509 0.000121724
AC 158 6.90559 6.90559 6.9049
OP 159 0.652467 0.70482 0.524811 0.192123 0.397006 0.000124851
AC 159 7.60327 7.60327 7.60258
OP 160 0.653265 0.696147 0.523396 0.195136 0.396632 0.000126455
AC 160 5.8544 5.8544 5.85382
OP 161 0.648592 0.725377 0.543191 0.205066 0.386516 0.00011009
AC 161 8.89684 8.89684 8.89586
OP 162 0.646936 0.706417 0.533476 0.194292 0.393057 0.00011822
AC 162 7.9666 7.9666 7.96583
OP 163 0.63347 0.703017 0.53121 0.189526 0.392803 0.00011996
AC 163 7.10638 7.10638 7.10564
OP 164 0.641465 0.717353 0.540996 0.206944 0.38751 0.000112176
AC 164 7.55505 7.55505 7.55416
OP 165 0.661706 0.694035 0.52312 0.198297 0.398525 0.000126502
AC 165 6.91417 6.91417 6.91359
OP 166 0.637349 0.725421 0.542465 0.20102 0.389184 0.000111428
AC 166 7.97099 7.97099 7.9701
OP 167 0.633304 0.702395 0.534227 0.185686 0.393852 0.000118841
AC 167 5.89976 5.89976 5.8991
OP 168 0.638018 0.702843 0.527209 0.19172 0.396502 0.000123093
AC 168 7.15056 7.15056 7.14987
OP 169 0.657283 0.705109 0.540119 0.198996 0.38858 0.000113802
AC 169 6.63007 6.63007 6.62929
OP 170 0.638828 0.707234 0.533264 0.196363 0.393095 0.000118261
AC 170 6.49129 6.49129 6.49057
OP 171 0.635814 0.709638 0.539033 0.191939 0.391734 0.000114656
AC 171 8.16311 8.16311 8.16234
OP 172 0.652389 0.712849 0.533248 0.202259 0.390578 0.000117922
AC 172 8.06072 8.06072 8.05991
OP 173 0.649657 0.714594 0.542167 0.198851 0.388816 0.000111268
AC 173 8.42372 8.42372 8.42282
OP 174 0.644954 0.698833 0.52713 0.196686 0.394138 0.000123499
AC 174 6.31734 6.31734 6.31668
OP 175 0.645839 0.709196 0.523613 0.192941 0.395276 0.000125071
AC 175 7.90848 7.90848 7.90774
OP 176 0.641966 0.713232 0.540086 0.197578 0.390013 0.000113845
AC 176 7.45492 7.45492 7.45411
OP 177 0.651037 0.717499 0.533683 0.197713 0.391834 0.000117439
AC 177 8.4585 8.4585 8.45762
OP 178 0.654319 0.707969 0.523999 0.19768 0.394243 0.000124835
AC 178 8.5932 8.5932 8.59245
OP 179 0.652922 0.716096 0.531578 0.205862 0.390775 0.000118669
AC 179 8.98941 8.98941 8.98852
OP 180 0.638261 0.700297 0.523687 0.194313 0.398758 0.000125879
AC 180 5.50166 5.50166 5.50102
OP 181 0.642428 0.710211 0.541718 0.195113 0.388437 0.000111972
AC 181 7.1836 7.1836 7.1828
OP 182 0.654743 0.70833 0.523263 0.194339 0.395038 0.000125232
AC 182 9.15126 9.15126 9.1505
OP 183 0.645259 0.713932 0.53347 0.20096 0.391843 0.000117557
AC 183 8.35532 8.35532 8.35447
OP 184 0.650958 0.716759 0.527559 0.198748 0.393805 0.000121724
AC 184 9.35278 9.35278 9.35194
OP 185 0.654657 0.700732 0.529414 0.194419 0.391866 0.000121249
AC 185 7.73385 7.73385 7.73313
OP 186 0.656712 0.71963 0.536441 0.197366 0.392164 0.000115625
AC 186 9.02289 9.02289 9.02197
OP 187 0.649169 0.712254 0.533561 0.201761 0.389834 0.000117853
AC 187 8.18693 8.18693 8.18616
OP 188 0.646089 0.718576 0.542024 0.195014 0.388 0.00011213
AC 188 7.96365 7.96365 7.96275
OP 189 0.639248 0.701695 0.524951 0.185986 0.394608 0.000125584
AC 189 6.64167 6.64167 6.64104
OP 190 0.657738 0.707925 0.526318 0.202801 0.393107 0.000122813
AC 190 8.6557 8.6557 8.65495
OP 191 0.629005 0.714832 0.534933 0.196115 0.39042 0.00011705
AC 191 7.96875 7.96875 7.96793
OP 192 0.637668 0.71356 0.536852 0.194627 0.391854 0.000115587
AC 192 8.12587 8.12587 8.12505
OP 193 0.646039 0.713622 0.536669 0.18876 0.390541 0.000115277
AC 193 8.10154 8.10154 8.10068
OP 194 0.640429 0.692935 0.520678 0.179185 0.398703 0.0001282
AC 194 6.94758 6.94758 6.94695
OP 195 0.638965 0.709717 0.542836 0.200363 0.386713 0.000112006
AC 195 6.65985 6.65985 6.65911
OP 196 0.658496 0.706944 0.520448 0.207996 0.39765 0.000127419
AC 196 8.57743 8.57743 8.57675
OP 197 0.639585 0.698795 0.523379 0.192966 0.397737 0.000125894
AC 197 7.2211 7.2211 7.22045
OP 198 0.651588 0.704459 0.531117 0.200726 0.393213 0.000120305
AC 198 8.09369 8.09369 8.09294
OP 199 0.639851 0.706866 0.535019 0.185263 0.394069 0.000118068
AC 199 5.90807 5.90807 5.90735
OP 200 0.66311 0.710937 0.533499 0.198565 0.393347 0.000118414
AC 200 8.15557 8.15557 8.15477
OP 201 0.652262 0.711355 0.535472 0.209772 0.391357 0.000116482
AC 201 7.67858 7.67858 7.6778
OP 202 0.635732 0.719948 0.539036 0.19922 0.388241 0.000113631
AC 202 8.8 8.8 8.79908
OP 203 0.645039 0.706153 0.52569 0.192721 0.393631 0.000124316
AC 203 7.53182 7.53182 7.53115
OP 204 0.647492 0.690071 0.527802 0.194318 0.394379 0.00012381
AC 204 6.62888 6.62888 6.62825
OP 205 0.654675 0.710179 0.53395 0.199373 0.393531 0.000118144
AC 205 7.26252 7.26252 7.26181
OP 206 0.653213 0.719044 0.529371 0.202631 0.391685 0.000119905
AC 206 8.4488 8.4488 8.44797
OP 207 0.650761 0.70206 0.537401 0.194997 0.391764 0.000116181
AC 207 6.86358 6.86358 6.86287
OP 208 0.655514 0.723141 0.538202 0.205918 0.389629 0.000114254
AC 208 9.27219 9.27219 9.27124
OP 209 0.660862 0.702971 0.533427 0.185962 0.394346 0.000118777
AC 209 7.28547 7.28547 7.28476
OP 210 0.645791 0.706927 0.530488 0.194308 0.395889 0.000120442
AC 210 7.69566 7.69566 7.69492
OP 211 0.647557 0.70744 0.529602 0.189196 0.39438 0.000120851
AC 211 7.18991 7.18991 7.18914
OP 212 0.674813 0.730606 0.542449 0.216185 0.386461 0.000110559
AC 212 9.93797 9.93797 9.93692
OP 213 0.643263 0.697593 0.535519 0.192839 0.395301 0.000118654
AC 213 6.48472 6.48472 6.48404
OP 214 0.643575 0.717206 0.539183 0.194972 0.393253 0.000113487
AC 214 8.37406 8.37406 8.37316
OP 215 0.653196 0.707195 0.521484 0.197822 0.396106 0.00012641
AC 215 8.39397 8.39397 8.39324
OP 216 0.642248 0.71127 0.540738 0.198143 0.3906 0.000113669
AC 216 7.28885 7.28885 7.28809
OP 217 0.654314 0.707366 0.520794 0.205132 0.396337 0.000126925
AC 217 8.45298 8.45298 8.45225
OP 218 0.642886 0.707838 0.529848 0.184987 0.394558 0.000121127
AC 218 7.90869 7.90869 7.908
OP 219 0.660378 0.726853 0.540646 0.212062 0.388265 0.000111774
AC 219 9.3308 9.3308 9.32976
OP 220 0.647558 0.710066 0.531611 0.195129 0.391998 0.000119357
AC 220 6.77041 6.77041 6.76966
OP 221 0.650783 0.727077 0.539062 0.207048 0.387125 0.000112846
AC 221 8.49517 8.49517 8.49426
OP 222 0.636324 0.719006 0.535788 0.190057 0.390541 0.000116342
AC 222 8.39006 8.39006 8.38925
OP 223 0.637399 0.710261 0.532431 0.187454 0.393287 0.000119069
AC 223 7.74204 7.74204 7.74128
OP 224 0.64294 0.705557 0.527484 0.199612 0.394123 0.000122487
AC 224 7.64334 7.64334 7.64261
OP 225 0.650714 0.703825 0.533961 0.197668 0.392223 0.000118154
AC 225 7.30423 7.30423 7.30353
OP 226 0.657008 0.719099 0.538456 0.206447 0.389393 0.000114
AC 226 9.08811 9.08811 9.08714
OP 227 0.639779 0.698568 0.53226 0.18835 0.394208 0.00011989
AC 227 6.93718 6.93718 6.93648
OP 228 0.656744 0.71344 0.53922 0.206844 0.389525 0.000113907
AC 228 8.97741 8.97741 8.97656
OP 229 0.64441 0.704339 0.539004 0.189554 0.39119 0.000115671
AC 229 6.90129 6.90129 6.90057
OP 230 0.643122 0.689777 0.517943 0.19462 0.39865 0.000131158
AC 230 5.92561 5.92561 5.92505
OP 231 0.647355 0.69709 0.527838 0.184192 0.394191 0.000122873
AC 231 7.79513 7.79513 7.79448
OP 232 0.648882 0.725026 0.530802 0.194736 0.392389 0.00011882
AC 232 9.65552 9.65552 9.65454
OP 233 0.657085 0.716906 0.533886 0.204325 0.390975 0.000117267
AC 233 9.21471 9.21471 9.21387
OP 234 0.645897 0.695514 0.528962 0.195998 0.39551 0.00012249
AC 234 6.7802 6.7802 6.77958
OP 235 0.66112 0.690719 0.518797 0.201506 0.398414 0.000130265
AC 235 7.25036 7.25036 7.24979
OP 236 0.665351 0.72373 0.538591 0.20847 0.386759 0.000113179
AC 236 8.78085 8.78085 8.77991
OP 237 0.65609 0.695777 0.526534 0.195866 0.39785 0.000123495
AC 237 7.16798 7.16798 7.16733
OP 238 0.653847 0.70977 0.543762 0.204209 0.387008 0.00011075
AC 238 6.92108 6.92108 6.92027
OP 239 0.650845 0.700442 0.53905 0.188736 0.390642 0.000114741
AC 239 7.00693 7.00693 7.00619
OP 240 0.634152 0.718709 0.529361 0.194229 0.393362 0.000120256
AC 240 8.06978 8.06978 8.06895
OP 241 0.660811 0.714708 0.524627 0.201722 0.394077 0.000124275
AC 241 9.02746 9.02746 9.02665
OP 242 0.648171 0.73692 0.549858 0.210565 0.383882 0.000104981
AC 242 9.30991 9.30991 9.30871
OP 243 0.652215 0.712652 0.531407 0.194514 0.392012 0.000119491
AC 243 7.98044 7.98044 7.97965
OP 244 0.633296 0.704318 0.534589 0.190982 0.397497 0.000117632
AC 244 7.1514 7.1514 7.15068
OP 245 0.629723 0.71135 0.539026 0.186993 0.391909 0.000115052
AC 245 7.78649 7.78649 7.78572
OP 246 0.634799 0.718682 0.538141 0.194011 0.391212 0.000114415
AC 246 7.99706 7.99706 7.99621
OP 247 0.633888 0.708769 0.537614 0.196244 0.390916 0.000115565
AC 247 7.28532 7.28532 7.28449
OP 248 0.657618 0.697256 0.529088 0.199029 0.394099 0.000121969
AC 248 6.39102 6.39102 6.3904
OP 249 0.645563 0.699651 0.515124 0.187186 0.400456 0.000132812
AC 249 7.77542 7.77542 7.77481
OP 250 0.644565 0.707451 0.534651 0.19335 0.392142 0.000117176
AC 250 7.64219 7.64219 7.64141
OP 251 0.647673 0.681588 0.515268 0.183698 0.402128 0.000133637
AC 251 5.88703 5.88703 5.8865
OP 252 0.654623 0.70828 0.532618 0.199102 0.390109 0.000118674
AC 252 7.07343 7.07343 7.0727
OP 253 0.657753 0.718471 0.534866 0.203828 0.392076 0.000116865
AC 253 8.62049 8.62049 8.61968
OP 254 0.645204 0.71888 0.531408 0.200717 0.394075 0.00011923
AC 254 8.32208 8.32208 8.3213
OP 255 0.636599 0.7079 0.525981 0.193389 0.397289 0.000123776
AC 255 7.55025 7.55025 7.54956
OP 256 0.646097 0.711184 0.529484 0.194297 0.393428 0.000120664
AC 256 8.29112 8.29112 8.29035
OP 257 0.654489 0.698113 0.532512 0.196524 0.391724 0.000119655
AC 257 6.76567 6.76567 6.76499
OP 258 0.649324 0.703431 0.526669 0.197914 0.393036 0.000123938
AC 258 8.27017 8.27017 8.26949
OP 259 0.647554 0.714488 0.535088 0.201256 0.389997 0.000116297
AC 259 8.65423 8.65423 8.65337
OP 260 0.630253 0.704386 0.531311 0.188209 0.393912 0.000119251
AC 260 7.55601 7.55601 7.55528
OP 261 0.653034 0.717624 0.532407 0.203254 0.390198 0.000118182
AC 261 8.84183 8.84183 8.84101
OP 262 0.66213 0.714362 0.546102 0.202215 0.385859 0.000109449
AC 262 7.37052 7.37052 7.36967
OP 263 0.645139 0.705017 0.51638 0.192881 0.400376 0.000130646
AC 263 8.20357 8.20357 8.20292
OP 264 0.659376 0.717879 0.534483 0.203938 0.391896 0.000117442
AC 264 8.00305 8.00305 8.00222
OP 265 0.65034 0.699746 0.526209 0.195506 0.396199 0.000123372
AC 265 7.64873 7.64873 7.64806
OP 266 0.651734 0.7046 0.536298 0.199441 0.395211 0.000116944
AC 266 7.65521 7.65521 7.65448
OP 267 0.650009 0.703111 0.522486 0.192684 0.398381 0.000126589
AC 267 7.94682 7.94682 7.94611
OP 268 0.64842 0.72062 0.52958 0.205229 0.392202 0.000120279
AC 268 9.26901 9.26901 9.26819
OP 269 0.652818 0.702674 0.533814 0.197749 0.394307 0.000118812
AC 269 7.0184 7.0184 7.01771
OP 270 0.644326 0.706241 0.520361 0.196226 0.400085 0.000128035
AC 270 7.45213 7.45213 7.45144
OP 271 0.657726 0.710576 0.533917 0.207116 0.393805 0.000117492
AC 271 8.1567 8.1567 8.15593
OP 272 0.665582 0.707867 0.530914 0.205926 0.394205 0.000119366
AC 272 8.04151 8.04151 8.04076
OP 273 0.653828 0.708006 0.532739 0.200407 0.39046 0.000118564
AC 273 7.55517 7.55517 7.55441
OP 274 0.640062 0.700617 0.525774 0.195934 0.394375 0.000124769
AC 274 6.81266 6.81266 6.81201
OP 275 0.642257 0.715151 0.536604 0.191824 0.391532 0.000116025
AC 275 7.72845 7.72845 7.72763
OP 276 0.629301 0.713732 0.536988 0.189223 0.391736 0.000115672
AC 276 7.05659 7.05659 7.05576
OP 277 0.638274 0.702706 0.530286 0.188639 0.395153 0.000120823
AC 277 7.0868 7.0868 7.08611
OP 278 0.653351 0.699213 0.523246 0.200445 0.396271 0.00012629
AC 278 7.51879 7.51879 7.51814
OP 279 0.623373 0.72156 0.535466 0.190903 0.392982 0.000116001
AC 279 8.36875 8.36875 8.3679
OP 280 0.634397 0.722067 0.535696 0.198199 0.392886 0.00011636
AC 280 7.34327 7.34327 7.34247
OP 281 0.641008 0.723599 0.532761 0.200568 0.393634 0.000117775
AC 281 9.08634 9.08634 9.08551
OP 282 0.640848 0.709577 0.535563 0.196784 0.392249 0.000116001
AC 282 7.87264 7.87264 7.87181
OP 283 0.645569 0.717518 0.533739 0.199568 0.388247 0.000117218
AC 283 7.59835 7.59835 7.59748
OP 284 0.628623 0.721987 0.533709 0.18992 0.39099 0.000116708
AC 284 8.94769 8.94769 8.94674
OP 285 0.645104 0.702409 0.53448 0.192443 0.392252 0.000118132
AC 285 7.18217 7.18217 7.18146
OP 286 0.652736 0.71368 0.537805 0.199134 0.388277 0.000115028
AC 286 7.94225 7.94225 7.94142
OP 287 0.62382 0.715656 0.538922 0.185422 0.389434 0.000114054
AC 287 7.47563 7.47563 7.47479
OP 288 0.657877 0.716673 0.542135 0.20229 0.388457 0.000111984
AC 288 7.94229 7.94229 7.94143
OP 289 0.634795 0.706801 0.536118 0.193443 0.391426 0.000116074
AC 289 7.83279 7.83279 7.832
OP 290 0.66445 0.723737 0.542971 0.212488 0.386161 0.000110329
AC 290 8.65172 8.65172 8.65073
OP 291 0.637453 0.724803 0.538313 0.199136 0.388322 0.000113809
AC 291 8.48001 8.48001 8.47908
OP 292 0.640185 0.695319 0.529417 0.188792 0.396844 0.000122413
AC 292 6.43599 6.43599 6.43539
OP 293 0.644805 0.709687 0.529156 0.19694 0.395592 0.000120926
AC 293 8.10901 8.10901 8.10823
OP 294 0.64977 0.730189 0.544083 0.205193 0.387414 0.000109539
AC 294 8.83956 8.83956 8.83852
OP 295 0.660161 0.722644 0.529065 0.211816 0.392893 0.00012015
AC 295 9.48047 9.48047 9.47955
OP 296 0.626788 0.698515 0.530848 0.195041 0.393553 0.000121172
AC 296 6.62479 6.62479 6.62415
OP 297 0.644714 0.716317 0.53298 0.196179 0.391378 0.00011839
AC 297 8.80906 8.80906 8.80826
OP 298 0.634877 0.716173 0.524623 0.192736 0.395568 0.000124092
AC 298 8.82695 8.82695 8.82616
OP 299 0.654684 0.710844 0.535606 0.206191 0.392229 0.000117227
AC 299 7.68544 7.68544 7.68471
