OP 0 0.585692 0.666259 0.489764 0.202055 0.346718 0.000117165
AC 0 7.54552 7.54552 7.54499
OP 1 0.574766 0.671119 0.501636 0.196955 0.340993 0.000109275
AC 1 6.91046 6.91046 6.9099
OP 2 0.590193 0.697375 0.510581 0.216371 0.337126 0.000102996
AC 2 8.97604 8.97604 8.9753
OP 3 0.592242 0.674578 0.498406 0.205909 0.338918 0.000111195
AC 3 7.69692 7.69692 7.69634
OP 4 0.579737 0.665878 0.496034 0.202666 0.343437 0.000113501
AC 4 7.02306 7.02306 7.02255
OP 5 0.583165 0.683012 0.496217 0.205121 0.340899 0.000111558
AC 5 8.95117 8.95117 8.95053
OP 6 0.568536 0.675094 0.512994 0.199189 0.336374 0.000102528
AC 6 6.13914 6.13914 6.13854
OP 7 0.584255 0.692894 0.508363 0.208511 0.337925 0.000104175
AC 7 8.63348 8.63348 8.63273
OP 8 0.574186 0.666104 0.505349 0.198182 0.340806 0.000107597
AC 8 5.53581 5.53581 5.53528
OP 9 0.587097 0.672538 0.497405 0.213188 0.341665 0.000111504
AC 9 7.58524 7.58524 7.58469
OP 10 0.58017 0.654224 0.502415 0.191753 0.343307 0.000110199
AC 10 4.8246 4.8246 4.8241
OP 11 0.587902 0.677314 0.504708 0.197463 0.339592 0.000107197
AC 11 7.1585 7.1585 7.15788
OP 12 0.594825 0.674052 0.49933 0.207437 0.340653 0.000111222
AC 12 7.87297 7.87297 7.87241
OP 13 0.581359 0.680418 0.50019 0.211813 0.343488 0.000110227
AC 13 7.95046 7.95046 7.94985
OP 14 0.567814 0.679314 0.495645 0.20156 0.345268 0.000112816
AC 14 7.94942 7.94942 7.94885
OP 15 0.5842 0.663223 0.501937 0.203454 0.340766 0.000109762
AC 15 5.54312 5.54312 5.54262
OP 16 0.590686 0.67867 0.502865 0.206006 0.337382 0.000108048
AC 16 7.16172 7.16172 7.16112
OP 17 0.602863 0.664422 0.507174 0.209885 0.338706 0.000106277
AC 17 6.6534 6.6534 6.65283
OP 18 0.600309 0.667797 0.499744 0.212849 0.344737 0.000110811
AC 18 7.08361 7.08361 7.08308
OP 19 0.583688 0.678231 0.511352 0.213185 0.335984 0.00010399
AC 19 7.07828 7.07828 7.07763
OP 20 0.601538 0.663728 0.496709 0.205935 0.343424 0.000112588
AC 20 6.7771 6.7771 6.77659
OP 21 0.57036 0.663896 0.497626 0.200064 0.346325 0.000112269
AC 21 6.6765 6.6765 6.67597
OP 22 0.580933 0.677149 0.507672 0.211432 0.337936 0.000105127
AC 22 6.73294 6.73294 6.73234
OP 23 0.57722 0.689686 0.510147 0.204961 0.336735 0.000103289
AC 23 8.39728 8.39728 8.39651
OP 24 0.587745 0.658071 0.496355 0.193586 0.344034 0.000113935
AC 24 6.73151 6.73151 6.73101
OP 25 0.591372 0.666326 0.496587 0.204303 0.341189 0.000112474
AC 25 7.10125 7.10125 7.10074
OP 26 0.589631 0.67455 0.499046 0.206743 0.342777 0.000110562
AC 26 7.92994 7.92994 7.92933
OP 27 0.591688 0.678343 0.494558 0.210654 0.344443 0.000113345
AC 27 7.90817 7.90817 7.90762
OP 28 0.591944 0.662134 0.499603 0.207146 0.340932 0.000111679
AC 28 6.96739 6.96739 6.96689
OP 29 0.567472 0.673572 0.498358 0.190037 0.344194 0.000111203
AC 29 6.77889 6.77889 6.77832
OP 30 0.597191 0.679328 0.506367 0.206613 0.340252 0.000105603
AC 30 7.79316 7.79316 7.79251
OP 31 0.58814 0.664806 0.492926 0.195601 0.342742 0.000115424
AC 31 6.97021 6.97021 6.96971
OP 32 0.583355 0.689587 0.510101 0.210929 0.33689 0.000102974
AC 32 7.85411 7.85411 7.85335
OP 33 0.581504 0.658547 0.492814 0.196558 0.347727 0.000115462
AC 33 7.11537 7.11537 7.11486
OP 34 0.60191 0.679119 0.510312 0.220126 0.333962 0.000103201
AC 34 7.55319 7.55319 7.55255
OP 35 0.585287 0.685541 0.508075 0.205274 0.341222 0.00010475
AC 35 7.70889 7.70889 7.70822
OP 36 0.597289 0.67658 0.510303 0.208691 0.337061 0.000104441
AC 36 6.81565 6.81565 6.81506
OP 37 0.586361 0.669334 0.493829 0.203997 0.343167 0.00011378
AC 37 7.43827 7.43827 7.43772
OP 38 0.598556 0.67347 0.502648 0.205185 0.339603 0.000108597
AC 38 7.25282 7.25282 7.25222
OP 39 0.596457 0.66615 0.505003 0.208098 0.339614 0.000107371
AC 39 6.47514 6.47514 6.47459
OP 40 0.597472 0.685074 0.492671 0.212564 0.343298 0.000113557
AC 40 8.82577 8.82577 8.82514
OP 41 0.602426 0.672952 0.496549 0.213837 0.342549 0.000112304
AC 41 7.59679 7.59679 7.59624
OP 42 0.59134 0.674478 0.502156 0.216247 0.340839 0.000108872
AC 42 6.89031 6.89031 6.88975
OP 43 0.585502 0.678079 0.505328 0.211964 0.33844 0.000106879
AC 43 7.65188 7.65188 7.65125
OP 44 0.598575 0.679221 0.511767 0.215991 0.335634 0.000103313
AC 44 7.50033 7.50033 7.49969
OP 45 0.587058 0.672543 0.495856 0.206749 0.340607 0.000112544
AC 45 7.44398 7.44398 7.4434
OP 46 0.597454 0.675048 0.506803 0.212789 0.335033 0.00010595
AC 46 8.37653 8.37653 8.37587
OP 47 0.570843 0.670833 0.50089 0.20497 0.342249 0.000109837
AC 47 6.62408 6.62408 6.62351
OP 48 0.591617 0.671948 0.50644 0.206118 0.339227 0.000106631
AC 48 7.11676 7.11676 7.11617
OP 49 0.590896 0.670024 0.510081 0.213745 0.336546 0.000104775
AC 49 6.49011 6.49011 6.48955
OP 50 0.588842 0.674203 0.500681 0.196586 0.339492 0.000109652
AC 50 7.79265 7.79265 7.79208
OP 51 0.591711 0.669234 0.501595 0.214304 0.339798 0.000109401
AC 51 6.88055 6.88055 6.87997
OP 52 0.596856 0.66464 0.502236 0.206593 0.342794 0.000109942
AC 52 6.09929 6.09929 6.09878
OP 53 0.574366 0.663221 0.490223 0.187198 0.347079 0.000117464
AC 53 5.49933 5.49933 5.49885
OP 54 0.590764 0.66846 0.499788 0.205371 0.339603 0.000110393
AC 54 7.31877 7.31877 7.31822
OP 55 0.597494 0.655901 0.498053 0.207336 0.346283 0.000112571
AC 55 5.88627 5.88627 5.88579
OP 56 0.596167 0.65506 0.50057 0.208045 0.340514 0.000111071
AC 56 5.79038 5.79038 5.7899
OP 57 0.60157 0.67642 0.509171 0.216777 0.336942 0.000104665
AC 57 7.47108 7.47108 7.47044
OP 58 0.581107 0.665636 0.491509 0.197545 0.349117 0.000116032
AC 58 6.88211 6.88211 6.88162
OP 59 0.584601 0.666323 0.498333 0.200498 0.343693 0.000111276
AC 59 7.14801 7.14801 7.14745
OP 60 0.605962 0.666187 0.503918 0.208327 0.339894 0.000108044
AC 60 6.59959 6.59959 6.59904
OP 61 0.579201 0.680297 0.501192 0.203924 0.340782 0.000108946
AC 61 7.58737 7.58737 7.58678
OP 62 0.576367 0.67411 0.500928 0.201478 0.341537 0.000109235
AC 62 7.07787 7.07787 7.0773
OP 63 0.579991 0.686158 0.509217 0.207835 0.335007 0.000104081
AC 63 7.8511 7.8511 7.85042
OP 64 0.573333 0.666078 0.493142 0.205549 0.343703 0.000114589
AC 64 7.19645 7.19645 7.19594
OP 65 0.593566 0.653798 0.484611 0.195342 0.349314 0.000120831
AC 65 6.87348 6.87348 6.87303
OP 66 0.570151 0.660443 0.490817 0.191834 0.345317 0.000116764
AC 66 5.7696 5.7696 5.76913
OP 67 0.589838 0.678809 0.501796 0.209082 0.340936 0.000108507
AC 67 7.6497 7.6497 7.64908
OP 68 0.581837 0.661037 0.491076 0.203749 0.348389 0.000116892
AC 68 6.72461 6.72461 6.72413
OP 69 0.587671 0.684161 0.5032 0.207541 0.339208 0.000107872
AC 69 8.11359 8.11359 8.11294
OP 70 0.572035 0.682922 0.502542 0.200373 0.340201 0.000108521
AC 70 7.67358 7.67358 7.67299
OP 71 0.588437 0.674756 0.492716 0.203972 0.343811 0.000114312
AC 71 8.05592 8.05592 8.05532
OP 72 0.583151 0.675704 0.507738 0.200758 0.338861 0.00010595
AC 72 7.90097 7.90097 7.90032
OP 73 0.566077 0.684841 0.510905 0.194051 0.336307 0.000103369
AC 73 7.068 7.068 7.0673
OP 74 0.599852 0.654267 0.49572 0.204136 0.342771 0.000113691
AC 74 5.64668 5.64668 5.64622
OP 75 0.588919 0.686545 0.510179 0.206433 0.334202 0.000103382
AC 75 7.28251 7.28251 7.28181
OP 76 0.586999 0.664425 0.493569 0.207763 0.344843 0.000114918
AC 76 6.873 6.873 6.8725
OP 77 0.573239 0.663498 0.49313 0.193005 0.344757 0.000115579
AC 77 6.70615 6.70615 6.70567
OP 78 0.580859 0.668601 0.490077 0.199951 0.346583 0.000116669
AC 78 7.17538 7.17538 7.17487
OP 79 0.593036 0.683425 0.504433 0.213195 0.338872 0.00010701
AC 79 8.782 8.782 8.78136
OP 80 0.592229 0.689032 0.506943 0.213085 0.336992 0.000104837
AC 80 8.10525 8.10525 8.10454
OP 81 0.586079 0.670847 0.506623 0.214636 0.339018 0.000106831
AC 81 6.72179 6.72179 6.72123
OP 82 0.571302 0.670784 0.50272 0.19724 0.341028 0.000108575
AC 82 5.7572 5.7572 5.75666
OP 83 0.577296 0.680459 0.509747 0.202527 0.33738 0.000104099
AC 83 7.45971 7.45971 7.45906
OP 84 0.586134 0.66493 0.49856 0.204078 0.345103 0.000111789
AC 84 7.07672 7.07672 7.07618
OP 85 0.585116 0.681973 0.513236 0.202517 0.336716 0.000102546
AC 85 6.94811 6.94811 6.94741
OP 86 0.597455 0.682506 0.509954 0.21725 0.336989 0.000103502
AC 86 7.87012 7.87012 7.86945
OP 87 0.592402 0.676252 0.509443 0.206466 0.337514 0.000104307
AC 87 7.50493 7.50493 7.5043
OP 88 0.583847 0.6776 0.504962 0.203295 0.342693 0.000106778
AC 88 7.57219 7.57219 7.57159
OP 89 0.590015 0.667465 0.494401 0.197163 0.344727 0.000114155
AC 89 6.70705 6.70705 6.70653
OP 90 0.587514 0.680946 0.510245 0.212189 0.338618 0.000103784
AC 90 7.57252 7.57252 7.57188
OP 91 0.572604 0.686486 0.507451 0.192441 0.337955 0.000104864
AC 91 7.69716 7.69716 7.69646
OP 92 0.603512 0.666351 0.508464 0.207775 0.337668 0.000106051
AC 92 6.65327 6.65327 6.65272
OP 93 0.585733 0.671709 0.497007 0.202451 0.344092 0.000111619
AC 93 6.99366 6.99366 6.99311
OP 94 0.594833 0.66509 0.499592 0.207844 0.342122 0.000111175
AC 94 7.17463 7.17463 7.17412
OP 95 0.583014 0.659984 0.495266 0.208152 0.347445 0.000114032
AC 95 6.67487 6.67487 6.6744
OP 96 0.583642 0.672222 0.501331 0.202345 0.340384 0.000109266
AC 96 7.3418 7.3418 7.34118
OP 97 0.585972 0.66546 0.496074 0.208149 0.343343 0.000112769
AC 97 6.80709 6.80709 6.80657
OP 98 0.576391 0.665951 0.508965 0.192481 0.339082 0.0001058
AC 98 5.72572 5.72572 5.72514
OP 99 0.593937 0.674851 0.503545 0.215727 0.339667 0.000108046
AC 99 7.03407 7.03407 7.03351
OP 100 0.589408 0.664975 0.499753 0.204148 0.341375 0.000111442
AC 100 6.63425 6.63425 6.63375
OP 101 0.579709 0.661478 0.490297 0.201369 0.348309 0.000116984
AC 101 6.5719 6.5719 6.57142
OP 102 0.576306 0.669786 0.496648 0.195498 0.345331 0.000112468
AC 102 6.62624 6.62624 6.6257
OP 103 0.588148 0.661485 0.495367 0.200229 0.347425 0.000113792
AC 103 5.83077 5.83077 5.83026
OP 104 0.590557 0.69026 0.50639 0.208232 0.338776 0.000105552
AC 104 8.49715 8.49715 8.49648
OP 105 0.583927 0.665408 0.503804 0.210852 0.341333 0.000109084
AC 105 6.53955 6.53955 6.53904
OP 106 0.56974 0.665869 0.497953 0.195342 0.345195 0.000111322
AC 106 6.15589 6.15589 6.15536
OP 107 0.591727 0.668089 0.5036 0.208851 0.34117 0.000107911
AC 107 6.53987 6.53987 6.53929
OP 108 0.588553 0.666575 0.486882 0.20333 0.347398 0.000118433
AC 108 7.61136 7.61136 7.61087
OP 109 0.573605 0.678045 0.5102 0.205409 0.337822 0.000103879
AC 109 7.12312 7.12312 7.12246
OP 110 0.577916 0.674342 0.510002 0.2061 0.338584 0.000104542
AC 110 7.24602 7.24602 7.2454
OP 111 0.593938 0.656812 0.491744 0.203131 0.344521 0.000115858
AC 111 5.54565 5.54565 5.54519
OP 112 0.591157 0.673573 0.499599 0.205913 0.343708 0.000110726
AC 112 7.82274 7.82274 7.82216
OP 113 0.585919 0.680329 0.499037 0.213278 0.341159 0.000110392
AC 113 7.75693 7.75693 7.75634
OP 114 0.582696 0.668277 0.500765 0.193259 0.342265 0.000110494
AC 114 6.97019 6.97019 6.96965
OP 115 0.558123 0.667643 0.497263 0.193096 0.345278 0.000112087
AC 115 6.34154 6.34154 6.34101
OP 116 0.578731 0.668201 0.506189 0.201197 0.3404 0.000106693
AC 116 6.27153 6.27153 6.27098
OP 117 0.576532 0.665202 0.497837 0.192726 0.346091 0.000112231
AC 117 5.86959 5.86959 5.86909
OP 118 0.57026 0.664757 0.497642 0.1992 0.343248 0.00011203
AC 118 6.02116 6.02116 6.02063
OP 119 0.587398 0.676364 0.498616 0.210657 0.340716 0.000110398
AC 119 7.60887 7.60887 7.60828
OP 120 0.577249 0.663544 0.493827 0.196148 0.345381 0.00011445
AC 120 6.03326 6.03326 6.03277
OP 121 0.59263 0.666116 0.498432 0.212202 0.343934 0.000111536
AC 121 6.68429 6.68429 6.6838
OP 122 0.586892 0.68326 0.510191 0.211505 0.335976 0.00010372
AC 122 7.7252 7.7252 7.72458
OP 123 0.58578 0.676112 0.499809 0.203885 0.341942 0.000109953
AC 123 7.27362 7.27362 7.27302
OP 124 0.584742 0.675799 0.502877 0.208196 0.342104 0.000107894
AC 124 7.4184 7.4184 7.41778
OP 125 0.580926 0.663157 0.501073 0.193108 0.342542 0.000110199
AC 125 5.73391 5.73391 5.73338
OP 126 0.575983 0.660902 0.502091 0.199105 0.339221 0.000109727
AC 126 5.2877 5.2877 5.28717
OP 127 0.580849 0.678687 0.505133 0.20376 0.339911 0.00010715
AC 127 7.16561 7.16561 7.16501
OP 128 0.59406 0.690494 0.511452 0.222667 0.33361 0.000101991
AC 128 8.45961 8.45961 8.45888
OP 129 0.594049 0.671896 0.501701 0.207981 0.343095 0.000109325
AC 129 7.40473 7.40473 7.40416
OP 130 0.593559 0.673691 0.511454 0.211071 0.337613 0.00010322
AC 130 6.2831 6.2831 6.28247
OP 131 0.581847 0.656142 0.494748 0.194911 0.345177 0.00011447
AC 131 5.76644 5.76644 5.76599
OP 132 0.585091 0.66346 0.494911 0.197965 0.346407 0.000114047
AC 132 6.69364 6.69364 6.69313
OP 133 0.586711 0.669398 0.495084 0.202092 0.343214 0.000113301
AC 133 7.18885 7.18885 7.18831
OP 134 0.572621 0.67596 0.507035 0.202733 0.339503 0.000106056
AC 134 7.13966 7.13966 7.13905
OP 135 0.581366 0.671949 0.494919 0.196131 0.344389 0.000113649
AC 135 7.42737 7.42737 7.42683
OP 136 0.581619 0.672544 0.497677 0.203969 0.342452 0.000111543
AC 136 7.05437 7.05437 7.0538
OP 137 0.593071 0.681248 0.504988 0.207465 0.339576 0.000106906
AC 137 7.99891 7.99891 7.99825
OP 138 0.56562 0.664919 0.498429 0.188286 0.344187 0.000112135
AC 138 5.6317 5.6317 5.6312
OP 139 0.588605 0.662452 0.508205 0.207033 0.341874 0.000106302
AC 139 5.73466 5.73466 5.73413
OP 140 0.577031 0.667659 0.503229 0.19967 0.341459 0.000108657
AC 140 6.60484 6.60484 6.60427
OP 141 0.573802 0.662002 0.495619 0.193243 0.345521 0.00011364
AC 141 5.58947 5.58947 5.589
OP 142 0.573751 0.678006 0.498391 0.207197 0.342547 0.000110553
AC 142 7.88639 7.88639 7.88578
OP 143 0.581249 0.687953 0.516204 0.205052 0.33283 0.00010003
AC 143 7.68302 7.68302 7.68229
OP 144 0.585398 0.669073 0.50456 0.206039 0.340806 0.000107661
AC 144 6.86921 6.86921 6.86867
OP 145 0.578989 0.669694 0.492937 0.20574 0.345723 0.000114124
AC 145 7.65238 7.65238 7.65185
OP 146 0.586969 0.669032 0.504623 0.206894 0.340979 0.000107529
AC 146 6.41383 6.41383 6.41327
OP 147 0.582302 0.662739 0.494824 0.197699 0.346231 0.000114385
AC 147 6.24383 6.24383 6.24332
OP 148 0.594921 0.665403 0.507044 0.211105 0.337352 0.000106711
AC 148 6.2077 6.2077 6.20715
OP 149 0.587819 0.66174 0.496556 0.198463 0.345972 0.000113579
AC 149 6.75328 6.75328 6.75279
OP 150 0.584073 0.672504 0.498966 0.202087 0.340931 0.000110868
AC 150 7.09548 7.09548 7.09491
OP 151 0.595677 0.665499 0.513054 0.205513 0.337275 0.000103382
AC 151 5.33146 5.33146 5.33089
OP 152 0.586965 0.678235 0.507724 0.20485 0.33734 0.000105503
AC 152 8.03109 8.03109 8.03044
OP 153 0.602875 0.668184 0.49591 0.20883 0.343696 0.000113149
AC 153 6.7934 6.7934 6.79288
OP 154 0.579761 0.673463 0.497512 0.208917 0.342693 0.000111824
AC 154 7.56129 7.56129 7.5607
OP 155 0.594611 0.677995 0.507234 0.211551 0.339282 0.000105639
AC 155 7.46856 7.46856 7.46793
OP 156 0.585764 0.67619 0.499022 0.207729 0.343244 0.000110594
AC 156 7.7953 7.7953 7.79474
OP 157 0.596375 0.673158 0.494291 0.204473 0.344882 0.000113273
AC 157 7.11066 7.11066 7.11011
OP 158 0.565324 0.672777 0.508611 0.193599 0.338158 0.000105468
AC 158 4.94597 4.94597 4.94539
OP 159 0.582166 0.663278 0.497044 0.197444 0.345663 0.000112695
AC 159 6.70914 6.70914 6.70863
OP 160 0.580009 0.658885 0.496023 0.199129 0.346386 0.000113446
AC 160 6.09987 6.09987 6.09939
OP 161 0.57339 0.670974 0.501244 0.197442 0.342587 0.000109509
AC 161 6.94546 6.94546 6.94493
OP 162 0.583144 0.678233 0.509367 0.206087 0.335843 0.000104283
AC 162 6.38003 6.38003 6.37939
OP 163 0.572345 0.665564 0.493307 0.199286 0.34619 0.000114831
AC 163 6.41822 6.41822 6.41772
OP 164 0.573625 0.67565 0.508272 0.205564 0.340034 0.000105027
AC 164 7.48274 7.48274 7.48211
OP 165 0.590721 0.667705 0.509037 0.214893 0.337514 0.000105086
AC 165 6.75146 6.75146 6.75088
OP 166 0.58673 0.676422 0.50202 0.206417 0.340015 0.000108994
AC 166 7.54023 7.54023 7.53964
OP 167 0.580023 0.678164 0.511919 0.204937 0.334454 0.000102435
AC 167 6.48933 6.48933 6.48866
OP 168 0.581636 0.668086 0.502996 0.198638 0.339871 0.000109187
AC 168 6.48614 6.48614 6.48559
OP 169 0.566549 0.677459 0.502138 0.202789 0.342816 0.000109081
AC 169 7.14114 7.14114 7.14055
OP 170 0.584384 0.672262 0.510804 0.206475 0.334921 0.000104078
AC 170 6.55155 6.55155 6.55095
OP 171 0.577075 0.668155 0.483974 0.198301 0.350712 0.000120392
AC 171 6.64311 6.64311 6.64261
OP 172 0.576448 0.667039 0.496361 0.20098 0.344044 0.000112672
AC 172 7.01376 7.01376 7.01325
OP 173 0.615421 0.662959 0.496923 0.217752 0.341486 0.00011279
AC 173 6.55335 6.55335 6.55287
OP 174 0.590755 0.676835 0.495442 0.205615 0.344499 0.00011178
AC 174 7.86777 7.86777 7.86715
OP 175 0.584941 0.673929 0.496401 0.213032 0.34185 0.000111761
AC 175 7.77159 7.77159 7.77103
OP 176 0.588113 0.671753 0.493298 0.20824 0.34421 0.000114088
AC 176 7.68813 7.68813 7.68757
OP 177 0.58556 0.681508 0.509482 0.20299 0.340041 0.000104621
AC 177 7.78253 7.78253 7.78192
OP 178 0.591519 0.665994 0.499227 0.203203 0.341336 0.000110816
AC 178 6.84905 6.84905 6.84849
OP 179 0.596441 0.669043 0.509354 0.211382 0.337681 0.000105019
AC 179 6.41082 6.41082 6.41027
OP 180 0.580216 0.679077 0.495953 0.206239 0.342337 0.000112475
AC 180 7.90719 7.90719 7.90661
OP 181 0.590505 0.675235 0.510843 0.213642 0.336345 0.000103968
AC 181 7.46464 7.46464 7.46403
OP 182 0.579625 0.657629 0.499646 0.198835 0.340571 0.00011173
AC 182 5.92295 5.92295 5.92247
OP 183 0.579671 0.679555 0.512349 0.205279 0.333599 0.000102791
AC 183 7.21656 7.21656 7.21591
OP 184 0.588399 0.674705 0.501951 0.205924 0.338913 0.000108821
AC 184 7.6621 7.6621 7.66152
OP 185 0.583486 0.678281 0.504877 0.204974 0.337962 0.000106692
AC 185 8.32315 8.32315 8.32248
OP 186 0.590452 0.67427 0.496441 0.209265 0.341781 0.000112449
AC 186 8.42742 8.42742 8.42682
OP 187 0.587039 0.675515 0.508588 0.20402 0.338971 0.000104721
AC 187 7.46194 7.46194 7.46131
OP 188 0.583023 0.687905 0.509954 0.207475 0.336163 0.000103613
AC 188 7.67321 7.67321 7.67252
OP 189 0.598606 0.661485 0.493648 0.206465 0.344471 0.000114433
AC 189 6.68604 6.68604 6.68554
OP 190 0.579898 0.657897 0.488323 0.198801 0.348033 0.000118199
AC 190 6.21074 6.21074 6.21027
OP 191 0.585941 0.642248 0.490538 0.198133 0.346253 0.00011865
AC 191 5.23594 5.23594 5.23554
OP 192 0.581186 0.668676 0.501102 0.198542 0.342723 0.000110106
AC 192 7.4432 7.4432 7.44263
OP 193 0.608626 0.664086 0.50189 0.212001 0.339852 0.000109693
AC 193 6.71781 6.71781 6.71725
OP 194 0.591286 0.686137 0.514206 0.208489 0.33417 0.000101281
AC 194 7.94087 7.94087 7.94014
OP 195 0.597552 0.667334 0.50238 0.205263 0.342124 0.000109155
AC 195 6.73588 6.73588 6.73533
OP 196 0.593041 0.671634 0.493227 0.211675 0.343108 0.000114183
AC 196 7.45774 7.45774 7.45716
OP 197 0.577926 0.669499 0.500246 0.20682 0.3431 0.000110242
AC 197 6.89338 6.89338 6.89283
OP 198 0.586918 0.66949 0.494529 0.203089 0.341543 0.000114089
AC 198 7.88379 7.88379 7.88327
OP 199 0.575694 0.678581 0.505182 0.205068 0.341329 0.000106845
AC 199 7.87729 7.87729 7.87668
OP 200 0.563981 0.661062 0.497073 0.195574 0.346893 0.000113058
AC 200 5.49402 5.49402 5.49354
OP 201 0.573338 0.649254 0.504995 0.192386 0.341287 0.000108335
AC 201 4.99021 4.99021 4.98974
OP 202 0.57471 0.66249 0.499808 0.194701 0.343957 0.000111121
AC 202 5.52264 5.52264 5.52215
OP 203 0.575471 0.672544 0.494111 0.204327 0.34491 0.00011396
AC 203 7.41418 7.41418 7.41363
OP 204 0.589285 0.677367 0.50302 0.205402 0.341872 0.000108112
AC 204 7.71063 7.71063 7.70998
OP 205 0.570597 0.666175 0.497667 0.194046 0.345664 0.000112357
AC 205 6.45368 6.45368 6.45319
OP 206 0.584211 0.668395 0.498591 0.195485 0.341421 0.000111349
AC 206 6.44653 6.44653 6.44602
OP 207 0.578973 0.67503 0.502197 0.202967 0.341267 0.000108807
AC 207 7.04731 7.04731 7.0467
OP 208 0.602871 0.667626 0.497779 0.210616 0.34271 0.00011212
AC 208 7.81339 7.81339 7.81284
OP 209 0.58009 0.687699 0.502658 0.205631 0.341015 0.000108262
AC 209 7.8643 7.8643 7.86365
OP 210 0.593137 0.663434 0.504911 0.205443 0.341649 0.000107853
AC 210 5.95716 5.95716 5.95663
OP 211 0.5656 0.672624 0.49995 0.201402 0.342822 0.000110315
AC 211 7.16139 7.16139 7.16083
OP 212 0.589264 0.664921 0.492667 0.201664 0.346006 0.000115618
AC 212 7.51262 7.51262 7.51212
OP 213 0.594589 0.661216 0.494377 0.205726 0.345166 0.000114702
AC 213 6.75328 6.75328 6.7528
OP 214 0.590032 0.667632 0.505739 0.212077 0.340832 0.000107718
AC 214 6.42321 6.42321 6.4227
OP 215 0.584728 0.671355 0.497971 0.209857 0.342415 0.000111841
AC 215 7.12485 7.12485 7.12432
OP 216 0.590973 0.673695 0.502718 0.204699 0.340461 0.00010807
AC 216 7.73606 7.73606 7.73544
OP 217 0.574318 0.680477 0.502524 0.204446 0.340314 0.000108515
AC 217 6.65501 6.65501 6.65441
OP 218 0.577835 0.670802 0.49712 0.19946 0.343529 0.000111665
AC 218 6.37696 6.37696 6.37637
OP 219 0.600197 0.677169 0.498616 0.214301 0.340449 0.000110198
AC 219 8.09503 8.09503 8.09441
OP 220 0.587889 0.674089 0.502673 0.200852 0.341108 0.000108541
AC 220 7.96159 7.96159 7.96097
OP 221 0.591835 0.677537 0.503447 0.208084 0.337603 0.000107736
AC 221 8.1291 8.1291 8.12847
OP 222 0.575033 0.668307 0.491502 0.197992 0.343943 0.000115488
AC 222 7.26974 7.26974 7.26921
OP 223 0.572292 0.668079 0.499039 0.201097 0.343276 0.000111191
AC 223 6.71633 6.71633 6.7158
OP 224 0.581467 0.664195 0.501607 0.20819 0.341444 0.000110171
AC 224 6.13361 6.13361 6.13309
OP 225 0.5789 0.68329 0.506823 0.208011 0.3375 0.000105137
AC 225 8.02597 8.02597 8.02526
OP 226 0.583425 0.676778 0.505913 0.199216 0.34047 0.000107358
AC 226 7.50582 7.50582 7.50521
OP 227 0.592091 0.664495 0.494204 0.207413 0.345123 0.000113794
AC 227 7.37664 7.37664 7.37611
OP 228 0.575751 0.674914 0.505523 0.199287 0.337376 0.000106971
AC 228 6.53963 6.53963 6.53902
OP 229 0.586415 0.667851 0.507095 0.214645 0.340695 0.000106201
AC 229 6.56155 6.56155 6.56098
OP 230 0.596844 0.670399 0.500563 0.210536 0.343374 0.000109771
AC 230 7.47409 7.47409 7.47352
OP 231 0.568541 0.65707 0.493689 0.19531 0.347849 0.0001151
AC 231 5.59754 5.59754 5.59706
OP 232 0.605308 0.670825 0.500204 0.211215 0.343357 0.000110543
AC 232 7.75332 7.75332 7.75277
OP 233 0.572569 0.671093 0.502489 0.198528 0.339325 0.00010911
AC 233 6.77039 6.77039 6.76981
OP 234 0.577674 0.65664 0.491519 0.194281 0.345258 0.000116125
AC 234 5.61757 5.61757 5.6171
OP 235 0.5802 0.668317 0.491209 0.198687 0.344902 0.000115556
AC 235 7.3859 7.3859 7.38538
OP 236 0.600124 0.662731 0.504588 0.208028 0.339335 0.000108474
AC 236 6.37327 6.37327 6.37274
OP 237 0.588839 0.684178 0.500066 0.205078 0.340575 0.000109394
AC 237 8.13901 8.13901 8.13833
OP 238 0.581105 0.674543 0.503937 0.211117 0.340852 0.000107394
AC 238 7.46499 7.46499 7.46439
OP 239 0.582415 0.671288 0.500413 0.207903 0.340029 0.000110602
AC 239 7.04634 7.04634 7.04581
OP 240 0.582925 0.67332 0.495381 0.199493 0.343334 0.000113153
AC 240 8.09136 8.09136 8.09077
OP 241 0.583691 0.66782 0.500232 0.200527 0.342293 0.000110802
AC 241 6.27551 6.27551 6.27498
OP 242 0.600119 0.674989 0.49906 0.214644 0.340966 0.000111071
AC 242 8.11043 8.11043 8.10986
OP 243 0.596258 0.676233 0.507271 0.20996 0.340414 0.000105408
AC 243 6.76137 6.76137 6.76075
OP 244 0.589279 0.669217 0.494479 0.204269 0.345004 0.000113592
AC 244 7.20159 7.20159 7.20105
OP 245 0.585225 0.679091 0.509354 0.203897 0.340996 0.000104665
AC 245 7.0173 7.0173 7.01668
OP 246 0.574477 0.678592 0.506681 0.206326 0.338056 0.00010595
AC 246 7.94604 7.94604 7.94541
OP 247 0.577983 0.669318 0.502209 0.194195 0.341779 0.000110096
AC 247 5.2671 5.2671 5.26658
OP 248 0.573661 0.665895 0.488767 0.200908 0.346243 0.000117383
AC 248 7.20842 7.20842 7.20792
OP 249 0.575085 0.66572 0.508565 0.196586 0.336708 0.000105736
AC 249 6.11318 6.11318 6.11264
OP 250 0.576067 0.685843 0.5033 0.208095 0.337774 0.000107419
AC 250 8.29209 8.29209 8.29143
OP 251 0.588708 0.668773 0.499461 0.205708 0.343442 0.000110606
AC 251 7.66966 7.66966 7.6691
OP 252 0.594137 0.658247 0.491569 0.209271 0.344258 0.00011593
AC 252 6.53791 6.53791 6.53744
OP 253 0.572793 0.671921 0.500384 0.198625 0.343213 0.000109812
AC 253 6.69468 6.69468 6.69412
OP 254 0.579772 0.663785 0.500472 0.196751 0.342075 0.000110469
AC 254 6.26433 6.26433 6.26381
OP 255 0.586524 0.676168 0.497774 0.206604 0.343171 0.000111061
AC 255 7.78209 7.78209 7.7815
OP 256 0.586587 0.667819 0.501506 0.19828 0.339291 0.000109888
AC 256 6.93485 6.93485 6.93429
OP 257 0.559694 0.677565 0.510686 0.197695 0.336181 0.000103566
AC 257 6.72013 6.72013 6.71953
OP 258 0.589816 0.675185 0.508784 0.203142 0.337661 0.000105159
AC 258 7.07656 7.07656 7.07593
OP 259 0.574508 0.658552 0.493482 0.194806 0.34629 0.000115098
AC 259 6.02261 6.02261 6.02215
OP 260 0.562018 0.663788 0.491277 0.187895 0.347481 0.000116724
AC 260 6.88772 6.88772 6.88722
OP 261 0.580766 0.676289 0.50467 0.209716 0.33918 0.000106971
AC 261 7.48359 7.48359 7.48297
OP 262 0.595521 0.665988 0.502382 0.207539 0.343242 0.000109523
AC 262 6.47476 6.47476 6.47424
OP 263 0.585477 0.677074 0.509072 0.207521 0.336444 0.00010471
AC 263 7.31218 7.31218 7.31156
OP 264 0.586347 0.665552 0.504667 0.20579 0.339597 0.000107907
AC 264 6.5682 6.5682 6.56766
OP 265 0.575602 0.671422 0.499393 0.201522 0.343962 0.000110913
AC 265 7.87392 7.87392 7.87334
OP 266 0.573429 0.662665 0.494314 0.199145 0.346024 0.000114199
AC 266 6.26973 6.26973 6.26923
OP 267 0.569913 0.66723 0.498314 0.1931 0.341989 0.000112449
AC 267 6.79201 6.79201 6.79148
OP 268 0.581347 0.673567 0.495709 0.201369 0.344736 0.000113116
AC 268 7.04194 7.04194 7.04139
OP 269 0.577489 0.663661 0.508683 0.202313 0.337551 0.000105614
AC 269 5.256 5.256 5.25543
OP 270 0.574206 0.670581 0.50465 0.194958 0.340493 0.000107586
AC 270 6.21773 6.21773 6.21713
OP 271 0.579548 0.67511 0.506142 0.200763 0.337747 0.000105884
AC 271 6.63889 6.63889 6.63828
OP 272 0.593828 0.665683 0.497487 0.203257 0.340857 0.000112019
AC 272 7.45518 7.45518 7.45465
OP 273 0.605988 0.673478 0.497342 0.208332 0.339216 0.000111536
AC 273 7.99981 7.99981 7.99923
OP 274 0.579991 0.667744 0.497984 0.200823 0.34345 0.000111665
AC 274 6.72082 6.72082 6.7203
OP 275 0.579063 0.673672 0.495644 0.200965 0.342211 0.000112974
AC 275 8.34317 8.34317 8.3426
OP 276 0.571802 0.666066 0.500671 0.193101 0.344063 0.000110016
AC 276 5.51798 5.51798 5.51744
OP 277 0.582318 0.6625 0.494615 0.1944 0.347402 0.000114195
AC 277 6.80682 6.80682 6.80632
OP 278 0.582964 0.673593 0.511709 0.20151 0.337635 0.000103875
AC 278 6.63054 6.63054 6.62996
OP 279 0.58341 0.672592 0.493534 0.199383 0.342817 0.000113696
AC 279 8.85121 8.85121 8.85059
OP 280 0.581937 0.683558 0.515109 0.205631 0.332044 0.000100399
AC 280 7.55199 7.55199 7.55127
OP 281 0.588373 0.690444 0.511503 0.209907 0.335312 0.000102178
AC 281 7.84981 7.84981 7.84909
OP 282 0.580672 0.665958 0.506708 0.206192 0.339369 0.000106504
AC 282 5.80575 5.80575 5.80521
OP 283 0.585119 0.673818 0.496697 0.208282 0.344386 0.000111855
AC 283 7.78049 7.78049 7.7799
OP 284 0.592195 0.664032 0.490034 0.213302 0.348433 0.000116803
AC 284 7.63555 7.63555 7.63504
OP 285 0.579832 0.66536 0.500482 0.195763 0.3428 0.00011022
AC 285 5.98813 5.98813 5.98761
OP 286 0.587741 0.684604 0.505598 0.205521 0.33872 0.000106278
AC 286 8.0962 8.0962 8.09556
OP 287 0.591589 0.667007 0.511461 0.201849 0.335672 0.000104208
AC 287 6.01863 6.01863 6.01806
OP 288 0.581948 0.67754 0.502841 0.209847 0.340509 0.000108056
AC 288 7.56819 7.56819 7.56757
OP 289 0.560711 0.666273 0.504085 0.192315 0.341387 0.000107911
AC 289 6.26087 6.26087 6.26033
OP 290 0.57878 0.680566 0.504558 0.20562 0.339427 0.000107392
AC 290 7.50192 7.50192 7.50131
OP 291 0.589591 0.673314 0.501042 0.203647 0.339819 0.000109592
AC 291 7.52382 7.52382 7.52321
OP 292 0.593724 0.670611 0.503534 0.205663 0.339476 0.000108072
AC 292 6.81692 6.81692 6.81634
OP 293 0.579521 0.684456 0.507548 0.205477 0.339246 0.00010512
AC 293 8.37449 8.37449 8.37378
OP 294 0.569347 0.669913 0.506192 0.197772 0.340589 0.000106853
AC 294 6.01067 6.01067 6.01009
OP 295 0.576694 0.675918 0.509331 0.203845 0.336666 0.000104647
AC 295 7.33546 7.33546 7.33482
OP 296 0.598506 0.683671 0.49834 0.213104 0.344188 0.000110522
AC 296 8.65485 8.65485 8.65423
OP 297 0.589064 0.684888 0.503874 0.206265 0.338121 0.00010728
AC 297 8.20098 8.20098 8.20034
OP 298 0.599589 0.689339 0.511302 0.219423 0.336767 0.000103124
AC 298 8.44902 8.44902 8.44831
OP 299 0.580319 0.669172 0.504138 0.202617 0.339278 0.000107656
AC 299 7.53442 7.53442 7.53385
