OP 0 0.661429 0.700976 0.515866 0.172909 0.437762 0.000109364
AC 0 7.60642 7.60642 7.60552
OP 1 0.64841 0.692089 0.507337 0.164204 0.438277 0.000115616
AC 1 7.4545 7.4545 7.45372
OP 2 0.6343 0.696317 0.516088 0.154492 0.435648 0.000110292
AC 2 6.60718 6.60718 6.60629
OP 3 0.640141 0.697204 0.511973 0.15639 0.436845 0.000111848
AC 3 8.2376 8.2376 8.2367
OP 4 0.657099 0.709711 0.512782 0.170503 0.435532 0.000110674
AC 4 7.32589 7.32589 7.32496
OP 5 0.636002 0.699891 0.502112 0.156574 0.442312 0.000117952
AC 5 8.7263 8.7263 8.72547
OP 6 0.632812 0.702861 0.515513 0.153867 0.43648 0.000109363
AC 6 6.52647 6.52647 6.5255
OP 7 0.655723 0.686488 0.503131 0.162215 0.443927 0.000118083
AC 7 7.1568 7.1568 7.15608
OP 8 0.646828 0.695094 0.499613 0.165555 0.443268 0.000119888
AC 8 8.92412 8.92412 8.92335
OP 9 0.648072 0.709865 0.521461 0.159012 0.434284 0.000105497
AC 9 5.33923 5.33923 5.33823
OP 10 0.645894 0.719732 0.530063 0.172401 0.427689 0.000100444
AC 10 9.99563 9.99563 9.99444
OP 11 0.651273 0.702248 0.515442 0.162754 0.439057 0.00010978
AC 11 7.24287 7.24287 7.242
OP 12 0.633321 0.692413 0.502225 0.151655 0.443534 0.000118145
AC 12 6.35125 6.35125 6.35045
OP 13 0.644432 0.700945 0.510024 0.161731 0.438457 0.000113018
AC 13 8.54891 8.54891 8.548
OP 14 0.658512 0.700368 0.509988 0.170064 0.437599 0.00011297
AC 14 8.50259 8.50259 8.50173
OP 15 0.630241 0.697598 0.510775 0.151834 0.437491 0.000112254
AC 15 5.01473 5.01473 5.01388
OP 16 0.641922 0.70819 0.52339 0.163202 0.432892 0.000104731
AC 16 7.53724 7.53724 7.53632
OP 17 0.654769 0.700193 0.503093 0.160705 0.440107 0.000116752
AC 17 9.40212 9.40212 9.40121
OP 18 0.650342 0.712298 0.522721 0.167909 0.430367 0.000104738
AC 18 8.47335 8.47335 8.47219
OP 19 0.629628 0.70357 0.510957 0.158553 0.44039 0.000112627
AC 19 7.27664 7.27664 7.27569
OP 20 0.638952 0.701083 0.507963 0.162738 0.440645 0.000114051
AC 20 6.9046 6.9046 6.90371
OP 21 0.647678 0.69533 0.508525 0.164288 0.437461 0.000114667
AC 21 7.5671 7.5671 7.5663
OP 22 0.643597 0.713048 0.525515 0.169037 0.430483 0.00010375
AC 22 8.483 8.483 8.48189
OP 23 0.636432 0.710789 0.515164 0.16519 0.436332 0.00010954
AC 23 8.04965 8.04965 8.04867
OP 24 0.635894 0.700302 0.517003 0.156516 0.434632 0.000109061
AC 24 6.42827 6.42827 6.42741
OP 25 0.631679 0.708181 0.511564 0.152862 0.440593 0.000111789
AC 25 6.95301 6.95301 6.95207
OP 26 0.650424 0.700056 0.506272 0.170793 0.44097 0.000115262
AC 26 8.92764 8.92764 8.92681
OP 27 0.658531 0.702439 0.505446 0.163396 0.442069 0.000115794
AC 27 9.62171 9.62171 9.62083
OP 28 0.647777 0.706189 0.509021 0.166708 0.440905 0.000113121
AC 28 9.40977 9.40977 9.40887
OP 29 0.649731 0.697044 0.508529 0.157801 0.443266 0.000114084
AC 29 7.86867 7.86867 7.86784
OP 30 0.649331 0.6901 0.503592 0.158507 0.443646 0.00011787
AC 30 7.38149 7.38149 7.38072
OP 31 0.657119 0.705639 0.511392 0.171751 0.435509 0.00011164
AC 31 7.85277 7.85277 7.85186
OP 32 0.648623 0.709728 0.503676 0.160492 0.440669 0.000116233
AC 32 9.07584 9.07584 9.07489
OP 33 0.649293 0.705254 0.506078 0.166997 0.43927 0.000114891
AC 33 9.59764 9.59764 9.59672
OP 34 0.645263 0.693502 0.507002 0.153824 0.438952 0.000115075
AC 34 6.16856 6.16856 6.16773
OP 35 0.636188 0.697362 0.510191 0.159009 0.439688 0.000113151
AC 35 7.46953 7.46953 7.46871
OP 36 0.662943 0.686503 0.491442 0.165412 0.446627 0.000125936
AC 36 7.52868 7.52868 7.52804
OP 37 0.659008 0.686392 0.503263 0.164014 0.442045 0.000117608
AC 37 8.00185 8.00185 8.00112
OP 38 0.649214 0.706567 0.511794 0.164195 0.438531 0.000111773
AC 38 8.29726 8.29726 8.29637
OP 39 0.644577 0.688272 0.514738 0.155541 0.43809 0.000110913
AC 39 5.28823 5.28823 5.28745
OP 40 0.65241 0.695644 0.517719 0.164887 0.435325 0.000108554
AC 40 7.77643 7.77643 7.77557
OP 41 0.623816 0.691824 0.501416 0.14768 0.446626 0.00011917
AC 41 6.91801 6.91801 6.91731
OP 42 0.64703 0.702235 0.507203 0.163795 0.438004 0.000114732
AC 42 7.83438 7.83438 7.83354
OP 43 0.643159 0.695497 0.501427 0.160343 0.442163 0.000118821
AC 43 8.20076 8.20076 8.19995
OP 44 0.648411 0.700572 0.508733 0.160988 0.440467 0.000114054
AC 44 6.59729 6.59729 6.59647
OP 45 0.644254 0.711991 0.512849 0.156865 0.438068 0.00011095
AC 45 8.82501 8.82501 8.82399
OP 46 0.650325 0.706695 0.524267 0.16449 0.430987 0.000104487
AC 46 7.25726 7.25726 7.25626
OP 47 0.659705 0.700597 0.511354 0.163319 0.435984 0.000112648
AC 47 7.25655 7.25655 7.25566
OP 48 0.646327 0.690996 0.508325 0.163053 0.440764 0.000114528
AC 48 7.18622 7.18622 7.18545
OP 49 0.649173 0.690778 0.514428 0.16 0.438338 0.000111372
AC 49 7.20972 7.20972 7.20892
OP 50 0.653184 0.688394 0.492407 0.159485 0.446513 0.00012408
AC 50 8.91584 8.91584 8.91512
OP 51 0.643927 0.705579 0.514506 0.162751 0.437925 0.000110402
AC 51 8.28122 8.28122 8.2803
OP 52 0.643084 0.700292 0.523014 0.161444 0.433179 0.000105363
AC 52 7.91074 7.91074 7.90977
OP 53 0.646543 0.700452 0.512171 0.165907 0.435785 0.00011206
AC 53 8.93135 8.93135 8.93046
OP 54 0.649287 0.692102 0.502045 0.162221 0.44482 0.000118718
AC 54 8.43985 8.43985 8.43908
OP 55 0.645505 0.692337 0.507572 0.15578 0.439927 0.000115045
AC 55 8.08745 8.08745 8.08667
OP 56 0.662667 0.6803 0.507467 0.157104 0.441446 0.000116081
AC 56 6.45432 6.45432 6.45365
OP 57 0.624592 0.704686 0.516242 0.146452 0.436261 0.000109524
AC 57 4.93731 4.93731 4.9364
OP 58 0.650441 0.709352 0.511856 0.168887 0.434821 0.000111189
AC 58 7.90546 7.90546 7.90454
OP 59 0.650182 0.700092 0.507965 0.161306 0.440235 0.000114874
AC 59 7.9726 7.9726 7.97181
OP 60 0.639966 0.706247 0.512252 0.16481 0.441826 0.0001113
AC 60 6.76837 6.76837 6.76742
OP 61 0.634804 0.703622 0.508297 0.15506 0.440997 0.000114052
AC 61 6.04394 6.04394 6.04304
OP 62 0.648211 0.692443 0.506797 0.161997 0.441601 0.000115632
AC 62 8.3746 8.3746 8.3738
OP 63 0.6483 0.711828 0.51766 0.16598 0.435816 0.00010803
AC 63 8.87301 8.87301 8.87203
OP 64 0.632682 0.694847 0.511761 0.154575 0.439692 0.00011267
AC 64 5.80953 5.80953 5.80868
OP 65 0.647163 0.699711 0.510214 0.156239 0.438057 0.000113266
AC 65 7.91166 7.91166 7.91078
OP 66 0.641069 0.696095 0.508854 0.162733 0.440138 0.000113726
AC 66 7.38774 7.38774 7.38688
OP 67 0.642567 0.717724 0.523263 0.165981 0.43024 0.000104119
AC 67 9.54543 9.54543 9.54427
OP 68 0.641621 0.700811 0.51467 0.156614 0.436302 0.000110403
AC 68 7.35801 7.35801 7.35709
OP 69 0.636084 0.714166 0.517194 0.160155 0.435157 0.000108181
AC 69 8.00224 8.00224 8.00114
OP 70 0.638782 0.70764 0.51292 0.160163 0.436501 0.000111163
AC 70 8.60284 8.60284 8.60191
OP 71 0.650333 0.693284 0.504172 0.15869 0.441246 0.000117093
AC 71 6.7083 6.7083 6.70749
OP 72 0.658395 0.686906 0.504835 0.161749 0.440649 0.000116739
AC 72 7.84142 7.84142 7.84068
OP 73 0.655175 0.687586 0.504098 0.16254 0.441249 0.000117746
AC 73 7.99231 7.99231 7.99159
OP 74 0.648482 0.708618 0.511929 0.167376 0.436246 0.000111021
AC 74 9.38558 9.38558 9.38459
OP 75 0.657259 0.705413 0.512636 0.173061 0.437008 0.000111254
AC 75 9.20705 9.20705 9.20613
OP 76 0.643766 0.701083 0.508382 0.158038 0.441277 0.000114236
AC 76 7.68851 7.68851 7.68762
OP 77 0.644317 0.707307 0.522607 0.160037 0.435505 0.000105279
AC 77 6.65569 6.65569 6.65472
OP 78 0.660236 0.70548 0.521583 0.166689 0.435783 0.00010564
AC 78 8.1413 8.1413 8.1403
OP 79 0.63911 0.71134 0.51205 0.159354 0.439747 0.000110936
AC 79 8.6117 8.6117 8.61069
OP 80 0.657376 0.697454 0.509064 0.165364 0.439178 0.000113925
AC 80 7.36859 7.36859 7.36775
OP 81 0.639056 0.69772 0.510841 0.158884 0.440261 0.00011296
AC 81 6.82737 6.82737 6.82653
OP 82 0.648136 0.707362 0.507085 0.160678 0.440409 0.000114579
AC 82 8.89002 8.89002 8.88907
OP 83 0.652697 0.702858 0.516292 0.161759 0.437958 0.000109575
AC 83 6.16485 6.16485 6.16396
OP 84 0.638007 0.706803 0.516441 0.160918 0.435901 0.000109055
AC 84 9.33358 9.33358 9.33257
OP 85 0.657525 0.693325 0.508379 0.172144 0.440533 0.000114486
AC 85 7.20779 7.20779 7.20697
OP 86 0.631275 0.698539 0.517258 0.154164 0.436778 0.000109193
AC 86 7.22508 7.22508 7.22422
OP 87 0.656636 0.704623 0.506719 0.160867 0.439804 0.000114629
AC 87 8.85734 8.85734 8.85642
OP 88 0.642772 0.689665 0.501997 0.152122 0.442574 0.000118521
AC 88 6.70652 6.70652 6.70573
OP 89 0.647658 0.706781 0.517785 0.164381 0.43529 0.000108347
AC 89 7.69497 7.69497 7.69409
OP 90 0.636189 0.712445 0.518643 0.161116 0.435803 0.000107518
AC 90 7.75613 7.75613 7.75511
OP 91 0.641728 0.696373 0.510936 0.154011 0.441134 0.000112609
AC 91 8.78231 8.78231 8.78145
OP 92 0.641177 0.70164 0.504857 0.163203 0.440708 0.000115688
AC 92 8.48657 8.48657 8.48569
OP 93 0.649479 0.700991 0.514161 0.169672 0.43591 0.000110732
AC 93 8.14174 8.14174 8.14083
OP 94 0.639067 0.699215 0.512347 0.159415 0.440676 0.000111904
AC 94 8.76056 8.76056 8.75965
OP 95 0.667192 0.698873 0.507317 0.163615 0.439108 0.000114853
AC 95 8.30569 8.30569 8.30486
OP 96 0.654917 0.705176 0.510046 0.158717 0.438033 0.000113121
AC 96 7.68014 7.68014 7.67926
OP 97 0.62813 0.707147 0.518817 0.158897 0.432645 0.00010782
AC 97 7.17279 7.17279 7.17184
OP 98 0.648871 0.703022 0.509044 0.165065 0.438303 0.000113666
AC 98 7.73526 7.73526 7.7344
OP 99 0.641755 0.690372 0.50401 0.160845 0.442971 0.000117668
AC 99 7.35136 7.35136 7.35059
OP 100 0.644902 0.714899 0.513088 0.167785 0.43615 0.000110686
AC 100 9.71476 9.71476 9.71379
OP 101 0.636554 0.686178 0.507817 0.154143 0.441085 0.000115517
AC 101 6.14251 6.14251 6.1418
OP 102 0.632864 0.702106 0.498543 0.153002 0.441929 0.000119945
AC 102 8.13889 8.13889 8.13804
OP 103 0.648526 0.699824 0.505981 0.169179 0.440823 0.00011574
AC 103 8.00426 8.00426 8.00344
OP 104 0.647034 0.712114 0.499487 0.161695 0.44351 0.000118991
AC 104 9.33488 9.33488 9.33394
OP 105 0.630536 0.687881 0.50217 0.149601 0.445656 0.00011872
AC 105 6.32918 6.32918 6.32849
OP 106 0.644657 0.713659 0.517822 0.163875 0.435505 0.000107865
AC 106 8.89891 8.89891 8.89778
OP 107 0.65067 0.71131 0.509632 0.170447 0.439073 0.000112551
AC 107 8.64042 8.64042 8.63948
OP 108 0.65731 0.711166 0.512682 0.173189 0.437318 0.000110887
AC 108 10.1762 10.1762 10.1753
OP 109 0.638124 0.70477 0.518087 0.164612 0.43471 0.000108237
AC 109 8.20727 8.20727 8.20634
OP 110 0.64312 0.700343 0.517145 0.167355 0.434695 0.000108522
AC 110 8.31059 8.31059 8.30967
OP 111 0.651125 0.703035 0.51245 0.152419 0.438302 0.000111437
AC 111 8.01488 8.01488 8.01393
OP 112 0.634535 0.710509 0.514566 0.162956 0.436868 0.000109944
AC 112 7.65244 7.65244 7.65143
OP 113 0.625913 0.708864 0.506947 0.153298 0.440341 0.000114524
AC 113 7.12247 7.12247 7.12149
OP 114 0.648107 0.707077 0.510209 0.161122 0.4402 0.000112359
AC 114 8.71223 8.71223 8.71128
OP 115 0.647511 0.698793 0.51146 0.159632 0.437717 0.000111988
AC 115 7.45137 7.45137 7.45051
OP 116 0.632701 0.697325 0.523281 0.156108 0.433545 0.000105469
AC 116 5.67764 5.67764 5.67678
OP 117 0.637152 0.70395 0.507252 0.155481 0.443107 0.00011488
AC 117 8.46276 8.46276 8.46186
OP 118 0.646311 0.71613 0.519599 0.167161 0.433324 0.000106508
AC 118 8.67776 8.67776 8.67669
OP 119 0.631896 0.702949 0.509794 0.156765 0.437525 0.000112707
AC 119 8.1055 8.1055 8.10457
OP 120 0.650932 0.709227 0.515438 0.178747 0.435813 0.000108906
AC 120 8.16594 8.16594 8.16496
OP 121 0.639207 0.690048 0.508452 0.154462 0.441197 0.000114537
AC 121 7.43904 7.43904 7.43828
OP 122 0.658437 0.702622 0.511887 0.162585 0.437283 0.000112011
AC 122 9.48069 9.48069 9.47978
OP 123 0.639958 0.705306 0.512118 0.160556 0.435037 0.000111279
AC 123 6.28412 6.28412 6.28323
OP 124 0.658195 0.706191 0.503203 0.165013 0.441838 0.000116604
AC 124 9.25025 9.25025 9.24938
OP 125 0.664255 0.717694 0.521335 0.1737 0.430232 0.00010492
AC 125 9.01741 9.01741 9.01627
OP 126 0.647376 0.690116 0.517108 0.15696 0.436188 0.000109848
AC 126 5.73059 5.73059 5.72984
OP 127 0.649529 0.694223 0.514917 0.16194 0.438429 0.000110395
AC 127 8.10121 8.10121 8.10034
OP 128 0.648393 0.706212 0.50554 0.159057 0.438898 0.000114896
AC 128 8.13502 8.13502 8.13415
OP 129 0.661068 0.700709 0.521979 0.163657 0.433414 0.000105878
AC 129 7.56288 7.56288 7.56195
OP 130 0.636339 0.690929 0.508773 0.159497 0.442805 0.000114442
AC 130 5.20311 5.20311 5.20231
OP 131 0.657352 0.715154 0.511247 0.173444 0.438712 0.000111696
AC 131 9.59922 9.59922 9.59823
OP 132 0.633424 0.712368 0.512162 0.159619 0.438672 0.000110865
AC 132 8.64409 8.64409 8.64308
OP 133 0.645284 0.702506 0.513133 0.168303 0.435267 0.000111511
AC 133 8.17377 8.17377 8.17291
OP 134 0.637526 0.696061 0.511998 0.154287 0.439672 0.000111959
AC 134 7.89978 7.89978 7.89888
OP 135 0.64186 0.696203 0.502991 0.163095 0.444932 0.00011772
AC 135 8.13048 8.13048 8.12969
OP 136 0.644948 0.693735 0.507248 0.161269 0.440241 0.000115201
AC 136 7.13361 7.13361 7.13282
OP 137 0.640783 0.694987 0.499462 0.158936 0.444779 0.000119631
AC 137 8.99677 8.99677 8.996
OP 138 0.647012 0.706066 0.517762 0.165882 0.435328 0.000108476
AC 138 8.56743 8.56743 8.56646
OP 139 0.658715 0.69941 0.511809 0.16685 0.435998 0.000111743
AC 139 8.24283 8.24283 8.24193
OP 140 0.654075 0.70275 0.515691 0.16829 0.436209 0.000109271
AC 140 8.50946 8.50946 8.50853
OP 141 0.65071 0.706105 0.50472 0.156091 0.440248 0.000116175
AC 141 8.59547 8.59547 8.59459
OP 142 0.646887 0.711964 0.51791 0.171234 0.435024 0.000107829
AC 142 9.07486 9.07486 9.07384
OP 143 0.654855 0.700906 0.502485 0.156774 0.442725 0.000118052
AC 143 8.45669 8.45669 8.45584
OP 144 0.656607 0.704226 0.511448 0.166357 0.440138 0.00011198
AC 144 8.24362 8.24362 8.24267
OP 145 0.650585 0.698818 0.517519 0.160733 0.435532 0.000108616
AC 145 7.72821 7.72821 7.72734
OP 146 0.645574 0.705981 0.515072 0.165804 0.436423 0.0001101
AC 146 7.71601 7.71601 7.71505
OP 147 0.645145 0.693451 0.515378 0.159007 0.438658 0.000110331
AC 147 8.43812 8.43812 8.43728
OP 148 0.659825 0.69452 0.505585 0.167685 0.440293 0.000116353
AC 148 6.90123 6.90123 6.90047
OP 149 0.637313 0.703816 0.514043 0.157217 0.436832 0.000110949
AC 149 7.69216 7.69216 7.69126
OP 150 0.640166 0.69334 0.509775 0.156683 0.439738 0.000113538
AC 150 7.06886 7.06886 7.06807
OP 151 0.660806 0.695354 0.495621 0.170296 0.446668 0.000121574
AC 151 9.19315 9.19315 9.19236
OP 152 0.643282 0.705897 0.513096 0.168813 0.438023 0.000110498
AC 152 7.52565 7.52565 7.52475
OP 153 0.661453 0.69417 0.511903 0.163434 0.438794 0.000112182
AC 153 8.30529 8.30529 8.30444
OP 154 0.641892 0.705903 0.50851 0.164723 0.437008 0.000113865
AC 154 7.07948 7.07948 7.07855
OP 155 0.638629 0.696345 0.510068 0.154378 0.439844 0.000113502
AC 155 8.00931 8.00931 8.00847
OP 156 0.64484 0.690451 0.496824 0.158152 0.443436 0.000121499
AC 156 6.73079 6.73079 6.73002
OP 157 0.643841 0.698738 0.502518 0.154069 0.441551 0.000117443
AC 157 7.00914 7.00914 7.0083
OP 158 0.645361 0.709525 0.51923 0.161163 0.431088 0.000107044
AC 158 8.94478 8.94478 8.94377
OP 159 0.647726 0.685168 0.504128 0.148768 0.443548 0.000116888
AC 159 6.21134 6.21134 6.21059
OP 160 0.643768 0.707237 0.513506 0.161602 0.436687 0.000110325
AC 160 8.77224 8.77224 8.77122
OP 161 0.63105 0.698527 0.502004 0.151544 0.443219 0.000117925
AC 161 7.90927 7.90927 7.90849
OP 162 0.630701 0.709985 0.508639 0.15313 0.440784 0.000113341
AC 162 9.02788 9.02788 9.02683
OP 163 0.647516 0.704581 0.510634 0.157698 0.439695 0.000112459
AC 163 7.63852 7.63852 7.63763
OP 164 0.656312 0.682474 0.510788 0.162234 0.440057 0.000113773
AC 164 6.10535 6.10535 6.10461
OP 165 0.662755 0.691048 0.509535 0.166965 0.443104 0.000114113
AC 165 6.47562 6.47562 6.47486
OP 166 0.650105 0.70283 0.509752 0.167834 0.437299 0.000112681
AC 166 8.67312 8.67312 8.67224
OP 167 0.645658 0.711999 0.526993 0.16799 0.429783 0.000102376
AC 167 7.79474 7.79474 7.79372
OP 168 0.650716 0.699079 0.500741 0.15791 0.442368 0.000118725
AC 168 7.3581 7.3581 7.35727
OP 169 0.634727 0.707837 0.51306 0.154895 0.43843 0.000110746
AC 169 8.05354 8.05354 8.05255
OP 170 0.651496 0.699368 0.522417 0.163958 0.436877 0.00010578
AC 170 6.81719 6.81719 6.81626
OP 171 0.649977 0.707542 0.515029 0.170104 0.435431 0.000109732
AC 171 8.63812 8.63812 8.63716
OP 172 0.649721 0.709105 0.511138 0.162303 0.438546 0.000111652
AC 172 8.48398 8.48398 8.48299
OP 173 0.644309 0.694113 0.507393 0.16755 0.439582 0.000115501
AC 173 6.68782 6.68782 6.68706
OP 174 0.651879 0.705202 0.511195 0.169054 0.436655 0.000111936
AC 174 8.96289 8.96289 8.96198
OP 175 0.640492 0.702134 0.506209 0.163981 0.44253 0.000115698
AC 175 7.50205 7.50205 7.50121
OP 176 0.651164 0.695627 0.514703 0.1648 0.439474 0.000110947
AC 176 8.58477 8.58477 8.58398
OP 177 0.656394 0.69957 0.510777 0.171061 0.439292 0.000112767
AC 177 8.07753 8.07753 8.07671
OP 178 0.637421 0.711688 0.51803 0.161177 0.436007 0.000107213
AC 178 8.68825 8.68825 8.68722
OP 179 0.662595 0.68684 0.49393 0.164923 0.44364 0.000123738
AC 179 8.02656 8.02656 8.02587
OP 180 0.651606 0.707803 0.510197 0.169095 0.435657 0.000112555
AC 180 7.98604 7.98604 7.98509
OP 181 0.660031 0.686652 0.497777 0.161905 0.444491 0.000121451
AC 181 7.35517 7.35517 7.35443
OP 182 0.63697 0.700214 0.509583 0.161713 0.439054 0.000112869
AC 182 10.0715 10.0715 10.0707
OP 183 0.642022 0.699058 0.518331 0.150229 0.437546 0.000108112
AC 183 7.13105 7.13105 7.13017
OP 184 0.646014 0.675485 0.50251 0.161684 0.446939 0.000118915
AC 184 5.80675 5.80675 5.8061
OP 185 0.659377 0.710507 0.520918 0.171083 0.432495 0.000105704
AC 185 8.7487 8.7487 8.74764
OP 186 0.646262 0.710103 0.513063 0.161567 0.438345 0.000111307
AC 186 8.92101 8.92101 8.92005
OP 187 0.651815 0.710396 0.522534 0.164885 0.430413 0.000105537
AC 187 8.41946 8.41946 8.41845
OP 188 0.660861 0.696972 0.513129 0.168376 0.435437 0.000111427
AC 188 7.90063 7.90063 7.89979
OP 189 0.647654 0.699479 0.514597 0.160027 0.436675 0.000110763
AC 189 7.63254 7.63254 7.6317
OP 190 0.63567 0.707153 0.512943 0.15201 0.438387 0.000111582
AC 190 7.56451 7.56451 7.5636
OP 191 0.663038 0.694733 0.506748 0.169488 0.438218 0.000115531
AC 191 8.87621 8.87621 8.87535
OP 192 0.635944 0.704114 0.514727 0.160863 0.436877 0.000110114
AC 192 8.84537 8.84537 8.84444
OP 193 0.645161 0.701191 0.511109 0.155052 0.436999 0.000112917
AC 193 6.51807 6.51807 6.51719
OP 194 0.659416 0.703502 0.517308 0.172473 0.435333 0.000108481
AC 194 7.20121 7.20121 7.20033
OP 195 0.639217 0.714826 0.510912 0.161918 0.438965 0.000111566
AC 195 9.71191 9.71191 9.71093
OP 196 0.646428 0.704909 0.513236 0.158548 0.435146 0.000110767
AC 196 8.38378 8.38378 8.38282
OP 197 0.64667 0.694078 0.505601 0.161199 0.439205 0.000115839
AC 197 7.8432 7.8432 7.84237
OP 198 0.643766 0.707242 0.517117 0.155922 0.434368 0.000107682
AC 198 9.05034 9.05034 9.04939
OP 199 0.63905 0.706517 0.513542 0.157343 0.436433 0.000110401
AC 199 7.70944 7.70944 7.70842
OP 200 0.642404 0.707029 0.516768 0.155226 0.436008 0.000109058
AC 200 6.10894 6.10894 6.10793
OP 201 0.662117 0.697689 0.515354 0.171619 0.435488 0.000109798
AC 201 7.97584 7.97584 7.97497
OP 202 0.631092 0.693881 0.508329 0.155011 0.440974 0.000114401
AC 202 6.80262 6.80262 6.80178
OP 203 0.652575 0.704938 0.508099 0.170654 0.438834 0.000114175
AC 203 8.73717 8.73717 8.73632
OP 204 0.666426 0.711899 0.517678 0.171452 0.435248 0.000107883
AC 204 10.2626 10.2626 10.2616
OP 205 0.642006 0.712383 0.514653 0.159144 0.436615 0.00010925
AC 205 9.56818 9.56818 9.56709
OP 206 0.64537 0.698692 0.50791 0.164133 0.439728 0.000114516
AC 206 7.31855 7.31855 7.31772
OP 207 0.651789 0.690493 0.50837 0.160512 0.439372 0.000114802
AC 207 7.95149 7.95149 7.95071
OP 208 0.621631 0.706012 0.521172 0.152684 0.435538 0.000106258
AC 208 5.99277 5.99277 5.99177
OP 209 0.641244 0.703595 0.512878 0.167558 0.440115 0.000111286
AC 209 8.09745 8.09745 8.09657
OP 210 0.645342 0.702442 0.515915 0.158778 0.43772 0.000109553
AC 210 6.96099 6.96099 6.96009
OP 211 0.659484 0.703334 0.511791 0.168607 0.437889 0.000111974
AC 211 9.0173 9.0173 9.01637
OP 212 0.642802 0.714712 0.513783 0.158828 0.43499 0.000109806
AC 212 9.89474 9.89474 9.89366
OP 213 0.648865 0.705096 0.507812 0.160216 0.440639 0.000114167
AC 213 8.78236 8.78236 8.78141
OP 214 0.63326 0.698763 0.510272 0.155012 0.439073 0.000113151
AC 214 6.92005 6.92005 6.91919
OP 215 0.650409 0.702463 0.509589 0.154763 0.437013 0.000113133
AC 215 8.15138 8.15138 8.15047
OP 216 0.637519 0.703783 0.518172 0.157884 0.437746 0.000108315
AC 216 6.55534 6.55534 6.5544
OP 217 0.645293 0.699689 0.507163 0.156522 0.441054 0.000115137
AC 217 7.77009 7.77009 7.76923
OP 218 0.649584 0.704463 0.510593 0.167262 0.439113 0.000112672
AC 218 9.01842 9.01842 9.01756
OP 219 0.648443 0.710099 0.511912 0.1675 0.437441 0.000111259
AC 219 9.08384 9.08384 9.08286
OP 220 0.655461 0.699744 0.50056 0.168453 0.441154 0.000119132
AC 220 8.57116 8.57116 8.57036
OP 221 0.663588 0.703997 0.504896 0.162887 0.442202 0.000115882
AC 221 8.9271 8.9271 8.92619
OP 222 0.633554 0.697657 0.505506 0.159696 0.440997 0.000115599
AC 222 5.91305 5.91305 5.91219
OP 223 0.648014 0.705342 0.512737 0.164291 0.436595 0.000111095
AC 223 8.83739 8.83739 8.83643
OP 224 0.65035 0.698597 0.513156 0.164513 0.437405 0.000111237
AC 224 6.6678 6.6678 6.66694
OP 225 0.652423 0.704665 0.515442 0.160421 0.438323 0.000109745
AC 225 6.00981 6.00981 6.00887
OP 226 0.649523 0.708362 0.521404 0.165403 0.433848 0.00010627
AC 226 8.6176 8.6176 8.61661
OP 227 0.63059 0.699726 0.506109 0.159756 0.440005 0.000115893
AC 227 7.11281 7.11281 7.11198
OP 228 0.669322 0.711512 0.518944 0.175958 0.432933 0.000107564
AC 228 9.72515 9.72515 9.72418
OP 229 0.643763 0.696524 0.511989 0.162139 0.43795 0.000112019
AC 229 7.13007 7.13007 7.12924
OP 230 0.652008 0.6996 0.507804 0.163359 0.439651 0.00011453
AC 230 8.54357 8.54357 8.54272
OP 231 0.645641 0.70659 0.504831 0.168066 0.439263 0.000116007
AC 231 9.92944 9.92944 9.92851
OP 232 0.65994 0.702497 0.504936 0.167904 0.44168 0.000115552
AC 232 9.41763 9.41763 9.41675
OP 233 0.639744 0.698822 0.50242 0.154574 0.441363 0.000117964
AC 233 8.6488 8.6488 8.64798
OP 234 0.657457 0.700689 0.506528 0.170491 0.439949 0.000115278
AC 234 8.34954 8.34954 8.34873
OP 235 0.635363 0.703024 0.507358 0.157224 0.442967 0.00011517
AC 235 7.22367 7.22367 7.2228
OP 236 0.644788 0.713643 0.507272 0.162843 0.440993 0.000114653
AC 236 8.79914 8.79914 8.79816
OP 237 0.643974 0.699446 0.510983 0.15638 0.439476 0.000112614
AC 237 6.48284 6.48284 6.48198
OP 238 0.663631 0.701353 0.501316 0.163596 0.441093 0.000118455
AC 238 9.67739 9.67739 9.67651
OP 239 0.638992 0.68374 0.512045 0.15728 0.440017 0.000113872
AC 239 4.71543 4.71543 4.71473
OP 240 0.673898 0.710945 0.522579 0.173795 0.432334 0.000105143
AC 240 8.03568 8.03568 8.03464
OP 241 0.651907 0.685712 0.501906 0.15082 0.44259 0.000118911
AC 241 5.62067 5.62067 5.61996
OP 242 0.660422 0.692088 0.504615 0.164893 0.436647 0.000116908
AC 242 6.35155 6.35155 6.35079
OP 243 0.651778 0.69607 0.507109 0.157556 0.439237 0.000115299
AC 243 7.52134 7.52134 7.52053
OP 244 0.648393 0.711434 0.515322 0.161591 0.436339 0.000109312
AC 244 9.43875 9.43875 9.43771
OP 245 0.638527 0.70714 0.516847 0.163267 0.435962 0.000108453
AC 245 8.89174 8.89174 8.8908
OP 246 0.63226 0.70663 0.518535 0.156349 0.436061 0.000107305
AC 246 7.09115 7.09115 7.0902
OP 247 0.658026 0.703814 0.51433 0.169492 0.436025 0.000110098
AC 247 8.33306 8.33306 8.33213
OP 248 0.645915 0.714162 0.515619 0.162475 0.435677 0.00010909
AC 248 9.77613 9.77613 9.7751
OP 249 0.633849 0.709439 0.511483 0.154706 0.438899 0.000111336
AC 249 7.22466 7.22466 7.22372
OP 250 0.653727 0.686744 0.504889 0.167152 0.442103 0.000117177
AC 250 7.49037 7.49037 7.48965
OP 251 0.634419 0.704295 0.510598 0.161665 0.43839 0.000112663
AC 251 8.63628 8.63628 8.63536
OP 252 0.641665 0.697387 0.503973 0.158671 0.44146 0.000116777
AC 252 8.66588 8.66588 8.66498
OP 253 0.633283 0.699264 0.513664 0.155616 0.442066 0.000111365
AC 253 6.93421 6.93421 6.93337
OP 254 0.64749 0.699914 0.506254 0.16885 0.439841 0.0001152
AC 254 8.84627 8.84627 8.84542
OP 255 0.644475 0.70948 0.515095 0.162423 0.434895 0.000109487
AC 255 8.00909 8.00909 8.00814
OP 256 0.656444 0.702256 0.50437 0.166591 0.44455 0.000116551
AC 256 9.02504 9.02504 9.02422
OP 257 0.637715 0.706683 0.519881 0.155201 0.437231 0.000107123
AC 257 7.64405 7.64405 7.64302
OP 258 0.654751 0.714703 0.517599 0.169488 0.434991 0.000107231
AC 258 9.6095 9.6095 9.60844
OP 259 0.649808 0.695432 0.506421 0.166584 0.443313 0.000115365
AC 259 9.31487 9.31487 9.31406
OP 260 0.648801 0.700972 0.513681 0.161144 0.440029 0.000110868
AC 260 8.77554 8.77554 8.77468
OP 261 0.644686 0.686556 0.502112 0.153191 0.446503 0.000119079
AC 261 7.01745 7.01745 7.01671
OP 262 0.652036 0.686433 0.514834 0.155945 0.437902 0.00011145
AC 262 5.78301 5.78301 5.78227
OP 263 0.648242 0.695914 0.513891 0.166197 0.437921 0.000111299
AC 263 8.16575 8.16575 8.16492
OP 264 0.636742 0.708939 0.512032 0.160726 0.439518 0.000111468
AC 264 8.98747 8.98747 8.98649
OP 265 0.639485 0.694882 0.50002 0.14894 0.444558 0.000119663
AC 265 5.63015 5.63015 5.62934
OP 266 0.652162 0.705112 0.516708 0.166635 0.436624 0.000108755
AC 266 8.84563 8.84563 8.84471
OP 267 0.649602 0.695364 0.503603 0.158649 0.44223 0.000117049
AC 267 8.773 8.773 8.77218
OP 268 0.634374 0.706417 0.522364 0.162147 0.433484 0.000105443
AC 268 7.94067 7.94067 7.93967
OP 269 0.655945 0.714186 0.515841 0.17447 0.435373 0.000108958
AC 269 9.86044 9.86044 9.85943
OP 270 0.640883 0.695011 0.514167 0.158676 0.438173 0.0001111
AC 270 7.61595 7.61595 7.61506
OP 271 0.659604 0.699015 0.506009 0.162395 0.44205 0.000115294
AC 271 8.14542 8.14542 8.14458
OP 272 0.650392 0.699774 0.49714 0.154407 0.441179 0.000120943
AC 272 7.86415 7.86415 7.86331
OP 273 0.645946 0.694081 0.497058 0.153813 0.443888 0.000121324
AC 273 8.6504 8.6504 8.64965
OP 274 0.659495 0.705471 0.524723 0.164034 0.433442 0.000104509
AC 274 8.11092 8.11092 8.10991
OP 275 0.635989 0.715656 0.518523 0.160248 0.434821 0.000107118
AC 275 8.14317 8.14317 8.14215
OP 276 0.642253 0.694917 0.506267 0.153846 0.440987 0.000115625
AC 276 7.3287 7.3287 7.32788
OP 277 0.659139 0.699758 0.507462 0.160714 0.437919 0.000114235
AC 277 8.55982 8.55982 8.55895
OP 278 0.64648 0.714807 0.521294 0.166122 0.433041 0.000105316
AC 278 8.80282 8.80282 8.80175
OP 279 0.648331 0.707481 0.515495 0.168656 0.437361 0.000109867
AC 279 8.93163 8.93163 8.93071
OP 280 0.645302 0.692722 0.505774 0.16574 0.44212 0.000116169
AC 280 7.75191 7.75191 7.75111
OP 281 0.65797 0.711456 0.518549 0.168991 0.435036 0.000107805
AC 281 8.51984 8.51984 8.51883
OP 282 0.642865 0.693098 0.504815 0.155989 0.442562 0.000116597
AC 282 7.46074 7.46074 7.45997
OP 283 0.622472 0.698068 0.510118 0.1411 0.441984 0.000113083
AC 283 4.7545 4.7545 4.75363
OP 284 0.648802 0.698425 0.508276 0.160996 0.43883 0.000114297
AC 284 8.7183 8.7183 8.71741
OP 285 0.653746 0.681673 0.503143 0.162627 0.444032 0.00011816
AC 285 5.04833 5.04833 5.04763
OP 286 0.650574 0.705542 0.50988 0.16644 0.438958 0.000112621
AC 286 8.75184 8.75184 8.75089
OP 287 0.665109 0.696627 0.516943 0.162954 0.438385 0.000109506
AC 287 8.36968 8.36968 8.36878
OP 288 0.636135 0.696877 0.503308 0.154497 0.442953 0.000117608
AC 288 5.73872 5.73872 5.73791
OP 289 0.644928 0.703874 0.515818 0.161602 0.435097 0.000109201
AC 289 7.54576 7.54576 7.5448
OP 290 0.640824 0.69918 0.514042 0.156935 0.438074 0.000110857
AC 290 7.73573 7.73573 7.73487
OP 291 0.664371 0.701372 0.509341 0.169944 0.437847 0.000113584
AC 291 9.32309 9.32309 9.32219
OP 292 0.638591 0.700156 0.508381 0.156099 0.440491 0.000114205
AC 292 8.26232 8.26232 8.26148
OP 293 0.644642 0.697806 0.504467 0.162502 0.441035 0.000116899
AC 293 8.4112 8.4112 8.41039
OP 294 0.63811 0.696373 0.512812 0.155328 0.438459 0.000111805
AC 294 7.86264 7.86264 7.86178
OP 295 0.641903 0.700005 0.511341 0.154533 0.437171 0.000112887
AC 295 6.0203 6.0203 6.01944
OP 296 0.665216 0.704899 0.520894 0.170649 0.433985 0.000106636
AC 296 8.04665 8.04665 8.0457
OP 297 0.651509 0.70461 0.515356 0.164639 0.436766 0.000109833
AC 297 7.60837 7.60837 7.6075
OP 298 0.633088 0.715257 0.52173 0.160751 0.433513 0.00010546
AC 298 7.89705 7.89705 7.89593
OP 299 0.644147 0.683287 0.502897 0.15693 0.444977 0.000118716
AC 299 7.39158 7.39158 7.39087
