OP 0 0.576062 0.636912 0.450418 0.152801 0.385728 0.000107035
AC 0 7.71284 7.71284 7.71212
OP 1 0.59408 0.631392 0.450553 0.164541 0.388037 0.00010704
AC 1 7.36795 7.36795 7.36728
OP 2 0.586068 0.633391 0.449407 0.15125 0.388331 0.000107499
AC 2 7.57404 7.57404 7.57332
OP 3 0.581656 0.639476 0.447192 0.153373 0.388578 0.000108204
AC 3 7.0915 7.0915 7.09081
OP 4 0.578215 0.642502 0.457047 0.164385 0.38313 0.000102443
AC 4 8.19751 8.19751 8.19674
OP 5 0.589285 0.623877 0.451758 0.167173 0.38851 0.000106312
AC 5 6.71395 6.71395 6.71334
OP 6 0.581284 0.626069 0.45147 0.15172 0.38824 0.000106697
AC 6 5.19652 5.19652 5.19591
OP 7 0.595606 0.612101 0.443339 0.157726 0.388647 0.000112438
AC 7 5.08197 5.08197 5.08147
OP 8 0.577064 0.633157 0.44543 0.157704 0.388987 0.000110061
AC 8 6.91492 6.91492 6.9143
OP 9 0.577977 0.623946 0.441612 0.146513 0.390865 0.000112694
AC 9 5.58683 5.58683 5.5862
OP 10 0.585751 0.643501 0.456185 0.161522 0.384185 0.00010223
AC 10 8.35065 8.35065 8.34981
OP 11 0.591254 0.638256 0.449677 0.163055 0.386692 0.000106848
AC 11 7.85401 7.85401 7.85329
OP 12 0.598345 0.623596 0.43665 0.153662 0.393283 0.000115253
AC 12 6.47222 6.47222 6.47163
OP 13 0.574714 0.618902 0.445477 0.152107 0.389465 0.000110864
AC 13 3.84255 3.84255 3.84197
OP 14 0.561226 0.61318 0.437389 0.14045 0.395215 0.000116045
AC 14 2.34276 2.34276 2.34225
OP 15 0.582931 0.628897 0.441264 0.15568 0.38966 0.000112573
AC 15 7.1528 7.1528 7.15218
OP 16 0.580437 0.633446 0.455388 0.157891 0.384473 0.000104534
AC 16 7.09987 7.09987 7.09918
OP 17 0.588622 0.635519 0.448281 0.16564 0.386876 0.00010746
AC 17 6.99404 6.99404 6.99332
OP 18 0.588405 0.615513 0.429355 0.155456 0.396412 0.000119915
AC 18 6.4214 6.4214 6.42088
OP 19 0.582474 0.642276 0.456686 0.15473 0.385532 0.000102828
AC 19 6.77033 6.77033 6.7695
OP 20 0.574648 0.633294 0.444575 0.153084 0.389433 0.000110609
AC 20 5.95033 5.95033 5.94971
OP 21 0.588437 0.637761 0.453957 0.151811 0.384684 0.000104835
AC 21 7.00861 7.00861 7.00787
OP 22 0.58128 0.624797 0.444619 0.155844 0.388768 0.000110984
AC 22 6.27368 6.27368 6.27305
OP 23 0.590021 0.625234 0.44492 0.15644 0.392316 0.000110368
AC 23 5.59622 5.59622 5.59563
OP 24 0.579784 0.626395 0.440588 0.152138 0.390718 0.000112797
AC 24 6.4003 6.4003 6.39972
OP 25 0.588087 0.629501 0.438926 0.156706 0.392093 0.000113519
AC 25 7.09867 7.09867 7.09806
OP 26 0.574335 0.635622 0.440938 0.154049 0.391345 0.000112534
AC 26 7.02737 7.02737 7.02671
OP 27 0.589227 0.621043 0.434145 0.15609 0.392332 0.000117034
AC 27 7.34326 7.34326 7.3427
OP 28 0.593819 0.626767 0.439486 0.154272 0.391897 0.000113818
AC 28 6.0404 6.0404 6.03983
OP 29 0.588833 0.62241 0.448133 0.161003 0.388422 0.000109046
AC 29 6.15569 6.15569 6.15508
OP 30 0.575355 0.624357 0.450547 0.156181 0.3863 0.000106702
AC 30 6.07408 6.07408 6.07347
OP 31 0.589722 0.617785 0.445169 0.163132 0.392106 0.000111232
AC 31 6.94621 6.94621 6.94563
OP 32 0.592474 0.622951 0.444039 0.161239 0.390455 0.000111119
AC 32 6.51012 6.51012 6.5095
OP 33 0.600124 0.633629 0.456374 0.160013 0.384173 0.000103515
AC 33 6.82832 6.82832 6.82759
OP 34 0.581279 0.628535 0.441803 0.154837 0.391577 0.000111911
AC 34 6.99198 6.99198 6.99134
OP 35 0.585654 0.628782 0.443742 0.155925 0.388691 0.000111192
AC 35 6.40011 6.40011 6.39952
OP 36 0.576131 0.636032 0.449004 0.156815 0.386777 0.000107115
AC 36 6.72132 6.72132 6.72066
OP 37 0.583079 0.626972 0.438136 0.15255 0.393374 0.000114482
AC 37 7.25482 7.25482 7.2542
OP 38 0.592089 0.630761 0.447564 0.153944 0.388871 0.000108477
AC 38 6.84013 6.84013 6.83946
OP 39 0.590812 0.623807 0.441034 0.149912 0.39261 0.000113142
AC 39 6.47541 6.47541 6.47482
OP 40 0.585787 0.633758 0.448282 0.155324 0.386667 0.000108612
AC 40 7.37159 7.37159 7.37091
OP 41 0.5791 0.6247 0.44457 0.15438 0.390029 0.000110408
AC 41 5.85315 5.85315 5.85254
OP 42 0.570105 0.621514 0.454058 0.151879 0.385974 0.000105206
AC 42 5.31349 5.31349 5.31286
OP 43 0.574162 0.625426 0.449317 0.147578 0.389078 0.000108026
AC 43 4.1508 4.1508 4.15019
OP 44 0.586281 0.62555 0.44327 0.155609 0.38962 0.000111498
AC 44 7.29027 7.29027 7.28967
OP 45 0.589432 0.614708 0.436502 0.158441 0.393338 0.00011621
AC 45 5.71005 5.71005 5.70954
OP 46 0.581759 0.628536 0.44901 0.160864 0.388753 0.000107745
AC 46 5.91452 5.91452 5.91388
OP 47 0.570769 0.613192 0.427508 0.147894 0.397349 0.000121773
AC 47 5.38245 5.38245 5.38197
OP 48 0.588253 0.629047 0.445449 0.164081 0.389972 0.000109523
AC 48 7.28426 7.28426 7.28365
OP 49 0.598232 0.636092 0.444591 0.164551 0.388852 0.000109424
AC 49 7.58278 7.58278 7.5821
OP 50 0.592836 0.6392 0.454238 0.159384 0.383912 0.000103416
AC 50 7.83385 7.83385 7.83308
OP 51 0.576598 0.62916 0.441852 0.151823 0.391174 0.00011207
AC 51 6.97234 6.97234 6.97171
OP 52 0.584314 0.618069 0.440723 0.151682 0.39126 0.000113282
AC 52 6.18216 6.18216 6.18157
OP 53 0.572243 0.621103 0.448066 0.144068 0.391603 0.000109483
AC 53 4.196 4.196 4.19542
OP 54 0.588498 0.618577 0.443163 0.150871 0.392937 0.00011234
AC 54 5.25409 5.25409 5.25352
OP 55 0.593874 0.640115 0.455777 0.163917 0.383626 0.000103443
AC 55 8.2656 8.2656 8.26483
OP 56 0.581202 0.631875 0.444973 0.157742 0.388196 0.000110008
AC 56 7.40703 7.40703 7.40638
OP 57 0.584943 0.634829 0.447067 0.157574 0.389901 0.000108549
AC 57 6.51057 6.51057 6.50988
OP 58 0.567501 0.642933 0.454738 0.156057 0.384648 0.000103579
AC 58 7.81393 7.81393 7.81314
OP 59 0.577682 0.620914 0.446629 0.149413 0.389477 0.000109571
AC 59 4.92504 4.92504 4.92443
OP 60 0.586873 0.62572 0.444697 0.160162 0.389938 0.000110823
AC 60 6.62763 6.62763 6.62703
OP 61 0.569556 0.616528 0.438774 0.142737 0.392325 0.000115217
AC 61 3.9905 3.9905 3.98997
OP 62 0.574523 0.627626 0.441974 0.153162 0.392172 0.000112583
AC 62 7.35717 7.35717 7.35655
OP 63 0.593478 0.633733 0.447809 0.162414 0.38924 0.000108159
AC 63 7.16634 7.16634 7.16565
OP 64 0.59762 0.637483 0.455689 0.166727 0.385017 0.000103862
AC 64 7.95915 7.95915 7.95844
OP 65 0.597211 0.624486 0.450063 0.164534 0.387458 0.000107847
AC 65 7.31628 7.31628 7.31565
OP 66 0.585409 0.637263 0.449871 0.161041 0.386913 0.000107037
AC 66 7.46247 7.46247 7.46181
OP 67 0.581991 0.631694 0.452013 0.158193 0.38753 0.000105824
AC 67 6.31107 6.31107 6.31035
OP 68 0.570654 0.629857 0.452196 0.155772 0.386968 0.000105898
AC 68 5.50128 5.50128 5.50064
OP 69 0.586179 0.630349 0.449678 0.154054 0.386884 0.000107087
AC 69 6.69488 6.69488 6.69424
OP 70 0.570905 0.630577 0.447539 0.144133 0.386039 0.00010855
AC 70 6.24075 6.24075 6.24006
OP 71 0.588746 0.628659 0.450065 0.159507 0.387106 0.000107233
AC 71 6.70336 6.70336 6.7027
OP 72 0.601089 0.629335 0.444223 0.157577 0.388891 0.000110317
AC 72 7.29048 7.29048 7.28979
OP 73 0.577204 0.636126 0.444639 0.156846 0.39054 0.000109899
AC 73 7.79893 7.79893 7.79822
OP 74 0.588881 0.625067 0.449137 0.16373 0.390908 0.000108829
AC 74 6.60468 6.60468 6.60411
OP 75 0.581921 0.629096 0.444433 0.147869 0.391915 0.000110501
AC 75 6.42453 6.42453 6.42388
OP 76 0.599852 0.629954 0.44693 0.165524 0.386616 0.000108939
AC 76 7.13543 7.13543 7.13478
OP 77 0.592974 0.636805 0.456615 0.16162 0.383662 0.000102967
AC 77 7.68505 7.68505 7.68431
OP 78 0.596549 0.624269 0.446671 0.165151 0.390881 0.000109534
AC 78 6.13347 6.13347 6.13288
OP 79 0.576405 0.625124 0.447599 0.149426 0.389282 0.000109151
AC 79 5.66491 5.66491 5.66429
OP 80 0.583612 0.630848 0.458025 0.159045 0.382086 0.000103136
AC 80 6.99519 6.99519 6.99451
OP 81 0.595376 0.630868 0.439775 0.159456 0.392569 0.000113225
AC 81 7.09796 7.09796 7.09734
OP 82 0.600514 0.630465 0.447881 0.164075 0.389607 0.000108341
AC 82 6.99903 6.99903 6.99838
OP 83 0.587187 0.627224 0.444966 0.156837 0.388768 0.000110391
AC 83 7.01452 7.01452 7.01389
OP 84 0.580384 0.634087 0.448164 0.152367 0.388051 0.000108663
AC 84 7.26199 7.26199 7.2613
OP 85 0.577997 0.632987 0.449055 0.160626 0.38772 0.000107633
AC 85 6.91235 6.91235 6.91166
OP 86 0.594003 0.630557 0.454518 0.158807 0.384446 0.000104379
AC 86 5.97029 5.97029 5.96962
OP 87 0.593227 0.618221 0.451466 0.158581 0.388288 0.00010743
AC 87 5.95771 5.95771 5.95713
OP 88 0.587441 0.625186 0.450098 0.157762 0.385482 0.00010716
AC 88 6.23933 6.23933 6.2387
OP 89 0.583305 0.619102 0.426084 0.149565 0.397387 0.000122692
AC 89 6.13455 6.13455 6.13402
OP 90 0.584131 0.621712 0.435683 0.143111 0.392316 0.000115963
AC 90 5.3968 5.3968 5.3962
OP 91 0.587836 0.634985 0.447837 0.155233 0.391163 0.000108753
AC 91 7.51026 7.51026 7.50961
OP 92 0.573744 0.635684 0.456161 0.156206 0.385701 0.00010362
AC 92 6.56659 6.56659 6.56591
OP 93 0.610264 0.620823 0.43694 0.158839 0.390895 0.00011569
AC 93 6.48061 6.48061 6.48004
OP 94 0.575819 0.633076 0.446004 0.155589 0.389479 0.000109519
AC 94 6.55741 6.55741 6.55674
OP 95 0.581662 0.639822 0.464107 0.161125 0.382938 9.88937E-05
AC 95 7.69707 7.69707 7.69628
OP 96 0.585542 0.632602 0.447769 0.15015 0.388245 0.000108783
AC 96 6.61603 6.61603 6.61537
OP 97 0.591988 0.632591 0.453969 0.155519 0.387529 0.000104994
AC 97 5.47165 5.47165 5.47095
OP 98 0.588929 0.627722 0.446615 0.164069 0.388665 0.000108681
AC 98 7.07461 7.07461 7.07399
OP 99 0.579051 0.631806 0.450771 0.148355 0.38729 0.000106809
AC 99 6.17663 6.17663 6.17596
OP 100 0.587881 0.625571 0.451247 0.153571 0.386882 0.000107035
AC 100 5.49136 5.49136 5.49073
OP 101 0.574401 0.635627 0.45132 0.155329 0.387303 0.000106485
AC 101 7.2688 7.2688 7.26813
OP 102 0.577525 0.633928 0.443499 0.148076 0.391719 0.00011087
AC 102 6.61748 6.61748 6.61682
OP 103 0.574534 0.635876 0.451447 0.149961 0.387988 0.000106393
AC 103 6.22442 6.22442 6.22373
OP 104 0.578607 0.624532 0.443517 0.151463 0.392226 0.000111633
AC 104 5.62713 5.62713 5.62655
OP 105 0.575565 0.63674 0.458015 0.158565 0.382273 0.00010184
AC 105 6.38029 6.38029 6.37951
OP 106 0.590804 0.611176 0.432103 0.155193 0.393213 0.000118224
AC 106 4.39768 4.39768 4.39719
OP 107 0.580745 0.618209 0.451049 0.151816 0.386034 0.000107435
AC 107 3.9579 3.9579 3.95732
OP 108 0.569298 0.637268 0.444157 0.154841 0.389314 0.000109996
AC 108 7.32366 7.32366 7.32296
OP 109 0.581429 0.626063 0.439312 0.156598 0.393699 0.000113799
AC 109 6.9359 6.9359 6.93535
OP 110 0.595661 0.636243 0.452547 0.163726 0.38554 0.000105597
AC 110 7.53809 7.53809 7.53736
OP 111 0.588442 0.639097 0.449288 0.157103 0.387688 0.000107052
AC 111 7.40826 7.40826 7.40756
OP 112 0.593962 0.626465 0.440951 0.164394 0.392405 0.000112966
AC 112 8.01746 8.01746 8.01685
OP 113 0.579892 0.633411 0.452405 0.154984 0.386314 0.000105248
AC 113 6.72358 6.72358 6.72284
OP 114 0.582091 0.621823 0.448232 0.154232 0.387208 0.000108797
AC 114 5.4706 5.4706 5.47
OP 115 0.57686 0.632593 0.450628 0.157984 0.387039 0.000106929
AC 115 6.81969 6.81969 6.81906
OP 116 0.590848 0.615208 0.444393 0.155802 0.390826 0.000111467
AC 116 5.27791 5.27791 5.27734
OP 117 0.593176 0.634274 0.4504 0.161544 0.383904 0.000106337
AC 117 8.21129 8.21129 8.21056
OP 118 0.590012 0.621445 0.443325 0.148657 0.390694 0.000112066
AC 118 4.22702 4.22702 4.22643
OP 119 0.580282 0.628966 0.444173 0.158145 0.38879 0.000110513
AC 119 6.92381 6.92381 6.92318
OP 120 0.573499 0.625526 0.448328 0.146055 0.390454 0.000108732
AC 120 4.99743 4.99743 4.99681
OP 121 0.609841 0.622559 0.444784 0.166613 0.389186 0.000110103
AC 121 6.86449 6.86449 6.86389
OP 122 0.591281 0.635065 0.458543 0.156297 0.382112 0.00010205
AC 122 6.51995 6.51995 6.51925
OP 123 0.599209 0.628587 0.456828 0.164721 0.382856 0.000102738
AC 123 7.33605 7.33605 7.33532
OP 124 0.586683 0.630494 0.445523 0.157928 0.390417 0.000109493
AC 124 6.92468 6.92468 6.92401
OP 125 0.567048 0.632199 0.443061 0.149739 0.388898 0.000110823
AC 125 6.96075 6.96075 6.96007
OP 126 0.584008 0.639656 0.448235 0.161923 0.386092 0.000107773
AC 126 7.58311 7.58311 7.58242
OP 127 0.59165 0.631036 0.445455 0.160398 0.390353 0.000110041
AC 127 7.26365 7.26365 7.263
OP 128 0.595492 0.626645 0.444507 0.157715 0.390326 0.000110333
AC 128 6.36415 6.36415 6.36354
OP 129 0.588198 0.630003 0.452643 0.15701 0.385507 0.000105589
AC 129 6.46667 6.46667 6.46598
OP 130 0.567451 0.625503 0.448498 0.14804 0.38982 0.000108419
AC 130 4.92825 4.92825 4.92764
OP 131 0.599704 0.628422 0.450045 0.157457 0.386338 0.000107138
AC 131 7.05528 7.05528 7.05465
OP 132 0.590837 0.63918 0.457289 0.16566 0.3849 0.000102287
AC 132 7.58682 7.58682 7.58606
OP 133 0.584785 0.637663 0.454142 0.165853 0.384339 0.000104018
AC 133 7.9731 7.9731 7.97239
OP 134 0.570139 0.62896 0.441159 0.150976 0.392633 0.00011267
AC 134 6.60585 6.60585 6.60519
OP 135 0.589122 0.622696 0.445681 0.152506 0.389062 0.000109773
AC 135 6.047 6.047 6.04639
OP 136 0.590902 0.642861 0.449518 0.161729 0.386745 0.000106244
AC 136 8.47668 8.47668 8.47594
OP 137 0.593378 0.633471 0.444733 0.162258 0.389025 0.000109796
AC 137 7.80536 7.80536 7.80472
OP 138 0.587932 0.638054 0.453181 0.16639 0.385534 0.00010493
AC 138 8.35695 8.35695 8.35622
OP 139 0.584773 0.631702 0.455013 0.160732 0.385848 0.000104616
AC 139 6.40939 6.40939 6.40874
OP 140 0.582783 0.607084 0.436877 0.147039 0.395555 0.000116235
AC 140 2.97781 2.97781 2.97733
OP 141 0.578568 0.62492 0.443776 0.154171 0.390871 0.000111627
AC 141 6.36913 6.36913 6.36856
OP 142 0.582187 0.612625 0.444839 0.154688 0.3897 0.000111014
AC 142 4.61608 4.61608 4.61555
OP 143 0.593801 0.637867 0.443111 0.152449 0.387863 0.000110633
AC 143 8.5745 8.5745 8.57378
OP 144 0.577394 0.631072 0.450889 0.151928 0.388569 0.000106705
AC 144 6.73661 6.73661 6.73592
OP 145 0.593801 0.616742 0.439018 0.15445 0.390502 0.000114662
AC 145 5.40155 5.40155 5.40099
OP 146 0.578833 0.621868 0.441944 0.152302 0.389883 0.000112008
AC 146 5.68366 5.68366 5.68307
OP 147 0.589139 0.625055 0.434218 0.152027 0.395262 0.000116557
AC 147 6.81904 6.81904 6.81845
OP 148 0.565854 0.616636 0.436058 0.140923 0.394047 0.000116682
AC 148 3.681 3.681 3.68048
OP 149 0.584831 0.630687 0.453901 0.163683 0.387219 0.00010472
AC 149 7.11935 7.11935 7.11864
OP 150 0.589915 0.62994 0.439986 0.159551 0.39241 0.000113348
AC 150 7.72866 7.72866 7.72805
OP 151 0.584542 0.623155 0.442052 0.154988 0.393153 0.000112792
AC 151 7.05131 7.05131 7.05073
OP 152 0.598303 0.62505 0.456068 0.164883 0.386244 0.000103634
AC 152 6.64392 6.64392 6.64328
OP 153 0.581515 0.62257 0.450366 0.150803 0.388159 0.000107795
AC 153 5.28678 5.28678 5.28617
OP 154 0.599538 0.628651 0.445694 0.158249 0.387502 0.000110387
AC 154 7.06091 7.06091 7.06026
OP 155 0.599462 0.624268 0.449181 0.161759 0.386856 0.000108193
AC 155 5.85235 5.85235 5.85177
OP 156 0.60255 0.635212 0.447492 0.16824 0.384646 0.000107961
AC 156 7.94457 7.94457 7.94388
OP 157 0.588677 0.617827 0.436867 0.154293 0.392331 0.00011628
AC 157 4.99942 4.99942 4.99891
OP 158 0.605588 0.632369 0.452566 0.165119 0.385697 0.000105434
AC 158 8.50158 8.50158 8.50087
OP 159 0.584682 0.632311 0.450744 0.159647 0.385069 0.00010656
AC 159 6.93063 6.93063 6.92995
OP 160 0.59328 0.629807 0.44223 0.156028 0.39015 0.000111902
AC 160 6.74357 6.74357 6.74294
OP 161 0.589474 0.644295 0.449927 0.161761 0.383631 0.000106239
AC 161 8.54415 8.54415 8.54338
OP 162 0.585804 0.624891 0.438299 0.152515 0.39271 0.000114312
AC 162 6.03031 6.03031 6.02973
OP 163 0.597283 0.626688 0.44447 0.159255 0.388003 0.000110522
AC 163 6.99003 6.99003 6.98939
OP 164 0.577588 0.630013 0.443147 0.148646 0.388646 0.000111547
AC 164 6.63717 6.63717 6.63654
OP 165 0.572382 0.625689 0.437468 0.150958 0.392187 0.000115166
AC 165 6.33159 6.33159 6.33103
OP 166 0.580402 0.633023 0.447471 0.154954 0.390327 0.00010905
AC 166 6.43992 6.43992 6.4393
OP 167 0.582991 0.616879 0.437019 0.148891 0.392578 0.000115899
AC 167 4.56225 4.56225 4.56171
OP 168 0.576974 0.619533 0.440399 0.147521 0.392903 0.000113396
AC 168 5.71321 5.71321 5.71262
OP 169 0.595543 0.617125 0.441741 0.154769 0.388149 0.000112728
AC 169 6.44984 6.44984 6.44928
OP 170 0.593074 0.633375 0.445931 0.167842 0.386856 0.000108935
AC 170 8.24745 8.24745 8.24678
OP 171 0.593249 0.632374 0.454648 0.165401 0.386071 0.000104817
AC 171 7.42875 7.42875 7.42807
OP 172 0.565452 0.62376 0.450901 0.144705 0.389638 0.000107069
AC 172 5.13027 5.13027 5.12967
OP 173 0.579934 0.621556 0.447959 0.147878 0.388098 0.000108706
AC 173 6.86995 6.86995 6.86931
OP 174 0.600978 0.625625 0.450225 0.165262 0.385693 0.000107546
AC 174 7.00823 7.00823 7.00763
OP 175 0.580274 0.626823 0.448791 0.148078 0.387227 0.000108168
AC 175 5.4503 5.4503 5.44969
OP 176 0.590353 0.639872 0.447215 0.157572 0.386963 0.000108077
AC 176 8.09882 8.09882 8.0981
OP 177 0.594937 0.616564 0.445613 0.160883 0.39027 0.000110293
AC 177 5.8746 5.8746 5.87404
OP 178 0.590228 0.618782 0.435535 0.155414 0.392376 0.000115976
AC 178 6.6414 6.6414 6.64086
OP 179 0.586769 0.613195 0.436852 0.160625 0.394277 0.000115895
AC 179 5.90957 5.90957 5.90905
OP 180 0.581212 0.632444 0.447761 0.150515 0.388735 0.000108609
AC 180 6.96599 6.96599 6.96531
OP 181 0.575136 0.631126 0.448206 0.153957 0.387079 0.0001083
AC 181 5.98258 5.98258 5.98194
OP 182 0.586318 0.620104 0.433662 0.153242 0.39608 0.000117769
AC 182 6.62826 6.62826 6.62771
OP 183 0.586274 0.624645 0.446935 0.159556 0.388559 0.000109338
AC 183 5.84419 5.84419 5.84359
OP 184 0.594746 0.630384 0.442561 0.160907 0.389024 0.000111074
AC 184 7.61969 7.61969 7.61903
OP 185 0.574766 0.617328 0.445023 0.152247 0.391519 0.000110951
AC 185 4.21899 4.21899 4.21845
OP 186 0.575638 0.625379 0.453308 0.153753 0.385363 0.000105343
AC 186 4.55474 4.55474 4.55412
OP 187 0.593604 0.628506 0.447177 0.158642 0.38893 0.000109081
AC 187 6.79739 6.79739 6.79676
OP 188 0.59934 0.635769 0.452732 0.169139 0.385412 0.000105559
AC 188 7.55378 7.55378 7.55308
OP 189 0.589525 0.635193 0.442301 0.160148 0.389979 0.000111788
AC 189 8.00423 8.00423 8.00359
OP 190 0.585336 0.637025 0.449979 0.15886 0.385688 0.000106953
AC 190 7.02908 7.02908 7.02842
OP 191 0.591177 0.620377 0.446282 0.158466 0.392062 0.000110324
AC 191 6.45561 6.45561 6.45504
OP 192 0.593874 0.63005 0.434015 0.156787 0.394715 0.000116853
AC 192 7.89294 7.89294 7.89235
OP 193 0.588358 0.616676 0.446447 0.157524 0.38836 0.000110161
AC 193 5.59374 5.59374 5.59317
OP 194 0.59362 0.626485 0.453281 0.164103 0.383643 0.000105068
AC 194 6.75047 6.75047 6.74983
OP 195 0.588341 0.639307 0.453402 0.161 0.383812 0.000104601
AC 195 6.43192 6.43192 6.43116
OP 196 0.580975 0.643698 0.452048 0.154968 0.386108 0.000105395
AC 196 7.76849 7.76849 7.7677
OP 197 0.58272 0.636693 0.453229 0.164241 0.384061 0.000104889
AC 197 7.85615 7.85615 7.85539
OP 198 0.574895 0.631144 0.450517 0.151691 0.389821 0.000107297
AC 198 5.72638 5.72638 5.72574
OP 199 0.583936 0.624923 0.441349 0.158628 0.391906 0.000112729
AC 199 7.27091 7.27091 7.27032
OP 200 0.576081 0.634974 0.441681 0.150465 0.389961 0.000111964
AC 200 7.53412 7.53412 7.53339
OP 201 0.572274 0.626846 0.447325 0.152448 0.389072 0.000109049
AC 201 6.36536 6.36536 6.36475
OP 202 0.581394 0.633039 0.452926 0.152666 0.385682 0.000105122
AC 202 6.60101 6.60101 6.60032
OP 203 0.573899 0.634392 0.44761 0.144007 0.388892 0.000108159
AC 203 5.83353 5.83353 5.83286
OP 204 0.565213 0.618519 0.446817 0.150463 0.386586 0.000109749
AC 204 3.34507 3.34507 3.34451
OP 205 0.575383 0.627933 0.43984 0.150616 0.392161 0.000113646
AC 205 6.19272 6.19272 6.19215
OP 206 0.563374 0.631627 0.453135 0.146294 0.386707 0.000105704
AC 206 6.22431 6.22431 6.22362
OP 207 0.591904 0.63055 0.44677 0.156671 0.387635 0.000109266
AC 207 6.70947 6.70947 6.70882
OP 208 0.577481 0.636021 0.447438 0.163602 0.387628 0.000108612
AC 208 7.62641 7.62641 7.62572
OP 209 0.589547 0.620178 0.44479 0.157347 0.390216 0.000110594
AC 209 6.34967 6.34967 6.34905
OP 210 0.597398 0.628771 0.441939 0.159258 0.392539 0.000111898
AC 210 6.84874 6.84874 6.84813
OP 211 0.563875 0.633142 0.455892 0.151847 0.386568 0.000103971
AC 211 6.05583 6.05583 6.05513
OP 212 0.600636 0.623923 0.430007 0.160492 0.396238 0.000120064
AC 212 7.77506 7.77506 7.77452
OP 213 0.5749 0.6193 0.434633 0.139095 0.395558 0.000117335
AC 213 4.6822 4.6822 4.68167
OP 214 0.596932 0.617968 0.450192 0.153049 0.388247 0.000108151
AC 214 5.56312 5.56312 5.56254
OP 215 0.597327 0.623955 0.452239 0.161664 0.38721 0.000106667
AC 215 5.89557 5.89557 5.89495
OP 216 0.583161 0.631973 0.453367 0.155196 0.38486 0.000105546
AC 216 7.04843 7.04843 7.04771
OP 217 0.587271 0.636878 0.447257 0.154283 0.389058 0.000108306
AC 217 8.07737 8.07737 8.07667
OP 218 0.587827 0.632966 0.446577 0.15789 0.387119 0.000108822
AC 218 7.73443 7.73443 7.73376
OP 219 0.586211 0.624539 0.451334 0.149048 0.389954 0.000107122
AC 219 5.81806 5.81806 5.81744
OP 220 0.584562 0.62721 0.436092 0.151049 0.393021 0.000115727
AC 220 6.99646 6.99646 6.99581
OP 221 0.584208 0.628532 0.4437 0.15559 0.391528 0.000111134
AC 221 7.42627 7.42627 7.42563
OP 222 0.570879 0.625404 0.438705 0.148934 0.38954 0.000113803
AC 222 6.11029 6.11029 6.10968
OP 223 0.574664 0.634751 0.449425 0.149388 0.387072 0.00010747
AC 223 6.45805 6.45805 6.45737
OP 224 0.577074 0.63528 0.441843 0.14948 0.392649 0.000111603
AC 224 7.32111 7.32111 7.3204
OP 225 0.583593 0.640765 0.449184 0.159055 0.386912 0.000106959
AC 225 7.26546 7.26546 7.26476
OP 226 0.599395 0.638124 0.457088 0.158493 0.381349 0.000102628
AC 226 6.50471 6.50471 6.50394
OP 227 0.577598 0.621035 0.444201 0.14811 0.388122 0.000111264
AC 227 4.67009 4.67009 4.66953
OP 228 0.589404 0.62738 0.446387 0.155183 0.388656 0.000109568
AC 228 6.11405 6.11405 6.11342
OP 229 0.570718 0.627601 0.440623 0.152235 0.392365 0.000113332
AC 229 6.07045 6.07045 6.06984
OP 230 0.557956 0.636284 0.444545 0.152821 0.390384 0.000109943
AC 230 7.33452 7.33452 7.33385
OP 231 0.588672 0.620386 0.448635 0.154522 0.386717 0.000108218
AC 231 5.4391 5.4391 5.43845
OP 232 0.596851 0.626787 0.454725 0.163595 0.384737 0.000104689
AC 232 6.20201 6.20201 6.20137
OP 233 0.592068 0.618313 0.441173 0.157987 0.3914 0.000113172
AC 233 5.57738 5.57738 5.57684
OP 234 0.571921 0.632822 0.445838 0.148954 0.390061 0.000109368
AC 234 7.14997 7.14997 7.14929
OP 235 0.587127 0.611692 0.43733 0.151424 0.393041 0.000116029
AC 235 5.19838 5.19838 5.19788
OP 236 0.577348 0.634858 0.447548 0.154063 0.387596 0.000108458
AC 236 6.89719 6.89719 6.89652
OP 237 0.570787 0.635359 0.445776 0.153325 0.387795 0.000109505
AC 237 6.88386 6.88386 6.88321
OP 238 0.576635 0.635323 0.45399 0.154837 0.386636 0.000104573
AC 238 6.58457 6.58457 6.58388
OP 239 0.586138 0.636036 0.445836 0.158258 0.388747 0.000109391
AC 239 7.52239 7.52239 7.52172
OP 240 0.592008 0.63241 0.442952 0.153529 0.388259 0.000110471
AC 240 7.84729 7.84729 7.84662
OP 241 0.575831 0.627502 0.44569 0.153101 0.38879 0.0001098
AC 241 6.28423 6.28423 6.28356
OP 242 0.58648 0.633364 0.440854 0.15807 0.391032 0.000112911
AC 242 7.60467 7.60467 7.604
OP 243 0.583043 0.641878 0.454377 0.16771 0.384562 0.000104065
AC 243 8.42608 8.42608 8.42535
OP 244 0.583605 0.618336 0.434745 0.152681 0.396639 0.000116941
AC 244 4.52316 4.52316 4.52263
OP 245 0.572595 0.64345 0.453583 0.159484 0.385999 0.000105015
AC 245 7.57921 7.57921 7.57847
OP 246 0.590654 0.622221 0.44899 0.155463 0.388528 0.000108209
AC 246 6.16665 6.16665 6.16605
OP 247 0.581408 0.62872 0.443299 0.162326 0.390706 0.000111774
AC 247 6.96413 6.96413 6.96352
OP 248 0.590272 0.624661 0.444786 0.1633 0.39151 0.000110846
AC 248 7.04052 7.04052 7.03994
OP 249 0.577017 0.628595 0.447186 0.153642 0.388496 0.000108857
AC 249 4.74373 4.74373 4.74309
OP 250 0.594186 0.626583 0.438299 0.155046 0.391637 0.000114855
AC 250 6.11586 6.11586 6.1153
OP 251 0.573693 0.642159 0.454824 0.163245 0.383318 0.000103434
AC 251 8.35344 8.35344 8.35266
OP 252 0.5918 0.625197 0.448007 0.160312 0.38631 0.000108837
AC 252 6.03426 6.03426 6.03366
OP 253 0.580842 0.641332 0.453863 0.160904 0.384175 0.000104994
AC 253 8.16688 8.16688 8.16613
OP 254 0.580471 0.626535 0.43917 0.158073 0.392474 0.000113979
AC 254 6.21437 6.21437 6.21379
OP 255 0.580072 0.627194 0.443963 0.156045 0.3907 0.000111302
AC 255 5.8167 5.8167 5.81611
OP 256 0.5865 0.627354 0.449428 0.15989 0.388038 0.000107836
AC 256 6.97372 6.97372 6.97311
OP 257 0.574485 0.631393 0.448124 0.152106 0.389221 0.000108593
AC 257 6.62673 6.62673 6.62606
OP 258 0.60811 0.624707 0.446671 0.162169 0.389618 0.000109441
AC 258 7.26247 7.26247 7.26187
OP 259 0.577168 0.636439 0.452497 0.154348 0.386984 0.000105936
AC 259 6.94949 6.94949 6.94877
OP 260 0.583853 0.628279 0.446632 0.160618 0.386545 0.000109209
AC 260 7.21911 7.21911 7.21846
OP 261 0.568946 0.626844 0.45214 0.15111 0.38605 0.000105543
AC 261 6.09623 6.09623 6.09556
OP 262 0.570454 0.631476 0.455716 0.149276 0.386202 0.000104371
AC 262 5.69006 5.69006 5.68939
OP 263 0.587324 0.620114 0.442463 0.161326 0.389412 0.000111741
AC 263 6.50655 6.50655 6.50596
OP 264 0.58937 0.638829 0.453141 0.163046 0.385176 0.000104614
AC 264 7.71145 7.71145 7.71068
OP 265 0.578721 0.636715 0.449813 0.156996 0.388223 0.00010708
AC 265 7.4564 7.4564 7.45572
OP 266 0.587719 0.617246 0.438071 0.14625 0.395336 0.000115153
AC 266 5.84482 5.84482 5.84428
OP 267 0.582829 0.629482 0.43949 0.156745 0.391567 0.000114095
AC 267 7.31063 7.31063 7.31001
OP 268 0.566954 0.617659 0.445548 0.139895 0.39195 0.000110897
AC 268 5.03602 5.03602 5.03543
OP 269 0.590084 0.622606 0.449108 0.155422 0.388644 0.000108169
AC 269 5.65374 5.65374 5.65312
OP 270 0.582077 0.612326 0.428253 0.147563 0.394491 0.000121498
AC 270 3.81404 3.81404 3.81355
OP 271 0.573029 0.618989 0.443266 0.149346 0.390219 0.000112045
AC 271 5.79266 5.79266 5.79209
OP 272 0.587024 0.646624 0.461437 0.16353 0.382168 9.97852E-05
AC 272 7.52201 7.52201 7.52122
OP 273 0.586571 0.628012 0.446139 0.153649 0.390354 0.000109701
AC 273 6.56184 6.56184 6.5612
OP 274 0.574471 0.61736 0.444393 0.147635 0.389705 0.000110623
AC 274 5.71536 5.71536 5.71477
OP 275 0.596494 0.63366 0.459664 0.164751 0.383008 0.000101155
AC 275 7.02953 7.02953 7.02879
OP 276 0.595398 0.627297 0.451234 0.157322 0.384459 0.000106174
AC 276 6.49998 6.49998 6.49931
OP 277 0.579212 0.640134 0.450289 0.159778 0.387397 0.000106793
AC 277 7.76631 7.76631 7.76561
OP 278 0.575583 0.615227 0.443923 0.143567 0.390203 0.000111848
AC 278 3.99591 3.99591 3.99538
OP 279 0.582267 0.630727 0.451054 0.158975 0.387963 0.000106642
AC 279 7.33784 7.33784 7.33716
OP 280 0.584136 0.607464 0.440087 0.158872 0.391377 0.000114359
AC 280 4.81256 4.81256 4.81207
OP 281 0.577393 0.631633 0.441968 0.157289 0.390768 0.000111665
AC 281 6.99436 6.99436 6.99374
OP 282 0.594762 0.622714 0.434657 0.155614 0.393343 0.000116863
AC 282 7.12354 7.12354 7.12298
OP 283 0.583889 0.63843 0.448787 0.159671 0.385171 0.00010691
AC 283 8.02438 8.02438 8.02366
OP 284 0.597253 0.621591 0.44614 0.158329 0.38736 0.000110222
AC 284 5.99341 5.99341 5.99281
OP 285 0.589286 0.637614 0.46129 0.160832 0.380514 0.000100558
AC 285 7.48913 7.48913 7.48838
OP 286 0.569123 0.63898 0.454361 0.151812 0.385054 0.000104009
AC 286 6.97215 6.97215 6.97141
OP 287 0.596586 0.634445 0.456388 0.167875 0.385962 0.000103257
AC 287 6.43569 6.43569 6.43501
OP 288 0.571865 0.613563 0.437008 0.146624 0.395309 0.00011598
AC 288 5.07387 5.07387 5.07335
OP 289 0.584083 0.62568 0.456432 0.15706 0.38106 0.000104009
AC 289 5.82142 5.82142 5.82077
OP 290 0.600283 0.632479 0.440406 0.160709 0.390772 0.000112303
AC 290 8.41856 8.41856 8.41788
OP 291 0.583176 0.62831 0.448118 0.158996 0.387698 0.000108604
AC 291 6.9998 6.9998 6.9992
OP 292 0.594939 0.633922 0.444668 0.161693 0.387412 0.000110033
AC 292 7.19636 7.19636 7.1957
OP 293 0.583936 0.623141 0.445218 0.154285 0.388587 0.000110484
AC 293 6.88504 6.88504 6.8844
OP 294 0.592049 0.626731 0.44369 0.158475 0.388214 0.000110738
AC 294 7.49412 7.49412 7.49348
OP 295 0.593268 0.619297 0.438385 0.156273 0.392822 0.000114976
AC 295 5.81581 5.81581 5.81529
OP 296 0.581498 0.62493 0.438738 0.156723 0.393474 0.000114684
AC 296 7.19167 7.19167 7.19111
OP 297 0.593101 0.619363 0.445573 0.155909 0.388219 0.000110541
AC 297 6.98669 6.98669 6.98609
OP 298 0.578085 0.63053 0.448624 0.151328 0.390324 0.000107915
AC 298 6.26986 6.26986 6.2692
OP 299 0.57708 0.616106 0.430831 0.146873 0.394415 0.000119904
AC 299 4.79718 4.79718 4.79667
