OP 0 0.598045 0.674039 0.47174 0.146484 0.411353 0.000109036
AC 0 8.87206 8.87206 8.87115
OP 1 0.59882 0.669904 0.470473 0.141343 0.41273 0.000109866
AC 1 7.04708 7.04708 7.04623
OP 2 0.591713 0.639258 0.455692 0.133033 0.420921 0.000121077
AC 2 2.02339 2.02339 2.02283
OP 3 0.578116 0.669272 0.480274 0.134056 0.409827 0.000104298
AC 3 5.18884 5.18884 5.18787
OP 4 0.594408 0.65811 0.468317 0.141197 0.414513 0.000112172
AC 4 7.22315 7.22315 7.22239
OP 5 0.5903 0.660671 0.473664 0.135754 0.410664 0.000108769
AC 5 5.77362 5.77362 5.77284
OP 6 0.584649 0.657317 0.461916 0.131617 0.41762 0.00011635
AC 6 4.75487 4.75487 4.75419
OP 7 0.58537 0.662609 0.473293 0.132621 0.412431 0.000108911
AC 7 5.23897 5.23897 5.23815
OP 8 0.572789 0.674052 0.475065 0.127347 0.411873 0.000107527
AC 8 3.49459 3.49459 3.49368
OP 9 0.583682 0.66274 0.468869 0.138511 0.414629 0.000111239
AC 9 6.25869 6.25869 6.25786
OP 10 0.595192 0.654321 0.471435 0.136472 0.414268 0.000110599
AC 10 5.538 5.538 5.53727
OP 11 0.576748 0.660364 0.475763 0.13538 0.41214 0.000108027
AC 11 6.67489 6.67489 6.67408
OP 12 0.592549 0.660329 0.469778 0.139931 0.415618 0.000110947
AC 12 6.69492 6.69492 6.69416
OP 13 0.584463 0.671561 0.475934 0.14063 0.413699 0.000107337
AC 13 8.58427 8.58427 8.58333
OP 14 0.571253 0.664328 0.488083 0.128411 0.406286 0.000100225
AC 14 1.87175 1.87175 1.87088
OP 15 0.59869 0.652586 0.463562 0.134482 0.417661 0.000115252
AC 15 5.02678 5.02678 5.0261
OP 16 0.595204 0.659456 0.46753 0.13212 0.414768 0.000112531
AC 16 6.39933 6.39933 6.39856
OP 17 0.588098 0.648871 0.466907 0.133685 0.417742 0.00011332
AC 17 4.55824 4.55824 4.55755
OP 18 0.58466 0.651691 0.465233 0.12795 0.414745 0.000114051
AC 18 2.99532 2.99532 2.99465
OP 19 0.586678 0.659105 0.481449 0.131811 0.410095 0.000104368
AC 19 5.03428 5.03428 5.03343
OP 20 0.591951 0.666705 0.477575 0.136678 0.409203 0.000106192
AC 20 6.50068 6.50068 6.49977
OP 21 0.589827 0.661077 0.474687 0.129901 0.414142 0.000108204
AC 21 5.48015 5.48015 5.47933
OP 22 0.594115 0.662814 0.479525 0.142107 0.407299 0.000104477
AC 22 7.72778 7.72778 7.72687
OP 23 0.590135 0.665333 0.482554 0.13517 0.409136 0.000103698
AC 23 5.23454 5.23454 5.23367
OP 24 0.594373 0.661272 0.479499 0.136685 0.409855 0.000105107
AC 24 5.19053 5.19053 5.1897
OP 25 0.600837 0.653082 0.471089 0.144251 0.413549 0.000110645
AC 25 6.08558 6.08558 6.08488
OP 26 0.593808 0.649353 0.47303 0.131252 0.415369 0.000109707
AC 26 4.04796 4.04796 4.04726
OP 27 0.576159 0.655469 0.449001 0.127018 0.426349 0.000124641
AC 27 4.33934 4.33934 4.3387
OP 28 0.590222 0.660987 0.471604 0.136747 0.411931 0.000109665
AC 28 5.49781 5.49781 5.497
OP 29 0.591174 0.645041 0.461352 0.130875 0.418387 0.000116911
AC 29 3.35013 3.35013 3.34947
OP 30 0.592553 0.660856 0.478588 0.135919 0.407964 0.000106325
AC 30 5.21281 5.21281 5.21199
OP 31 0.584839 0.652274 0.461138 0.131295 0.419081 0.000116759
AC 31 3.87736 3.87736 3.8767
OP 32 0.595549 0.675942 0.475652 0.148863 0.40997 0.000106747
AC 32 8.35439 8.35439 8.35349
OP 33 0.594291 0.667822 0.477024 0.144549 0.411403 0.000106757
AC 33 7.04996 7.04996 7.04916
OP 34 0.584747 0.664823 0.475757 0.139791 0.414239 0.000107295
AC 34 6.51913 6.51913 6.51833
OP 35 0.594817 0.66982 0.472474 0.132428 0.41133 0.000108713
AC 35 6.61486 6.61486 6.614
OP 36 0.574054 0.653687 0.476287 0.123653 0.417025 0.000107857
AC 36 0.953616 0.953616 0.952853
OP 37 0.584762 0.6581 0.462513 0.131919 0.418173 0.000115834
AC 37 5.43832 5.43832 5.43762
OP 38 0.590794 0.647544 0.461978 0.135557 0.420695 0.000116558
AC 38 3.77714 3.77714 3.77651
OP 39 0.581833 0.65329 0.478176 0.134863 0.412946 0.000106172
AC 39 4.59758 4.59758 4.59676
OP 40 0.580365 0.661148 0.472705 0.135794 0.412926 0.000109154
AC 40 5.93878 5.93878 5.93801
OP 41 0.588746 0.648268 0.464953 0.12963 0.415802 0.000114869
AC 41 1.72944 1.72944 1.72876
OP 42 0.568009 0.660733 0.479771 0.120016 0.411755 0.000105273
AC 42 -0.00194757 -0.00194757 -0.00277323
OP 43 0.59917 0.652888 0.470817 0.135664 0.413774 0.000110604
AC 43 2.88157 2.88157 2.88089
OP 44 0.582925 0.667663 0.483078 0.134586 0.410655 0.000102844
AC 44 5.00968 5.00968 5.00875
OP 45 0.574397 0.654088 0.472625 0.126264 0.417306 0.000110069
AC 45 2.98773 2.98773 2.987
OP 46 0.59363 0.665909 0.480176 0.135329 0.410324 0.000104508
AC 46 5.0268 5.0268 5.02591
OP 47 0.583873 0.647687 0.456425 0.12882 0.421514 0.000119762
AC 47 3.40863 3.40863 3.408
OP 48 0.584995 0.669827 0.476233 0.137196 0.411457 0.000106807
AC 48 7.69164 7.69164 7.69071
OP 49 0.585356 0.665563 0.475167 0.134849 0.411087 0.00010734
AC 49 6.32445 6.32445 6.3236
OP 50 0.57489 0.650696 0.462652 0.13177 0.421584 0.000116215
AC 50 3.44196 3.44196 3.44132
OP 51 0.585555 0.675323 0.480084 0.137897 0.409671 0.000104182
AC 51 6.117 6.117 6.11604
OP 52 0.596453 0.660649 0.471274 0.140758 0.413807 0.000110479
AC 52 6.63004 6.63004 6.62928
OP 53 0.589092 0.658767 0.470776 0.12778 0.416958 0.000110539
AC 53 4.10018 4.10018 4.09939
OP 54 0.590693 0.650695 0.466626 0.130126 0.414841 0.000113283
AC 54 4.0954 4.0954 4.09472
OP 55 0.589711 0.66281 0.475793 0.133161 0.411033 0.000107204
AC 55 6.19331 6.19331 6.19244
OP 56 0.569406 0.668323 0.468741 0.132292 0.415999 0.000111387
AC 56 6.73077 6.73077 6.72993
OP 57 0.572492 0.657541 0.476039 0.128808 0.411502 0.000107331
AC 57 3.1139 3.1139 3.11312
OP 58 0.591745 0.653543 0.467343 0.139258 0.415752 0.000112645
AC 58 5.54221 5.54221 5.54149
OP 59 0.573651 0.653519 0.458368 0.119672 0.422168 0.000118589
AC 59 1.44102 1.44102 1.44036
OP 60 0.600649 0.671738 0.479125 0.143159 0.408148 0.000104724
AC 60 7.64621 7.64621 7.6453
OP 61 0.602456 0.660321 0.471011 0.143723 0.413584 0.000110213
AC 61 6.70049 6.70049 6.69971
OP 62 0.568268 0.669323 0.472 0.126572 0.414492 0.000109683
AC 62 6.34199 6.34199 6.34109
OP 63 0.57597 0.653064 0.466178 0.133825 0.417756 0.000113959
AC 63 4.3126 4.3126 4.31189
OP 64 0.591532 0.650083 0.464298 0.13067 0.417357 0.000115273
AC 64 4.8087 4.8087 4.80804
OP 65 0.576085 0.662306 0.480037 0.127408 0.410033 0.000105444
AC 65 6.32531 6.32531 6.32445
OP 66 0.573489 0.661206 0.470073 0.134352 0.415703 0.000111202
AC 66 4.97422 4.97422 4.97346
OP 67 0.583605 0.653958 0.477602 0.133534 0.412946 0.00010705
AC 67 5.00532 5.00532 5.00461
OP 68 0.58765 0.667168 0.467172 0.143591 0.415214 0.000112623
AC 68 6.79395 6.79395 6.7932
OP 69 0.57608 0.665824 0.476144 0.138794 0.411247 0.000106936
AC 69 6.52702 6.52702 6.52616
OP 70 0.594008 0.652811 0.466368 0.136097 0.414635 0.00011346
AC 70 4.23568 4.23568 4.23498
OP 71 0.597761 0.648719 0.477092 0.141605 0.410998 0.000107862
AC 71 4.84102 4.84102 4.84032
OP 72 0.572576 0.664235 0.474225 0.124885 0.412117 0.000109042
AC 72 5.35781 5.35781 5.35696
OP 73 0.583062 0.656252 0.47303 0.130309 0.413839 0.000109489
AC 73 4.75088 4.75088 4.75011
OP 74 0.577911 0.664757 0.4744 0.133484 0.410315 0.00010828
AC 74 6.1741 6.1741 6.17327
OP 75 0.562945 0.6683 0.471822 0.126441 0.412486 0.000109877
AC 75 4.16344 4.16344 4.1626
OP 76 0.57595 0.651277 0.468045 0.127096 0.413815 0.00011249
AC 76 3.56722 3.56722 3.5665
OP 77 0.568382 0.662447 0.476221 0.13009 0.413039 0.00010745
AC 77 1.45206 1.45206 1.45128
OP 78 0.583436 0.666219 0.485918 0.132537 0.40638 0.000101949
AC 78 4.57717 4.57717 4.57626
OP 79 0.595478 0.654031 0.467048 0.128443 0.414151 0.000112943
AC 79 4.6439 4.6439 4.64312
OP 80 0.574628 0.65359 0.464499 0.134602 0.41497 0.00011448
AC 80 4.39518 4.39518 4.3945
OP 81 0.586917 0.664598 0.472225 0.140126 0.412942 0.000109139
AC 81 6.84794 6.84794 6.84716
OP 82 0.593437 0.666056 0.472423 0.141294 0.412049 0.000109193
AC 82 7.76917 7.76917 7.76826
OP 83 0.609991 0.642488 0.462334 0.14621 0.419806 0.000116931
AC 83 5.43894 5.43894 5.43835
OP 84 0.585141 0.658823 0.477138 0.136532 0.412464 0.000107053
AC 84 4.06884 4.06884 4.06807
OP 85 0.604885 0.658904 0.46365 0.137087 0.416317 0.000114656
AC 85 5.86578 5.86578 5.86503
OP 86 0.584186 0.658458 0.482734 0.13551 0.408554 0.000103871
AC 86 4.69599 4.69599 4.69517
OP 87 0.581411 0.648359 0.461695 0.130885 0.419926 0.000116881
AC 87 2.3701 2.3701 2.36946
OP 88 0.578755 0.668236 0.472105 0.127896 0.412324 0.000109069
AC 88 6.2999 6.2999 6.29908
OP 89 0.587467 0.65146 0.479696 0.13547 0.411116 0.00010565
AC 89 3.36053 3.36053 3.35977
OP 90 0.588991 0.663854 0.471236 0.132194 0.412399 0.00011074
AC 90 4.89656 4.89656 4.89578
OP 91 0.584543 0.653232 0.47622 0.136439 0.411944 0.000107721
AC 91 4.85888 4.85888 4.85815
OP 92 0.59113 0.667749 0.474859 0.137636 0.412115 0.00010782
AC 92 6.01536 6.01536 6.01451
OP 93 0.584577 0.661127 0.4752 0.12959 0.413874 0.000107966
AC 93 3.90869 3.90869 3.90786
OP 94 0.579616 0.656718 0.47027 0.132733 0.415046 0.000111303
AC 94 4.1335 4.1335 4.13278
OP 95 0.583362 0.64892 0.468734 0.129176 0.417092 0.000112575
AC 95 4.05655 4.05655 4.05586
OP 96 0.584387 0.670446 0.486753 0.136342 0.408735 0.000100172
AC 96 6.67929 6.67929 6.67831
OP 97 0.581283 0.642435 0.464279 0.135522 0.420325 0.000116287
AC 97 2.86687 2.86687 2.8663
OP 98 0.589283 0.673709 0.477893 0.140383 0.409865 0.000104988
AC 98 7.70571 7.70571 7.70472
OP 99 0.579565 0.660051 0.471975 0.129976 0.414816 0.000110064
AC 99 4.14052 4.14052 4.13974
OP 100 0.584734 0.666019 0.473968 0.136132 0.414274 0.000108522
AC 100 4.75843 4.75843 4.75764
OP 101 0.589105 0.65505 0.476557 0.131277 0.413791 0.000107283
AC 101 4.68522 4.68522 4.68442
OP 102 0.571659 0.659507 0.461792 0.122092 0.416501 0.000115874
AC 102 1.37609 1.37609 1.37533
OP 103 0.594554 0.658327 0.45875 0.142787 0.418731 0.000117675
AC 103 7.45123 7.45123 7.45048
OP 104 0.581802 0.657875 0.472254 0.129867 0.41588 0.000110301
AC 104 4.15057 4.15057 4.14981
OP 105 0.582645 0.654836 0.473056 0.127045 0.413856 0.000109229
AC 105 2.57805 2.57805 2.57729
OP 106 0.588689 0.676539 0.482476 0.143014 0.407466 0.000102801
AC 106 7.14492 7.14492 7.14397
OP 107 0.577902 0.664366 0.472331 0.136992 0.412034 0.000108979
AC 107 7.17263 7.17263 7.17176
OP 108 0.603235 0.672542 0.474386 0.149576 0.408624 0.000107305
AC 108 8.09168 8.09168 8.09071
OP 109 0.591763 0.656962 0.473992 0.136597 0.413193 0.000109368
AC 109 4.64802 4.64802 4.64726
OP 110 0.596774 0.670105 0.484575 0.141463 0.407532 0.00010239
AC 110 7.07697 7.07697 7.07604
OP 111 0.582236 0.659261 0.479721 0.133102 0.411699 0.000105152
AC 111 5.93801 5.93801 5.93721
OP 112 0.576323 0.649546 0.468725 0.121925 0.419435 0.000112631
AC 112 0.678117 0.678117 0.677434
OP 113 0.592646 0.655923 0.465189 0.131393 0.416499 0.000114352
AC 113 4.91087 4.91087 4.91016
OP 114 0.590395 0.64964 0.464715 0.13131 0.417214 0.000114887
AC 114 5.07788 5.07788 5.07719
OP 115 0.579025 0.660644 0.475294 0.133721 0.41485 0.000108303
AC 115 3.94202 3.94202 3.94125
OP 116 0.587371 0.652423 0.469761 0.132586 0.415449 0.000111825
AC 116 3.54402 3.54402 3.54333
OP 117 0.567817 0.654651 0.461085 0.125948 0.416804 0.000117089
AC 117 3.22417 3.22417 3.2235
OP 118 0.579946 0.665697 0.477693 0.134449 0.412611 0.000105836
AC 118 6.02481 6.02481 6.02385
OP 119 0.581487 0.6591 0.463533 0.134371 0.417855 0.00011475
AC 119 5.66172 5.66172 5.661
OP 120 0.602121 0.652935 0.478301 0.135455 0.410979 0.000106309
AC 120 4.61775 4.61775 4.61699
OP 121 0.567072 0.668343 0.485304 0.127243 0.407852 0.000101903
AC 121 4.06512 4.06512 4.06418
OP 122 0.573964 0.659899 0.483037 0.123246 0.410748 0.00010398
AC 122 1.5076 1.5076 1.50676
OP 123 0.58562 0.664938 0.467728 0.130314 0.41479 0.00011212
AC 123 6.05544 6.05544 6.05463
OP 124 0.588603 0.657092 0.471309 0.131013 0.414033 0.000110572
AC 124 4.8389 4.8389 4.83815
OP 125 0.581469 0.665781 0.473616 0.134162 0.411426 0.000108115
AC 125 7.06807 7.06807 7.06724
OP 126 0.591132 0.653323 0.47398 0.139371 0.416096 0.000109228
AC 126 5.89954 5.89954 5.8988
OP 127 0.582845 0.651467 0.462623 0.131716 0.418235 0.000115231
AC 127 4.23912 4.23912 4.23842
OP 128 0.595113 0.675521 0.485183 0.144763 0.407359 0.000101861
AC 128 7.77338 7.77338 7.77243
OP 129 0.579791 0.649595 0.465637 0.123679 0.418772 0.000114317
AC 129 1.14453 1.14453 1.14384
OP 130 0.588244 0.660101 0.480483 0.142074 0.409229 0.000104406
AC 130 4.97536 4.97536 4.97451
OP 131 0.576708 0.667525 0.47174 0.129038 0.413982 0.000109806
AC 131 5.20987 5.20987 5.209
OP 132 0.586587 0.661419 0.474026 0.127469 0.413817 0.000108627
AC 132 3.55619 3.55619 3.5554
OP 133 0.588221 0.665302 0.479501 0.131023 0.408844 0.000104944
AC 133 1.3471 1.3471 1.34622
OP 134 0.566665 0.673897 0.476593 0.124199 0.410925 0.000106482
AC 134 4.50189 4.50189 4.50092
OP 135 0.584245 0.665482 0.470936 0.132153 0.413961 0.000110193
AC 135 5.88143 5.88143 5.88064
OP 136 0.573223 0.656081 0.466891 0.130836 0.416956 0.000113334
AC 136 4.4235 4.4235 4.42275
OP 137 0.57294 0.652048 0.468619 0.122652 0.415799 0.000112665
AC 137 1.63729 1.63729 1.63655
OP 138 0.585559 0.661433 0.480379 0.138523 0.408269 0.000104518
AC 138 5.63362 5.63362 5.63275
OP 139 0.581601 0.6484 0.468648 0.134177 0.415796 0.000112773
AC 139 4.0909 4.0909 4.09022
OP 140 0.579312 0.662336 0.47069 0.138611 0.413537 0.000110658
AC 140 6.44558 6.44558 6.4448
OP 141 0.597658 0.640452 0.465884 0.141807 0.41866 0.000114967
AC 141 2.27275 2.27275 2.27217
OP 142 0.585892 0.664392 0.475661 0.133828 0.412576 0.000107239
AC 142 6.26138 6.26138 6.2605
OP 143 0.57997 0.670409 0.481233 0.141486 0.411374 0.000103838
AC 143 6.35447 6.35447 6.35352
OP 144 0.591813 0.649227 0.471018 0.138636 0.413099 0.000111168
AC 144 5.61138 5.61138 5.61071
OP 145 0.583692 0.664103 0.485426 0.136416 0.408617 0.000101858
AC 145 4.93046 4.93046 4.92958
OP 146 0.578517 0.670273 0.478348 0.139586 0.412162 0.000105394
AC 146 6.67212 6.67212 6.67117
OP 147 0.579603 0.654843 0.462399 0.128019 0.418341 0.000115866
AC 147 4.92805 4.92805 4.92734
OP 148 0.593408 0.656599 0.477535 0.134303 0.412889 0.000106594
AC 148 4.98386 4.98386 4.98303
OP 149 0.587839 0.654426 0.460899 0.134171 0.420196 0.000116581
AC 149 6.46554 6.46554 6.46483
OP 150 0.601536 0.652642 0.472529 0.140878 0.41477 0.000109483
AC 150 5.72445 5.72445 5.72372
OP 151 0.572367 0.67255 0.47348 0.139509 0.4114 0.000108756
AC 151 7.29458 7.29458 7.29366
OP 152 0.573246 0.66808 0.472218 0.133016 0.412549 0.000108914
AC 152 5.03106 5.03106 5.03021
OP 153 0.58366 0.646426 0.46763 0.132356 0.41673 0.000113784
AC 153 2.98286 2.98286 2.98224
OP 154 0.589549 0.652308 0.472088 0.140218 0.415463 0.000110044
AC 154 5.84825 5.84825 5.84752
OP 155 0.56774 0.667206 0.469055 0.128947 0.414597 0.000110864
AC 155 6.27248 6.27248 6.27162
OP 156 0.578842 0.661018 0.477933 0.126456 0.410711 0.000106022
AC 156 2.02919 2.02919 2.02836
OP 157 0.580071 0.640708 0.456115 0.123557 0.422574 0.000120764
AC 157 0.336942 0.336942 0.336344
OP 158 0.605088 0.659723 0.473122 0.147058 0.413577 0.000109118
AC 158 6.68162 6.68162 6.68084
OP 159 0.587977 0.648502 0.463268 0.124783 0.419372 0.00011559
AC 159 2.56181 2.56181 2.56114
OP 160 0.575796 0.653202 0.461462 0.128058 0.416967 0.000116639
AC 160 4.15127 4.15127 4.15059
OP 161 0.57895 0.656154 0.474632 0.132152 0.415784 0.000108827
AC 161 3.96891 3.96891 3.9682
OP 162 0.585138 0.654832 0.469927 0.134872 0.415838 0.00011116
AC 162 6.14896 6.14896 6.14822
OP 163 0.590571 0.647872 0.465062 0.140061 0.419057 0.000115721
AC 163 4.41488 4.41488 4.41426
OP 164 0.584298 0.662971 0.474108 0.130281 0.411826 0.000108861
AC 164 4.75029 4.75029 4.74946
OP 165 0.58865 0.661572 0.477742 0.131978 0.411273 0.000106547
AC 165 5.02824 5.02824 5.02743
OP 166 0.585108 0.655648 0.469843 0.123432 0.414645 0.000111798
AC 166 3.09891 3.09891 3.0982
OP 167 0.57349 0.650286 0.460154 0.12188 0.420676 0.000117419
AC 167 2.29292 2.29292 2.29221
OP 168 0.582838 0.666336 0.478011 0.134632 0.411625 0.000105929
AC 168 4.8126 4.8126 4.81175
OP 169 0.578795 0.666013 0.478028 0.132527 0.412896 0.000105909
AC 169 5.17005 5.17005 5.16923
OP 170 0.579351 0.659218 0.469907 0.12913 0.411873 0.00011152
AC 170 3.59637 3.59637 3.59563
OP 171 0.58952 0.659891 0.477677 0.141465 0.412897 0.000107037
AC 171 5.45615 5.45615 5.45538
OP 172 0.601985 0.667411 0.478714 0.144093 0.410289 0.000105208
AC 172 7.51084 7.51084 7.51
OP 173 0.594144 0.659972 0.46223 0.141927 0.417703 0.00011556
AC 173 6.75595 6.75595 6.75523
OP 174 0.583166 0.670254 0.477304 0.135974 0.412793 0.000106153
AC 174 6.23157 6.23157 6.23062
OP 175 0.572014 0.661295 0.479915 0.125703 0.41151 0.000105039
AC 175 3.6546 3.6546 3.65379
OP 176 0.564639 0.65755 0.464886 0.120784 0.419199 0.000114002
AC 176 0.978639 0.978639 0.977918
OP 177 0.574646 0.665648 0.472213 0.128427 0.411092 0.000109443
AC 177 6.43391 6.43391 6.43308
OP 178 0.590598 0.649017 0.472084 0.129246 0.41532 0.000110527
AC 178 0.706109 0.706109 0.705444
OP 179 0.582519 0.658109 0.482368 0.130912 0.40743 0.000104059
AC 179 3.80755 3.80755 3.80671
OP 180 0.586599 0.65936 0.472616 0.132061 0.41347 0.000109248
AC 180 5.2716 5.2716 5.27079
OP 181 0.574468 0.656176 0.474397 0.129337 0.41376 0.000108953
AC 181 4.91814 4.91814 4.91739
OP 182 0.586118 0.660157 0.482542 0.134581 0.406003 0.000103937
AC 182 5.0351 5.0351 5.03427
OP 183 0.580558 0.655591 0.475535 0.13468 0.410464 0.00010804
AC 183 0.429159 0.429159 0.428434
OP 184 0.586364 0.665058 0.478278 0.13611 0.409266 0.000106035
AC 184 6.13848 6.13848 6.13766
OP 185 0.58912 0.671324 0.48247 0.146474 0.409794 0.000103429
AC 185 5.73839 5.73839 5.73754
OP 186 0.586115 0.66252 0.478983 0.130926 0.412622 0.000105704
AC 186 3.65721 3.65721 3.65638
OP 187 0.579236 0.658948 0.470206 0.134066 0.415528 0.000110806
AC 187 5.0235 5.0235 5.02273
OP 188 0.584328 0.661954 0.472893 0.135916 0.412896 0.000108991
AC 188 5.08926 5.08926 5.08848
OP 189 0.600925 0.649525 0.467217 0.132361 0.415293 0.00011338
AC 189 4.98838 4.98838 4.98766
OP 190 0.591272 0.674772 0.473166 0.141152 0.413224 0.000108571
AC 190 7.66565 7.66565 7.66472
OP 191 0.583104 0.661438 0.47301 0.130645 0.412927 0.000109143
AC 191 4.08412 4.08412 4.0833
OP 192 0.587597 0.656515 0.462585 0.133896 0.418116 0.000116628
AC 192 6.59172 6.59172 6.59099
OP 193 0.591256 0.664945 0.471291 0.132415 0.411937 0.000109642
AC 193 5.43154 5.43154 5.43067
OP 194 0.5852 0.655213 0.472057 0.137392 0.412346 0.000109974
AC 194 5.17299 5.17299 5.17228
OP 195 0.569939 0.6713 0.473745 0.131776 0.411491 0.000108601
AC 195 6.96545 6.96545 6.9646
OP 196 0.592502 0.643084 0.460134 0.134606 0.421835 0.000118224
AC 196 3.38386 3.38386 3.38328
OP 197 0.581036 0.66344 0.468581 0.140558 0.411153 0.000111331
AC 197 6.59777 6.59777 6.59693
OP 198 0.569522 0.677813 0.478679 0.137194 0.41168 0.00010515
AC 198 7.03738 7.03738 7.03643
OP 199 0.602955 0.651854 0.465149 0.138961 0.416685 0.000114391
AC 199 6.22865 6.22865 6.22795
OP 200 0.575939 0.663512 0.471964 0.125978 0.414058 0.000109528
AC 200 4.66468 4.66468 4.66391
OP 201 0.584343 0.656084 0.476222 0.135682 0.412668 0.000107433
AC 201 4.63429 4.63429 4.63349
OP 202 0.58729 0.663554 0.465575 0.140665 0.415178 0.000113667
AC 202 6.6056 6.6056 6.60486
OP 203 0.581892 0.660416 0.475988 0.129912 0.411197 0.000107555
AC 203 4.49592 4.49592 4.49508
OP 204 0.574755 0.679511 0.484726 0.138068 0.406385 0.000101429
AC 204 6.27527 6.27527 6.2742
OP 205 0.592675 0.666274 0.473893 0.134122 0.413892 0.000108525
AC 205 5.35543 5.35543 5.35463
OP 206 0.566396 0.65284 0.469903 0.130019 0.415749 0.000111371
AC 206 2.32676 2.32676 2.32604
OP 207 0.588599 0.652683 0.461145 0.132737 0.418747 0.000117176
AC 207 5.32354 5.32354 5.32287
OP 208 0.583473 0.655223 0.468381 0.130492 0.415533 0.000111694
AC 208 4.23979 4.23979 4.23906
OP 209 0.56079 0.664537 0.471976 0.11861 0.413702 0.000109583
AC 209 1.20119 1.20119 1.20035
OP 210 0.569007 0.659181 0.476621 0.138086 0.412986 0.000107134
AC 210 6.25848 6.25848 6.25769
OP 211 0.58203 0.657544 0.471216 0.127235 0.4148 0.000110537
AC 211 3.09069 3.09069 3.08995
OP 212 0.586297 0.66829 0.485057 0.144168 0.407504 0.000101921
AC 212 7.38614 7.38614 7.38517
OP 213 0.595324 0.666519 0.467027 0.136483 0.41441 0.000112292
AC 213 6.78816 6.78816 6.78738
OP 214 0.589536 0.664118 0.470527 0.136831 0.412497 0.000110921
AC 214 6.55042 6.55042 6.54966
OP 215 0.592053 0.659702 0.479913 0.140476 0.411306 0.000105136
AC 215 5.20165 5.20165 5.20087
OP 216 0.567387 0.662571 0.488075 0.127044 0.407392 0.000100445
AC 216 3.17139 3.17139 3.1705
OP 217 0.579364 0.665909 0.479311 0.127733 0.410342 0.000105229
AC 217 5.44912 5.44912 5.44824
OP 218 0.600709 0.673876 0.472986 0.150388 0.410499 0.000108116
AC 218 8.54997 8.54997 8.54905
OP 219 0.585327 0.654143 0.474788 0.130343 0.414809 0.000108448
AC 219 3.68104 3.68104 3.68029
OP 220 0.573968 0.669366 0.471461 0.131925 0.411431 0.000109615
AC 220 6.44487 6.44487 6.44403
OP 221 0.594789 0.661443 0.45954 0.132694 0.418387 0.000117467
AC 221 7.30919 7.30919 7.30847
OP 222 0.593985 0.64877 0.470219 0.136306 0.415426 0.000112292
AC 222 1.75249 1.75249 1.75187
OP 223 0.581542 0.661058 0.475535 0.129741 0.412976 0.00010785
AC 223 4.83194 4.83194 4.83112
OP 224 0.597755 0.662732 0.473569 0.140806 0.411017 0.000108411
AC 224 8.13844 8.13844 8.13754
OP 225 0.588736 0.663462 0.485356 0.138776 0.410323 0.000102318
AC 225 6.02683 6.02683 6.02601
OP 226 0.574302 0.667554 0.469385 0.124771 0.41479 0.000111177
AC 226 3.87871 3.87871 3.87789
OP 227 0.586419 0.653053 0.468228 0.128414 0.414597 0.000112556
AC 227 2.78891 2.78891 2.78824
OP 228 0.572234 0.66227 0.472811 0.132123 0.413586 0.000109308
AC 228 5.10232 5.10232 5.10156
OP 229 0.578188 0.669085 0.467642 0.13154 0.41474 0.000111985
AC 229 7.22556 7.22556 7.22465
OP 230 0.582149 0.653147 0.467361 0.133543 0.418484 0.000113202
AC 230 4.51791 4.51791 4.51721
OP 231 0.592587 0.659256 0.477518 0.127073 0.412383 0.000106882
AC 231 4.65305 4.65305 4.65226
OP 232 0.579684 0.658439 0.465222 0.130023 0.417363 0.000114041
AC 232 4.93631 4.93631 4.93558
OP 233 0.590219 0.654346 0.456851 0.131122 0.417193 0.000118838
AC 233 5.45546 5.45546 5.45475
OP 234 0.579161 0.666866 0.477567 0.14154 0.411001 0.000106366
AC 234 6.82456 6.82456 6.82371
OP 235 0.583165 0.657133 0.462583 0.135526 0.419478 0.00011588
AC 235 5.60378 5.60378 5.60305
OP 236 0.590773 0.661 0.467979 0.130874 0.415071 0.000112739
AC 236 4.97263 4.97263 4.97186
OP 237 0.592137 0.646815 0.465661 0.133368 0.418937 0.000114596
AC 237 4.22891 4.22891 4.22825
OP 238 0.586076 0.647106 0.472285 0.129283 0.413276 0.000110133
AC 238 2.53578 2.53578 2.53509
OP 239 0.5839 0.666799 0.466075 0.13034 0.416423 0.000113217
AC 239 5.98578 5.98578 5.98494
OP 240 0.583793 0.663211 0.472915 0.134976 0.41148 0.000108884
AC 240 5.88719 5.88719 5.88637
OP 241 0.58292 0.664529 0.469263 0.128732 0.414486 0.000111192
AC 241 5.6784 5.6784 5.67757
OP 242 0.577601 0.667278 0.470051 0.142349 0.416562 0.000110584
AC 242 7.43023 7.43023 7.42943
OP 243 0.591976 0.657973 0.47702 0.131241 0.411529 0.000107166
AC 243 5.79635 5.79635 5.79552
OP 244 0.58473 0.65966 0.472672 0.145662 0.414703 0.00010945
AC 244 6.55675 6.55675 6.55598
OP 245 0.580813 0.657139 0.472866 0.126084 0.412859 0.000110137
AC 245 3.44513 3.44513 3.44441
OP 246 0.573117 0.654274 0.47642 0.129651 0.412278 0.000107778
AC 246 2.97601 2.97601 2.97525
OP 247 0.5892 0.663849 0.458425 0.138202 0.417986 0.000118029
AC 247 8.42866 8.42866 8.42795
OP 248 0.588897 0.648652 0.470245 0.131679 0.414651 0.000111789
AC 248 3.84217 3.84217 3.84148
OP 249 0.593064 0.654865 0.463227 0.140028 0.417724 0.000115323
AC 249 6.73246 6.73246 6.73176
OP 250 0.589261 0.665021 0.469866 0.1421 0.415103 0.000110448
AC 250 6.59031 6.59031 6.58951
OP 251 0.593865 0.663178 0.473321 0.1424 0.413455 0.000108992
AC 251 6.44342 6.44342 6.44262
OP 252 0.609249 0.659255 0.467725 0.151147 0.412041 0.000112554
AC 252 8.59828 8.59828 8.59756
OP 253 0.573927 0.65717 0.471483 0.120464 0.415004 0.000110738
AC 253 -0.310958 -0.310958 -0.311687
OP 254 0.583712 0.663904 0.478669 0.134916 0.411289 0.000106046
AC 254 3.91379 3.91379 3.91295
OP 255 0.588545 0.654264 0.467034 0.132992 0.416779 0.000113179
AC 255 5.40277 5.40277 5.40207
OP 256 0.581404 0.672456 0.477494 0.130275 0.409828 0.000105787
AC 256 5.34488 5.34488 5.34394
OP 257 0.586741 0.659316 0.468322 0.136117 0.412856 0.000112024
AC 257 6.62543 6.62543 6.62461
OP 258 0.589984 0.662136 0.471215 0.136326 0.412833 0.000109866
AC 258 5.4407 5.4407 5.43995
OP 259 0.593075 0.665293 0.488301 0.144373 0.406219 9.99128E-05
AC 259 5.7307 5.7307 5.72986
OP 260 0.589937 0.657896 0.468983 0.132724 0.416479 0.000112338
AC 260 5.01676 5.01676 5.01604
OP 261 0.599605 0.656664 0.473477 0.145016 0.412189 0.000108733
AC 261 6.47143 6.47143 6.47069
OP 262 0.587295 0.669179 0.471348 0.141667 0.413555 0.00010978
AC 262 7.94239 7.94239 7.94149
OP 263 0.575854 0.666227 0.489898 0.128414 0.405027 9.95663E-05
AC 263 4.67781 4.67781 4.6769
OP 264 0.578484 0.663416 0.477315 0.131238 0.412543 0.000106256
AC 264 5.15951 5.15951 5.15868
OP 265 0.581544 0.676986 0.479901 0.141909 0.407518 0.000104189
AC 265 7.08606 7.08606 7.08504
OP 266 0.587874 0.66482 0.472572 0.142579 0.413236 0.000109485
AC 266 7.01554 7.01554 7.01473
OP 267 0.594125 0.657319 0.461426 0.134719 0.415728 0.000116428
AC 267 5.64163 5.64163 5.64093
OP 268 0.594098 0.673366 0.480162 0.147065 0.41054 0.000104436
AC 268 7.52848 7.52848 7.52756
OP 269 0.598755 0.661021 0.474401 0.142518 0.411409 0.00010843
AC 269 7.06339 7.06339 7.06259
OP 270 0.59572 0.65593 0.472551 0.139941 0.413474 0.000110061
AC 270 4.76703 4.76703 4.76632
OP 271 0.593044 0.659232 0.473928 0.147633 0.414257 0.000108532
AC 271 6.45039 6.45039 6.44964
OP 272 0.572755 0.6479 0.462987 0.127946 0.420299 0.000115776
AC 272 3.76478 3.76478 3.7641
OP 273 0.587603 0.660799 0.4753 0.13226 0.412534 0.00010805
AC 273 5.09238 5.09238 5.09165
OP 274 0.585758 0.645859 0.460746 0.124007 0.419087 0.000117554
AC 274 -1.07726 -1.07726 -1.07788
OP 275 0.599536 0.647827 0.459967 0.141508 0.420038 0.00011747
AC 275 6.32237 6.32237 6.32172
OP 276 0.575657 0.658681 0.468253 0.131923 0.415195 0.000112167
AC 276 5.22162 5.22162 5.22089
OP 277 0.58698 0.649861 0.463481 0.130804 0.420124 0.000115601
AC 277 4.0243 4.0243 4.0236
OP 278 0.58317 0.644006 0.460156 0.131028 0.421819 0.000117953
AC 278 3.25051 3.25051 3.24991
OP 279 0.598793 0.644583 0.462059 0.136266 0.419723 0.000116717
AC 279 5.26861 5.26861 5.26799
OP 280 0.594612 0.656454 0.468694 0.133367 0.416117 0.000112324
AC 280 5.63086 5.63086 5.63015
OP 281 0.587003 0.66677 0.482404 0.139584 0.409651 0.000103419
AC 281 6.62993 6.62993 6.62909
OP 282 0.609539 0.665388 0.479038 0.143161 0.409288 0.00010534
AC 282 6.64702 6.64702 6.64613
OP 283 0.585381 0.656831 0.476342 0.127249 0.409418 0.000107512
AC 283 5.49908 5.49908 5.49824
OP 284 0.580301 0.658807 0.465614 0.134447 0.416437 0.000113863
AC 284 4.94622 4.94622 4.94548
OP 285 0.579146 0.649526 0.458337 0.130118 0.41908 0.000118793
AC 285 4.36276 4.36276 4.36208
OP 286 0.592557 0.662892 0.475656 0.132999 0.413334 0.000107533
AC 286 5.41089 5.41089 5.41003
OP 287 0.589732 0.646555 0.459088 0.122923 0.421174 0.000118895
AC 287 -0.133581 -0.133581 -0.134212
OP 288 0.586205 0.659146 0.471139 0.139404 0.415687 0.000110673
AC 288 5.43484 5.43484 5.43413
OP 289 0.596908 0.648089 0.464426 0.132698 0.416571 0.000114568
AC 289 4.81125 4.81125 4.81058
OP 290 0.605438 0.653426 0.480097 0.148179 0.408721 0.000105807
AC 290 6.30205 6.30205 6.30135
OP 291 0.583895 0.662206 0.473828 0.134696 0.411581 0.000109169
AC 291 6.37198 6.37198 6.37119
OP 292 0.580713 0.655629 0.469848 0.128284 0.415482 0.000111787
AC 292 3.79697 3.79697 3.79626
OP 293 0.59333 0.65499 0.471098 0.134241 0.414648 0.000110315
AC 293 5.42985 5.42985 5.42911
OP 294 0.597411 0.655071 0.474252 0.141117 0.413275 0.000108864
AC 294 4.13824 4.13824 4.13753
OP 295 0.591108 0.657342 0.469289 0.129751 0.413629 0.000111823
AC 295 4.52845 4.52845 4.52771
OP 296 0.585939 0.671668 0.482151 0.146551 0.409719 0.0001031
AC 296 6.40692 6.40692 6.40597
OP 297 0.590888 0.653559 0.459007 0.137242 0.418488 0.000117732
AC 297 5.08058 5.08058 5.07993
OP 298 0.596538 0.657796 0.467758 0.14063 0.414788 0.000112109
AC 298 7.53358 7.53358 7.53282
OP 299 0.587858 0.667768 0.477605 0.131425 0.411141 0.000106417
AC 299 6.34099 6.34099 6.34013
