OP 0 0.578025 0.591343 0.393454 0.102531 0.440017 0.000110029
AC 0 -4.50157 -4.50157 -4.50242
OP 1 0.579794 0.595555 0.399981 0.109639 0.43919 0.000106127
AC 1 0.192213 0.192213 0.191343
OP 2 0.5805 0.593855 0.393215 0.110694 0.440211 0.000110086
AC 2 -0.260522 -0.260522 -0.261338
OP 3 0.586117 0.590376 0.393646 0.107748 0.438464 0.000110031
AC 3 -1.41347 -1.41347 -1.41427
OP 4 0.584078 0.583137 0.39632 0.107482 0.438596 0.000109137
AC 4 -5.17957 -5.17957 -5.18031
OP 5 0.575555 0.58939 0.392 0.104614 0.440526 0.000110945
AC 5 -3.36047 -3.36047 -3.36124
OP 6 0.58907 0.585212 0.395038 0.106349 0.440702 0.000109685
AC 6 -14.6853 -14.6853 -14.686
OP 7 0.58114 0.592078 0.402839 0.106131 0.434954 0.000104735
AC 7 -4.77182 -4.77182 -4.77265
OP 8 0.591927 0.589632 0.394741 0.108102 0.437564 0.000109782
AC 8 -0.11813 -0.11813 -0.118935
OP 9 0.598166 0.581856 0.390952 0.114157 0.440672 0.000111939
AC 9 1.08458 1.08458 1.08387
OP 10 0.58855 0.585032 0.380234 0.114169 0.443935 0.000118425
AC 10 -1.71785 -1.71785 -1.71849
OP 11 0.571069 0.593833 0.393053 0.104738 0.439296 0.000110322
AC 11 -2.28639 -2.28639 -2.28722
OP 12 0.575644 0.594994 0.393987 0.103639 0.438426 0.00010995
AC 12 -4.16934 -4.16934 -4.17016
OP 13 0.584595 0.590228 0.39368 0.101681 0.438792 0.000109666
AC 13 -4.42196 -4.42196 -4.42275
OP 14 0.597309 0.581389 0.382688 0.112945 0.444374 0.000117424
AC 14 0.229753 0.229753 0.229063
OP 15 0.597096 0.584784 0.396783 0.108324 0.437198 0.000108374
AC 15 -2.02132 -2.02132 -2.0221
OP 16 0.594733 0.58503 0.38213 0.105602 0.442843 0.000117168
AC 16 -2.41977 -2.41977 -2.42047
OP 17 0.590261 0.598535 0.403547 0.109035 0.434603 0.000104229
AC 17 0.584128 0.584128 0.583262
OP 18 0.589438 0.591503 0.406273 0.113004 0.433666 0.000102793
AC 18 2.50766 2.50766 2.50681
OP 19 0.574322 0.584793 0.397163 0.10035 0.437975 0.000108982
AC 19 -17.1371 -17.1371 -17.1378
OP 20 0.585339 0.586541 0.392775 0.106165 0.440152 0.000110571
AC 20 -7.60415 -7.60415 -7.60493
OP 21 0.56206 0.598135 0.394452 0.0946341 0.440237 0.000108993
AC 21 -27.4775 -27.4775 -27.4783
OP 22 0.570467 0.592881 0.394991 0.101379 0.441847 0.00010884
AC 22 -9.54846 -9.54846 -9.54925
OP 23 0.599476 0.596509 0.390742 0.111571 0.440364 0.000111446
AC 23 3.65592 3.65592 3.65509
OP 24 0.571805 0.589186 0.384828 0.0982319 0.444534 0.000115624
AC 24 -10.1922 -10.1922 -10.1929
OP 25 0.58137 0.584853 0.394628 0.0997922 0.440175 0.000110042
AC 25 -17.7167 -17.7167 -17.7175
OP 26 0.575793 0.58665 0.392958 0.099005 0.440698 0.000110318
AC 26 -13.815 -13.815 -13.8157
OP 27 0.592016 0.586233 0.394977 0.102966 0.438779 0.000109992
AC 27 -7.60501 -7.60501 -7.60573
OP 28 0.579477 0.589985 0.398833 0.10267 0.438975 0.000106705
AC 28 -3.79199 -3.79199 -3.7928
OP 29 0.595616 0.590657 0.398705 0.115184 0.435184 0.000106921
AC 29 2.4413 2.4413 2.44052
OP 30 0.584387 0.599899 0.390267 0.1084 0.441009 0.000111649
AC 30 2.21832 2.21832 2.21748
OP 31 0.584518 0.590421 0.392272 0.105295 0.43924 0.000110828
AC 31 0.409938 0.409938 0.409116
OP 32 0.594415 0.591573 0.398 0.109927 0.436664 0.000107146
AC 32 -0.608228 -0.608228 -0.609072
OP 33 0.577191 0.598118 0.4006 0.112162 0.435802 0.000105714
AC 33 3.82984 3.82984 3.82896
OP 34 0.593779 0.599414 0.399298 0.109675 0.435289 0.000106095
AC 34 4.29013 4.29013 4.28917
OP 35 0.594498 0.607698 0.392255 0.112298 0.436155 0.000110313
AC 35 4.55994 4.55994 4.55899
OP 36 0.590903 0.592412 0.401687 0.102119 0.435426 0.0001053
AC 36 -5.92062 -5.92062 -5.9215
OP 37 0.592182 0.592727 0.39642 0.1085 0.439262 0.000107964
AC 37 -0.078535 -0.078535 -0.079374
OP 38 0.590487 0.592155 0.39725 0.107146 0.438845 0.000108044
AC 38 -2.89512 -2.89512 -2.89596
OP 39 0.582492 0.589498 0.387273 0.103458 0.44161 0.000113769
AC 39 -0.876859 -0.876859 -0.87766
OP 40 0.58325 0.583497 0.389177 0.102912 0.440678 0.000113056
AC 40 -29.6566 -29.6566 -29.6573
OP 41 0.582402 0.599316 0.383328 0.103723 0.442859 0.000115238
AC 41 1.00601 1.00601 1.00516
OP 42 0.59346 0.586827 0.380016 0.102772 0.444085 0.000118602
AC 42 -0.896777 -0.896777 -0.897498
OP 43 0.566008 0.597323 0.41027 0.100842 0.429694 0.000100259
AC 43 -9.60091 -9.60091 -9.60188
OP 44 0.599664 0.590012 0.400971 0.113004 0.436836 0.000105876
AC 44 -1.40681 -1.40681 -1.40762
OP 45 0.593918 0.605447 0.3924 0.112779 0.439324 0.000109939
AC 45 6.79953 6.79953 6.79855
OP 46 0.586073 0.59507 0.4016 0.111726 0.435055 0.000105343
AC 46 1.0158 1.0158 1.01496
OP 47 0.593885 0.605429 0.398002 0.11506 0.436613 0.000106546
AC 47 5.34486 5.34486 5.34389
OP 48 0.595987 0.582691 0.389821 0.109188 0.4417 0.000112409
AC 48 -1.31037 -1.31037 -1.31111
OP 49 0.57483 0.590653 0.388869 0.102758 0.442283 0.00011279
AC 49 -6.98613 -6.98613 -6.98689
OP 50 0.578635 0.586038 0.386331 0.102471 0.440228 0.000114379
AC 50 -5.02941 -5.02941 -5.03014
OP 51 0.581019 0.583753 0.394327 0.105986 0.440082 0.000110365
AC 51 -4.40214 -4.40214 -4.40288
OP 52 0.573718 0.58146 0.383259 0.0998917 0.445075 0.000117068
AC 52 -17.3528 -17.3528 -17.3535
OP 53 0.586908 0.589876 0.388125 0.106927 0.440546 0.000113033
AC 53 -2.24346 -2.24346 -2.24424
OP 54 0.585947 0.587722 0.384417 0.105107 0.44343 0.000116036
AC 54 -1.5085 -1.5085 -1.50922
OP 55 0.597372 0.585345 0.391566 0.110097 0.438585 0.000111422
AC 55 1.48308 1.48308 1.48232
OP 56 0.587055 0.584736 0.379317 0.106102 0.446998 0.000119375
AC 56 -6.19794 -6.19794 -6.1986
OP 57 0.579743 0.598853 0.397138 0.103124 0.435089 0.000107103
AC 57 -3.09111 -3.09111 -3.09198
OP 58 0.584905 0.58929 0.389953 0.103641 0.439943 0.000112387
AC 58 -0.154865 -0.154865 -0.155644
OP 59 0.594112 0.595095 0.39103 0.114942 0.439311 0.000111272
AC 59 4.5901 4.5901 4.58932
OP 60 0.572528 0.595482 0.387713 0.105574 0.442267 0.000113255
AC 60 -1.39493 -1.39493 -1.3957
OP 61 0.579367 0.591827 0.400123 0.102329 0.435889 0.000106251
AC 61 -6.56438 -6.56438 -6.56522
OP 62 0.604365 0.588522 0.386819 0.11988 0.44129 0.00011383
AC 62 4.33601 4.33601 4.33525
OP 63 0.584223 0.608002 0.402035 0.109955 0.433801 0.000104216
AC 63 4.37874 4.37874 4.37774
OP 64 0.577177 0.591485 0.388507 0.104539 0.443185 0.000112834
AC 64 -1.1848 -1.1848 -1.1856
OP 65 0.586607 0.589807 0.387479 0.10486 0.442635 0.000113693
AC 65 -4.26838 -4.26838 -4.26913
OP 66 0.57374 0.591172 0.391802 0.100332 0.441908 0.000110542
AC 66 -6.17637 -6.17637 -6.1772
OP 67 0.571466 0.59789 0.392435 0.101753 0.44131 0.000110401
AC 67 -3.5342 -3.5342 -3.53508
OP 68 0.590551 0.590863 0.393987 0.106308 0.442259 0.0001095
AC 68 -0.244164 -0.244164 -0.244984
OP 69 0.599055 0.57796 0.38118 0.103159 0.446735 0.000118557
AC 69 -21.5699 -21.5699 -21.5705
OP 70 0.590155 0.587846 0.389636 0.106861 0.43964 0.000112419
AC 70 -3.14185 -3.14185 -3.14262
OP 71 0.592773 0.579943 0.396716 0.11101 0.438188 0.000108443
AC 71 -0.43321 -0.43321 -0.433964
OP 72 0.587775 0.60663 0.408595 0.107181 0.432441 0.000100625
AC 72 1.45302 1.45302 1.45204
OP 73 0.594315 0.590205 0.396008 0.109206 0.436293 0.00010837
AC 73 1.6583 1.6583 1.65748
OP 74 0.592881 0.594873 0.391235 0.104157 0.439127 0.000111414
AC 74 -3.60276 -3.60276 -3.60355
OP 75 0.585416 0.588968 0.386056 0.106282 0.441556 0.000114778
AC 75 -0.907362 -0.907362 -0.908144
OP 76 0.592466 0.590207 0.38816 0.110854 0.442063 0.000112591
AC 76 0.821814 0.821814 0.821037
OP 77 0.592549 0.598253 0.400009 0.113412 0.435175 0.000105827
AC 77 3.02998 3.02998 3.02911
OP 78 0.579629 0.58909 0.389344 0.106031 0.441993 0.000112785
AC 78 -1.62802 -1.62802 -1.62876
OP 79 0.59212 0.591493 0.390664 0.110733 0.438542 0.000112121
AC 79 2.73311 2.73311 2.73233
OP 80 0.588535 0.584829 0.388962 0.111055 0.440452 0.000112781
AC 80 2.85816 2.85816 2.85737
OP 81 0.583264 0.587273 0.392722 0.108941 0.439149 0.000111152
AC 81 -0.88215 -0.88215 -0.882876
OP 82 0.580643 0.590273 0.39626 0.112256 0.438683 0.000108686
AC 82 1.54035 1.54035 1.53956
OP 83 0.582648 0.580284 0.39983 0.110202 0.438079 0.000107411
AC 83 -7.15793 -7.15793 -7.15861
OP 84 0.560491 0.590264 0.395331 0.0981569 0.4398 0.000109336
AC 84 -16.0466 -16.0466 -16.0475
OP 85 0.575968 0.592844 0.395424 0.109723 0.438917 0.000108769
AC 85 0.210767 0.210767 0.209943
OP 86 0.586494 0.588008 0.393326 0.105825 0.441505 0.00011081
AC 86 -6.60645 -6.60645 -6.6072
OP 87 0.571361 0.588598 0.390211 0.104553 0.441855 0.000111517
AC 87 -5.22714 -5.22714 -5.22795
OP 88 0.586541 0.600456 0.399012 0.105634 0.436131 0.000106144
AC 88 -0.385968 -0.385968 -0.386861
OP 89 0.596127 0.597673 0.396728 0.11311 0.438415 0.000107923
AC 89 3.71833 3.71833 3.71746
OP 90 0.585444 0.584827 0.381668 0.103621 0.444242 0.000117519
AC 90 -7.02069 -7.02069 -7.02139
OP 91 0.600898 0.586935 0.387612 0.102395 0.441085 0.000113844
AC 91 -3.75714 -3.75714 -3.75786
OP 92 0.586596 0.598372 0.399935 0.109449 0.435398 0.000105927
AC 92 1.52262 1.52262 1.52176
OP 93 0.576756 0.579908 0.392569 0.0963149 0.441894 0.000111694
AC 93 -7.0993 -7.0993 -7.09996
OP 94 0.589974 0.586579 0.388871 0.109348 0.440869 0.000112644
AC 94 -1.13963 -1.13963 -1.14038
OP 95 0.574009 0.596056 0.390699 0.0993991 0.438007 0.000111216
AC 95 -6.32647 -6.32647 -6.32733
OP 96 0.593365 0.598852 0.403652 0.112612 0.432149 0.000103477
AC 96 2.04408 2.04408 2.04313
OP 97 0.587585 0.595384 0.396426 0.113425 0.436958 0.000107912
AC 97 1.22663 1.22663 1.2258
OP 98 0.605003 0.599567 0.395969 0.112736 0.436428 0.000108116
AC 98 3.58552 3.58552 3.58462
OP 99 0.595022 0.583088 0.383196 0.0987207 0.44564 0.000116948
AC 99 -6.74499 -6.74499 -6.74571
OP 100 0.574726 0.586687 0.384494 0.0966782 0.443231 0.000115578
AC 100 -21.9495 -21.9495 -21.9503
OP 101 0.565764 0.593399 0.394546 0.106362 0.439713 0.000108832
AC 101 -5.53388 -5.53388 -5.5347
OP 102 0.587095 0.592529 0.391895 0.103027 0.43987 0.000111092
AC 102 -0.792375 -0.792375 -0.793192
OP 103 0.589065 0.600131 0.397145 0.107191 0.435795 0.000106995
AC 103 -0.59235 -0.59235 -0.593271
OP 104 0.583362 0.590603 0.396279 0.106532 0.43713 0.000108202
AC 104 -4.05618 -4.05618 -4.057
OP 105 0.591684 0.592934 0.40163 0.112634 0.435976 0.000104966
AC 105 2.27815 2.27815 2.27729
OP 106 0.592184 0.579614 0.381281 0.101639 0.44638 0.00011753
AC 106 -13.4773 -13.4773 -13.4779
OP 107 0.587481 0.591205 0.391906 0.103071 0.440358 0.000111599
AC 107 0.636681 0.636681 0.635858
OP 108 0.582108 0.598862 0.39987 0.106142 0.43473 0.00010656
AC 108 1.90294 1.90294 1.90198
OP 109 0.587316 0.582459 0.377575 0.0970428 0.448434 0.00012037
AC 109 -7.3928 -7.3928 -7.39346
OP 110 0.577928 0.595642 0.397969 0.102526 0.437922 0.000107681
AC 110 -3.67462 -3.67462 -3.6755
OP 111 0.579781 0.59876 0.395139 0.103312 0.437625 0.000108533
AC 111 -3.53523 -3.53523 -3.5361
OP 112 0.581269 0.586995 0.392249 0.108399 0.438791 0.000110651
AC 112 1.17119 1.17119 1.17042
OP 113 0.581005 0.577093 0.383254 0.100641 0.443954 0.000116937
AC 113 -14.6203 -14.6203 -14.6209
OP 114 0.569725 0.588509 0.384406 0.0923597 0.444667 0.000115783
AC 114 -44.5002 -44.5002 -44.5007
OP 115 0.577196 0.604847 0.397428 0.109445 0.435483 0.000106802
AC 115 3.79786 3.79786 3.79692
OP 116 0.5942 0.59517 0.397443 0.106158 0.436318 0.000107636
AC 116 -0.0725759 -0.0725759 -0.0734039
OP 117 0.592657 0.591439 0.390945 0.107794 0.441001 0.000111346
AC 117 -0.766 -0.766 -0.766809
OP 118 0.586899 0.593452 0.39584 0.108618 0.4385 0.000108358
AC 118 1.10959 1.10959 1.10875
OP 119 0.577612 0.583911 0.390699 0.0999654 0.443672 0.000112062
AC 119 -12.5473 -12.5473 -12.5481
OP 120 0.584422 0.571684 0.387501 0.0996129 0.442236 0.000114632
AC 120 -4.63507 -4.63507 -4.63569
OP 121 0.573658 0.607417 0.40104 0.111545 0.435114 0.000105253
AC 121 1.26277 1.26277 1.26186
OP 122 0.592538 0.602813 0.401717 0.106942 0.43644 0.000104311
AC 122 2.59779 2.59779 2.59681
OP 123 0.589647 0.589379 0.388055 0.10773 0.442148 0.000113207
AC 123 -1.43029 -1.43029 -1.43101
OP 124 0.586581 0.598971 0.394183 0.112607 0.436254 0.000108965
AC 124 4.79115 4.79115 4.7903
OP 125 0.582538 0.5901 0.396821 0.100293 0.436803 0.000107579
AC 125 -7.8646 -7.8646 -7.86539
OP 126 0.591887 0.589077 0.398547 0.109444 0.436963 0.00010714
AC 126 -3.85874 -3.85874 -3.85953
OP 127 0.58092 0.577188 0.392202 0.10139 0.441125 0.000111819
AC 127 -16.947 -16.947 -16.9477
OP 128 0.575762 0.589503 0.398779 0.109107 0.438158 0.000106681
AC 128 -0.447922 -0.447922 -0.448718
OP 129 0.592489 0.590352 0.391986 0.111273 0.440587 0.000110775
AC 129 1.95726 1.95726 1.95646
OP 130 0.583527 0.591519 0.394685 0.109468 0.440738 0.00010875
AC 130 1.27918 1.27918 1.27835
OP 131 0.578116 0.58602 0.394997 0.101591 0.43571 0.000109772
AC 131 -36.5602 -36.5602 -36.5609
OP 132 0.590599 0.592345 0.401339 0.112994 0.435885 0.000105468
AC 132 2.66105 2.66105 2.66021
OP 133 0.583909 0.598262 0.395203 0.108804 0.437955 0.000108606
AC 133 3.347 3.347 3.34606
OP 134 0.592059 0.582151 0.391962 0.111744 0.439666 0.000111213
AC 134 -2.91633 -2.91633 -2.91702
OP 135 0.567902 0.581988 0.385344 0.0982094 0.442648 0.000115632
AC 135 -12.881 -12.881 -12.8817
OP 136 0.578038 0.583499 0.388571 0.105238 0.442399 0.000113478
AC 136 -8.58515 -8.58515 -8.58585
OP 137 0.578531 0.588982 0.397545 0.105881 0.438336 0.000107454
AC 137 -2.72724 -2.72724 -2.72809
OP 138 0.589597 0.591367 0.385284 0.108533 0.443001 0.000114595
AC 138 0.178744 0.178744 0.17801
OP 139 0.596313 0.580282 0.388249 0.104601 0.440866 0.000113674
AC 139 -6.3104 -6.3104 -6.31106
OP 140 0.585101 0.576509 0.385936 0.105353 0.443995 0.00011512
AC 140 -34.2888 -34.2888 -34.2894
OP 141 0.584752 0.578946 0.383681 0.103567 0.446233 0.0001165
AC 141 -21.8196 -21.8196 -21.8202
OP 142 0.573496 0.592003 0.388091 0.0997187 0.442073 0.000113271
AC 142 -1.67412 -1.67412 -1.67498
OP 143 0.589316 0.585844 0.385961 0.101825 0.444403 0.00011494
AC 143 -20.0601 -20.0601 -20.0609
OP 144 0.584806 0.602352 0.404398 0.104555 0.4318 0.000103393
AC 144 0.934571 0.934571 0.933662
OP 145 0.5723 0.59099 0.390342 0.103852 0.441288 0.000112008
AC 145 -9.83941 -9.83941 -9.84018
OP 146 0.585045 0.588031 0.386875 0.10544 0.443584 0.000114436
AC 146 -5.78333 -5.78333 -5.78403
OP 147 0.571281 0.59621 0.400736 0.103074 0.436698 0.000105532
AC 147 -6.53078 -6.53078 -6.53166
OP 148 0.586597 0.597038 0.393282 0.106435 0.436502 0.000109541
AC 148 1.77171 1.77171 1.77084
OP 149 0.58074 0.596431 0.390378 0.105627 0.441981 0.000111632
AC 149 -0.340764 -0.340764 -0.341577
OP 150 0.583932 0.583883 0.390498 0.115289 0.440477 0.000112316
AC 150 2.00219 2.00219 2.00149
OP 151 0.59544 0.583937 0.391769 0.112003 0.441115 0.000111804
AC 151 -1.62693 -1.62693 -1.62767
OP 152 0.5869 0.59465 0.398295 0.109621 0.435692 0.000106859
AC 152 0.0549985 0.0549985 0.0540942
OP 153 0.59531 0.589789 0.388561 0.11039 0.43866 0.000112589
AC 153 2.57752 2.57752 2.57674
OP 154 0.575636 0.594456 0.400226 0.10415 0.437688 0.000105999
AC 154 -2.95674 -2.95674 -2.95758
OP 155 0.595305 0.585941 0.389119 0.105546 0.441341 0.000113136
AC 155 -2.34886 -2.34886 -2.34962
OP 156 0.591785 0.586609 0.376951 0.102459 0.443985 0.000120251
AC 156 -3.20997 -3.20997 -3.21066
OP 157 0.605447 0.570192 0.385941 0.113046 0.443161 0.00011614
AC 157 -8.08817 -8.08817 -8.08874
OP 158 0.587065 0.590223 0.387643 0.110336 0.440133 0.000113853
AC 158 0.752697 0.752697 0.751979
OP 159 0.57678 0.591498 0.38531 0.103441 0.442504 0.000115579
AC 159 -4.26824 -4.26824 -4.26898
OP 160 0.592875 0.58861 0.393653 0.112487 0.438867 0.000110075
AC 160 2.71935 2.71935 2.71857
OP 161 0.572764 0.58936 0.391107 0.0974023 0.439523 0.000111377
AC 161 -14.8612 -14.8612 -14.862
OP 162 0.575241 0.59881 0.402172 0.104439 0.4344 0.000104153
AC 162 1.07209 1.07209 1.07117
OP 163 0.594306 0.584747 0.393949 0.10653 0.441047 0.000109904
AC 163 -3.68846 -3.68846 -3.68923
OP 164 0.589417 0.59636 0.396442 0.113314 0.43608 0.00010807
AC 164 3.59337 3.59337 3.59253
OP 165 0.579963 0.584192 0.390018 0.101612 0.440898 0.000112028
AC 165 -16.7322 -16.7322 -16.7329
OP 166 0.581686 0.591513 0.395257 0.101945 0.437158 0.000109011
AC 166 -4.71919 -4.71919 -4.72007
OP 167 0.570288 0.604789 0.395038 0.10744 0.435611 0.000107753
AC 167 4.22284 4.22284 4.22189
OP 168 0.585706 0.589735 0.395642 0.0972829 0.43896 0.000108457
AC 168 -33.4019 -33.4019 -33.4027
OP 169 0.583194 0.585132 0.394209 0.102962 0.438536 0.000109704
AC 169 -6.83238 -6.83238 -6.83313
OP 170 0.593938 0.597661 0.396409 0.110735 0.434124 0.000107721
AC 170 2.21647 2.21647 2.21559
OP 171 0.57948 0.589728 0.386615 0.103335 0.442846 0.00011435
AC 171 0.236431 0.236431 0.235692
OP 172 0.582299 0.589832 0.393754 0.102606 0.438415 0.000109642
AC 172 -4.80863 -4.80863 -4.80947
OP 173 0.59428 0.584142 0.381443 0.110628 0.44542 0.000117866
AC 173 -1.29399 -1.29399 -1.29467
OP 174 0.582588 0.594791 0.393731 0.11317 0.436146 0.000109691
AC 174 2.61291 2.61291 2.61213
OP 175 0.576874 0.584839 0.388834 0.0991672 0.44237 0.000113732
AC 175 -4.14289 -4.14289 -4.14356
OP 176 0.581391 0.591478 0.395968 0.109751 0.437554 0.000108739
AC 176 -2.23633 -2.23633 -2.23711
OP 177 0.575805 0.595761 0.411209 0.0959818 0.431625 9.95125E-05
AC 177 -52.1764 -52.1764 -52.176
OP 178 0.580207 0.592551 0.390396 0.109222 0.439034 0.00011161
AC 178 0.301441 0.301441 0.300646
OP 179 0.587097 0.591145 0.395952 0.109677 0.436562 0.000108256
AC 179 -0.729407 -0.729407 -0.730279
OP 180 0.580818 0.580592 0.384215 0.09822 0.443285 0.000115781
AC 180 -10.2959 -10.2959 -10.2965
OP 181 0.585116 0.59461 0.402412 0.108527 0.436362 0.000105042
AC 181 3.51145 3.51145 3.51059
OP 182 0.597516 0.596129 0.392916 0.112827 0.437492 0.000109862
AC 182 3.00611 3.00611 3.00527
OP 183 0.594232 0.595279 0.391403 0.104513 0.438649 0.000111116
AC 183 2.74094 2.74094 2.7401
OP 184 0.592944 0.598863 0.395371 0.106288 0.438716 0.000108415
AC 184 1.59837 1.59837 1.5975
OP 185 0.578623 0.596212 0.39138 0.0981591 0.441385 0.000110717
AC 185 -6.1379 -6.1379 -6.13876
OP 186 0.594033 0.598722 0.393125 0.112088 0.438963 0.000109194
AC 186 5.99593 5.99593 5.99501
OP 187 0.578514 0.589333 0.396495 0.109347 0.438834 0.000108438
AC 187 1.22045 1.22045 1.21964
OP 188 0.580366 0.586513 0.384517 0.0980387 0.446439 0.000115823
AC 188 -20.8817 -20.8817 -20.8825
OP 189 0.579389 0.591123 0.394297 0.110104 0.440902 0.000109588
AC 189 -2.41415 -2.41415 -2.41491
OP 190 0.579229 0.589157 0.394832 0.104918 0.439167 0.000109493
AC 190 -5.34629 -5.34629 -5.34704
OP 191 0.59953 0.590945 0.394262 0.117011 0.437865 0.000109322
AC 191 3.86334 3.86334 3.86255
OP 192 0.585288 0.590769 0.38218 0.108027 0.442596 0.00011667
AC 192 -2.90145 -2.90145 -2.9022
OP 193 0.587022 0.58792 0.389474 0.104954 0.443612 0.000112639
AC 193 -5.72328 -5.72328 -5.72399
OP 194 0.579406 0.597179 0.387466 0.104262 0.441201 0.000112842
AC 194 0.0325369 0.0325369 0.0316935
OP 195 0.602452 0.584686 0.394675 0.112941 0.438162 0.000110017
AC 195 -0.372567 -0.372567 -0.373314
OP 196 0.58404 0.588439 0.38912 0.100925 0.440984 0.000112844
AC 196 -4.45469 -4.45469 -4.45545
OP 197 0.581161 0.601963 0.397836 0.100041 0.435015 0.000107043
AC 197 -1.48085 -1.48085 -1.48179
OP 198 0.598796 0.578936 0.389821 0.111626 0.441522 0.000112557
AC 198 -1.87322 -1.87322 -1.87389
OP 199 0.574943 0.598933 0.3949 0.102252 0.436878 0.000108814
AC 199 -6.83048 -6.83048 -6.83135
OP 200 0.606955 0.590913 0.39282 0.125028 0.435966 0.000109734
AC 200 6.67495 6.67495 6.67411
OP 201 0.59682 0.595307 0.399638 0.112974 0.435832 0.000105762
AC 201 2.15437 2.15437 2.15351
OP 202 0.591042 0.595993 0.397111 0.11154 0.436443 0.000107273
AC 202 3.56222 3.56222 3.56133
OP 203 0.590666 0.591032 0.393855 0.103391 0.438949 0.000109795
AC 203 -1.00083 -1.00083 -1.00167
OP 204 0.588405 0.592766 0.409434 0.107413 0.431489 0.000100636
AC 204 -2.27816 -2.27816 -2.27909
OP 205 0.588305 0.605466 0.400421 0.100416 0.43387 0.000104893
AC 205 -0.464788 -0.464788 -0.465832
OP 206 0.58204 0.592037 0.40272 0.110715 0.433814 0.000104859
AC 206 1.27698 1.27698 1.27612
OP 207 0.587256 0.592826 0.406268 0.107015 0.43233 0.000102435
AC 207 -13.9176 -13.9176 -13.9184
OP 208 0.580688 0.602738 0.394221 0.101253 0.439712 0.000109062
AC 208 -3.20596 -3.20596 -3.20686
OP 209 0.586772 0.585842 0.39521 0.106138 0.440977 0.000109777
AC 209 -5.3891 -5.3891 -5.38985
OP 210 0.593989 0.586584 0.391329 0.111076 0.439553 0.000111408
AC 210 1.13216 1.13216 1.1314
OP 211 0.578643 0.590351 0.40919 0.105384 0.431856 0.00010107
AC 211 -2.85061 -2.85061 -2.85147
OP 212 0.592804 0.586661 0.383335 0.11021 0.443585 0.000116458
AC 212 -0.1055 -0.1055 -0.106209
OP 213 0.591797 0.592942 0.395902 0.111262 0.438124 0.000108322
AC 213 2.47301 2.47301 2.47216
OP 214 0.584614 0.601489 0.404516 0.110192 0.433825 0.000102606
AC 214 2.35627 2.35627 2.35537
OP 215 0.588963 0.591364 0.391612 0.107062 0.441124 0.000111325
AC 215 -3.42044 -3.42044 -3.42123
OP 216 0.589524 0.597477 0.399167 0.108259 0.437896 0.000106471
AC 216 1.70289 1.70289 1.70198
OP 217 0.584583 0.588618 0.399863 0.107123 0.435579 0.000106322
AC 217 -7.69394 -7.69394 -7.69471
OP 218 0.595953 0.588238 0.397612 0.107263 0.438993 0.000107759
AC 218 -4.95442 -4.95442 -4.95523
OP 219 0.59262 0.588778 0.382131 0.105827 0.443158 0.000116665
AC 219 0.0106901 0.0106901 0.00994694
OP 220 0.585147 0.589148 0.39348 0.108767 0.437429 0.000109601
AC 220 0.224846 0.224846 0.22406
OP 221 0.590323 0.603865 0.396642 0.10922 0.436053 0.000107308
AC 221 3.73562 3.73562 3.73464
OP 222 0.578559 0.605463 0.401644 0.109672 0.434344 0.000104654
AC 222 1.52319 1.52319 1.52224
OP 223 0.581667 0.593612 0.396031 0.110028 0.436599 0.000108196
AC 223 2.81154 2.81154 2.81067
OP 224 0.573401 0.59041 0.395384 0.108878 0.441005 0.000108766
AC 224 -1.74774 -1.74774 -1.74858
OP 225 0.589894 0.588618 0.387958 0.105595 0.44172 0.000113384
AC 225 -2.63787 -2.63787 -2.63861
OP 226 0.586767 0.598502 0.405618 0.113817 0.430976 0.000102775
AC 226 4.56296 4.56296 4.56206
OP 227 0.59884 0.585245 0.389077 0.114763 0.441232 0.000112952
AC 227 1.6168 1.6168 1.6161
OP 228 0.585091 0.58848 0.401173 0.104593 0.436913 0.000105541
AC 228 -13.7702 -13.7702 -13.771
OP 229 0.588957 0.592287 0.386079 0.107804 0.441963 0.000114528
AC 229 2.29999 2.29999 2.29923
OP 230 0.593667 0.602047 0.413698 0.109326 0.42958 9.79432E-05
AC 230 0.65212 0.65212 0.651181
OP 231 0.599447 0.600396 0.396979 0.118552 0.435486 0.00010705
AC 231 5.75453 5.75453 5.75362
OP 232 0.577243 0.586244 0.395887 0.106316 0.440252 0.00010959
AC 232 -4.60019 -4.60019 -4.60096
OP 233 0.577676 0.585903 0.393574 0.103812 0.43973 0.000110649
AC 233 -9.83999 -9.83999 -9.84072
OP 234 0.567765 0.601469 0.400649 0.106818 0.434297 0.000105038
AC 234 -1.65982 -1.65982 -1.66071
OP 235 0.567727 0.597325 0.400758 0.105355 0.436403 0.000105394
AC 235 -2.82205 -2.82205 -2.82295
OP 236 0.579302 0.583924 0.392638 0.102784 0.44094 0.000110711
AC 236 -11.5049 -11.5049 -11.5057
OP 237 0.576836 0.60834 0.401429 0.111734 0.43499 0.000104658
AC 237 2.65992 2.65992 2.65895
OP 238 0.585256 0.59413 0.395885 0.109301 0.440957 0.000108696
AC 238 0.767583 0.767583 0.766744
OP 239 0.597399 0.595874 0.391897 0.107758 0.435854 0.000110786
AC 239 3.95586 3.95586 3.95501
OP 240 0.578328 0.583639 0.395743 0.101989 0.4402 0.000109192
AC 240 -17.7902 -17.7902 -17.791
OP 241 0.59961 0.582469 0.387271 0.108932 0.441769 0.000114029
AC 241 -0.248504 -0.248504 -0.249249
OP 242 0.592035 0.596097 0.406704 0.111883 0.432978 0.000101922
AC 242 3.69655 3.69655 3.69559
OP 243 0.575672 0.587546 0.386761 0.101841 0.440694 0.000113684
AC 243 -13.5942 -13.5942 -13.5949
OP 244 0.611187 0.58931 0.397887 0.11917 0.43387 0.000107241
AC 244 4.13987 4.13987 4.13907
OP 245 0.57394 0.584221 0.388614 0.106003 0.442771 0.000113217
AC 245 -7.99215 -7.99215 -7.99285
OP 246 0.587379 0.581492 0.391762 0.10082 0.439984 0.000111871
AC 246 -53.8779 -53.8779 -53.8772
OP 247 0.576917 0.584884 0.389826 0.0973324 0.442654 0.000112996
AC 247 -4.79532 -4.79532 -4.79599
OP 248 0.584216 0.589542 0.392695 0.110115 0.439376 0.00011069
AC 248 -1.03152 -1.03152 -1.03228
OP 249 0.567969 0.582587 0.381065 0.094869 0.444858 0.000118523
AC 249 -0.665935 -0.665935 -0.66659
OP 250 0.579385 0.595172 0.393813 0.107459 0.440214 0.000109865
AC 250 1.23855 1.23855 1.23772
OP 251 0.594358 0.584975 0.380998 0.105205 0.44581 0.000117775
AC 251 -1.90862 -1.90862 -1.90932
OP 252 0.574542 0.605846 0.396496 0.103141 0.4335 0.000107288
AC 252 1.25428 1.25428 1.25329
OP 253 0.577419 0.601209 0.40546 0.101717 0.432473 0.000102856
AC 253 0.0714121 0.0714121 0.0704374
OP 254 0.589448 0.592875 0.397685 0.110539 0.437098 0.000107035
AC 254 2.22773 2.22773 2.22693
OP 255 0.584878 0.596071 0.385732 0.102011 0.442808 0.000114308
AC 255 0.316398 0.316398 0.315576
OP 256 0.582067 0.582923 0.3952 0.0982168 0.43844 0.000109763
AC 256 -14.0362 -14.0362 -14.0369
OP 257 0.574765 0.586187 0.396096 0.100078 0.439422 0.000109041
AC 257 -16.799 -16.799 -16.7998
OP 258 0.586547 0.583152 0.390558 0.106002 0.442057 0.000112453
AC 258 -8.45035 -8.45035 -8.45106
OP 259 0.58286 0.596293 0.395863 0.111971 0.436436 0.000108247
AC 259 2.30486 2.30486 2.30402
OP 260 0.581299 0.58183 0.388374 0.107678 0.441225 0.000113162
AC 260 -5.19669 -5.19669 -5.1974
OP 261 0.602687 0.581494 0.386862 0.103249 0.44161 0.000114021
AC 261 -5.9859 -5.9859 -5.98663
OP 262 0.581747 0.596817 0.395785 0.105774 0.436701 0.000108092
AC 262 -2.06975 -2.06975 -2.07064
OP 263 0.594816 0.592423 0.395525 0.10706 0.437313 0.000108536
AC 263 0.946865 0.946865 0.945999
OP 264 0.594138 0.593114 0.402613 0.109046 0.435015 0.000104664
AC 264 -0.935416 -0.935416 -0.936272
OP 265 0.583926 0.588455 0.381893 0.109223 0.446683 0.000117329
AC 265 3.45114 3.45114 3.45039
OP 266 0.576681 0.597692 0.394658 0.0971037 0.437545 0.000109223
AC 266 -7.14154 -7.14154 -7.14242
OP 267 0.588699 0.591997 0.397773 0.108108 0.437287 0.000107741
AC 267 1.94328 1.94328 1.94247
OP 268 0.584165 0.586008 0.393871 0.107464 0.439715 0.000109841
AC 268 0.573019 0.573019 0.572209
OP 269 0.579834 0.60016 0.401567 0.11008 0.435825 0.000104939
AC 269 2.11958 2.11958 2.11867
OP 270 0.588573 0.589943 0.387746 0.115949 0.44218 0.000113279
AC 270 1.46555 1.46555 1.46478
OP 271 0.586706 0.590454 0.389191 0.0999523 0.441067 0.000112461
AC 271 -4.86707 -4.86707 -4.86787
OP 272 0.576392 0.599905 0.395041 0.102517 0.440158 0.00010887
AC 272 -4.04891 -4.04891 -4.04976
OP 273 0.578821 0.593928 0.394065 0.107926 0.44142 0.000109914
AC 273 1.96023 1.96023 1.9594
OP 274 0.599753 0.593716 0.393791 0.108444 0.440841 0.000109787
AC 274 1.26117 1.26117 1.26035
OP 275 0.576858 0.58802 0.388532 0.103061 0.442815 0.000113092
AC 275 -3.06518 -3.06518 -3.06594
OP 276 0.578067 0.590084 0.396947 0.105094 0.436898 0.00010795
AC 276 -5.61421 -5.61421 -5.61502
OP 277 0.56867 0.589792 0.379291 0.098695 0.44663 0.000118703
AC 277 -50.9528 -50.9528 -50.9528
OP 278 0.58556 0.592222 0.396689 0.0993685 0.438051 0.000107925
AC 278 -1.71635 -1.71635 -1.71724
OP 279 0.574404 0.598903 0.395329 0.102524 0.436477 0.000108543
AC 279 -2.72518 -2.72518 -2.72606
OP 280 0.567851 0.59961 0.389107 0.0944736 0.440556 0.000112349
AC 280 -11.7844 -11.7844 -11.7853
OP 281 0.579999 0.598675 0.404953 0.106517 0.435353 0.000103374
AC 281 0.981528 0.981528 0.980587
OP 282 0.603958 0.591244 0.397485 0.118825 0.437221 0.000107607
AC 282 3.86753 3.86753 3.86672
OP 283 0.576991 0.601081 0.390491 0.112019 0.438714 0.000111101
AC 283 5.18638 5.18638 5.18551
OP 284 0.579482 0.606907 0.397717 0.10748 0.43722 0.000106552
AC 284 5.50696 5.50696 5.50586
OP 285 0.571603 0.604765 0.398332 0.100748 0.437641 0.000106485
AC 285 1.69783 1.69783 1.69688
OP 286 0.569285 0.59047 0.387481 0.099086 0.442753 0.000113199
AC 286 -20.5485 -20.5485 -20.5493
OP 287 0.594155 0.586072 0.390144 0.10336 0.441225 0.000112143
AC 287 -14.6241 -14.6241 -14.6248
OP 288 0.582677 0.589789 0.396047 0.100836 0.437403 0.000108606
AC 288 -8.91846 -8.91846 -8.91925
OP 289 0.577188 0.589646 0.388582 0.102305 0.440282 0.000113366
AC 289 -8.83564 -8.83564 -8.83637
OP 290 0.591264 0.592272 0.392491 0.112394 0.43716 0.000110107
AC 290 1.26501 1.26501 1.2642
OP 291 0.592896 0.585695 0.389631 0.113215 0.441334 0.000112719
AC 291 2.72013 2.72013 2.7194
OP 292 0.592786 0.591571 0.387495 0.10455 0.439385 0.000113516
AC 292 -2.91645 -2.91645 -2.91725
OP 293 0.580608 0.572914 0.378662 0.10175 0.447445 0.000120908
AC 293 -29.9184 -29.9184 -29.919
OP 294 0.567673 0.586681 0.389028 0.102764 0.442416 0.000112418
AC 294 -11.9522 -11.9522 -11.9529
OP 295 0.591459 0.596813 0.399153 0.105629 0.433901 0.000106177
AC 295 -1.66937 -1.66937 -1.67026
OP 296 0.57976 0.594378 0.388346 0.103926 0.442482 0.000112325
AC 296 1.43746 1.43746 1.4366
OP 297 0.575267 0.580236 0.381052 0.0989528 0.447876 0.000117636
AC 297 -38.6046 -38.6046 -38.6052
OP 298 0.583096 0.57802 0.387872 0.0971494 0.442676 0.000114021
AC 298 -8.15484 -8.15484 -8.1555
OP 299 0.589263 0.582462 0.392687 0.109721 0.439998 0.000110782
AC 299 -1.27065 -1.27065 -1.27141
