OP 0 0.569721 0.61602 0.446105 0.229791 0.32521 0.000106586
AC 0 7.52205 7.52205 7.52165
OP 1 0.576501 0.619627 0.454672 0.228885 0.320913 0.00010203
AC 1 7.68452 7.68452 7.68405
OP 2 0.589969 0.616088 0.451739 0.231877 0.322158 0.000103614
AC 2 7.44878 7.44878 7.44836
OP 3 0.589304 0.604931 0.448994 0.239183 0.320499 0.000105576
AC 3 6.32489 6.32489 6.32452
OP 4 0.583174 0.610985 0.440179 0.231087 0.325945 0.00010926
AC 4 7.26275 7.26275 7.26236
OP 5 0.583354 0.612328 0.446598 0.230128 0.324318 0.000106646
AC 5 7.5493 7.5493 7.54891
OP 6 0.580915 0.607303 0.445554 0.228275 0.322144 0.000107303
AC 6 7.03096 7.03096 7.03056
OP 7 0.557985 0.619798 0.455733 0.224708 0.320634 0.000101763
AC 7 6.49868 6.49868 6.49824
OP 8 0.588003 0.613444 0.447299 0.238181 0.321225 0.000105634
AC 8 7.85684 7.85684 7.85644
OP 9 0.581845 0.619213 0.442404 0.231239 0.324879 0.00010802
AC 9 7.735 7.735 7.73457
OP 10 0.567413 0.616948 0.452668 0.22594 0.320996 0.00010303
AC 10 6.45626 6.45626 6.45582
OP 11 0.559621 0.61992 0.4609 0.223028 0.318354 0.000100179
AC 11 5.51405 5.51405 5.51361
OP 12 0.598117 0.613329 0.453304 0.241689 0.319287 0.000103302
AC 12 7.44103 7.44103 7.44062
OP 13 0.571889 0.617018 0.455021 0.232235 0.321508 0.000102119
AC 13 6.76788 6.76788 6.76746
OP 14 0.582161 0.625732 0.449547 0.241949 0.324775 0.000104653
AC 14 8.16496 8.16496 8.16452
OP 15 0.587386 0.614386 0.446435 0.234041 0.32376 0.000106317
AC 15 7.55666 7.55666 7.55626
OP 16 0.589379 0.616218 0.446515 0.239139 0.325531 0.000105984
AC 16 8.86338 8.86338 8.86295
OP 17 0.570035 0.628298 0.467513 0.233701 0.311705 9.56434E-05
AC 17 7.30744 7.30744 7.3069
OP 18 0.581093 0.599163 0.44431 0.23004 0.325208 0.000108488
AC 18 6.31637 6.31637 6.31602
OP 19 0.593888 0.627601 0.455942 0.243142 0.320117 0.000101226
AC 19 8.63474 8.63474 8.63426
OP 20 0.584187 0.625145 0.455047 0.242445 0.318268 0.000101775
AC 20 7.23358 7.23358 7.23312
OP 21 0.589029 0.628751 0.453705 0.237476 0.318598 0.000102046
AC 21 8.20518 8.20518 8.20472
OP 22 0.579677 0.61107 0.452344 0.233948 0.319531 0.000103656
AC 22 6.55288 6.55288 6.55247
OP 23 0.574535 0.616557 0.448344 0.234141 0.325383 0.000105349
AC 23 7.09135 7.09135 7.09091
OP 24 0.582543 0.620332 0.446365 0.23592 0.322881 0.000106154
AC 24 7.83424 7.83424 7.83381
OP 25 0.575943 0.626585 0.45188 0.235536 0.320693 0.000102602
AC 25 7.84031 7.84031 7.83984
OP 26 0.580102 0.604746 0.445841 0.232348 0.323957 0.000106931
AC 26 6.78263 6.78263 6.78223
OP 27 0.567229 0.61701 0.447037 0.228307 0.323012 0.000105653
AC 27 7.61545 7.61545 7.61501
OP 28 0.583416 0.618436 0.449209 0.236915 0.324477 0.000104823
AC 28 7.37519 7.37519 7.37478
OP 29 0.580492 0.620388 0.450571 0.232595 0.323254 0.000104149
AC 29 7.7616 7.7616 7.76116
OP 30 0.576443 0.616571 0.450296 0.228368 0.323192 0.000104531
AC 30 7.14288 7.14288 7.14245
OP 31 0.584505 0.627554 0.462363 0.242546 0.316787 9.81031E-05
AC 31 8.04469 8.04469 8.0442
OP 32 0.576634 0.620184 0.449952 0.234541 0.321747 0.000104437
AC 32 7.71812 7.71812 7.7177
OP 33 0.578762 0.612784 0.44151 0.230189 0.328907 0.000109166
AC 33 7.1425 7.1425 7.1421
OP 34 0.595735 0.626566 0.450468 0.240716 0.321244 0.000103584
AC 34 8.44172 8.44172 8.44124
OP 35 0.583271 0.620725 0.443275 0.244256 0.326822 0.000107222
AC 35 8.6607 8.6607 8.66028
OP 36 0.563554 0.621463 0.446132 0.225799 0.322314 0.000105871
AC 36 7.24405 7.24405 7.2436
OP 37 0.572501 0.625576 0.453867 0.236165 0.321086 0.000101853
AC 37 8.03391 8.03391 8.03344
OP 38 0.580891 0.622484 0.458076 0.238551 0.317348 0.000100387
AC 38 7.30982 7.30982 7.30934
OP 39 0.584861 0.616219 0.448996 0.238028 0.324693 0.000104969
AC 39 7.17756 7.17756 7.17716
OP 40 0.583098 0.621366 0.455767 0.233753 0.323693 0.000102116
AC 40 8.189 8.189 8.18856
OP 41 0.575592 0.604594 0.443533 0.228939 0.327367 0.000108663
AC 41 7.31352 7.31352 7.31315
OP 42 0.576349 0.612307 0.449794 0.233781 0.323202 0.000104681
AC 42 6.37036 6.37036 6.36994
OP 43 0.588311 0.619109 0.450879 0.24021 0.322598 0.000104408
AC 43 8.05146 8.05146 8.05103
OP 44 0.573301 0.607246 0.455051 0.225861 0.322797 0.000103033
AC 44 6.45993 6.45993 6.45953
OP 45 0.581047 0.6096 0.437447 0.22821 0.328241 0.000111239
AC 45 6.98379 6.98379 6.98343
OP 46 0.575754 0.622292 0.448387 0.22658 0.321891 0.00010489
AC 46 7.76909 7.76909 7.76862
OP 47 0.577362 0.635518 0.461794 0.239759 0.316995 9.80159E-05
AC 47 8.18775 8.18775 8.18722
OP 48 0.587242 0.622597 0.450822 0.241095 0.32312 0.000104009
AC 48 8.24301 8.24301 8.24256
OP 49 0.591119 0.626715 0.446485 0.239912 0.32198 0.000105728
AC 49 8.24786 8.24786 8.24743
OP 50 0.595988 0.627707 0.459018 0.247913 0.319011 9.99445E-05
AC 50 8.31394 8.31394 8.31348
OP 51 0.583056 0.618361 0.447403 0.243273 0.323893 0.000105606
AC 51 7.75748 7.75748 7.75705
OP 52 0.563378 0.610757 0.444948 0.226129 0.324715 0.000107235
AC 52 6.04036 6.04036 6.03997
OP 53 0.571806 0.617271 0.462188 0.230949 0.3179 9.87868E-05
AC 53 5.55498 5.55498 5.5545
OP 54 0.584124 0.611445 0.449051 0.235656 0.324108 0.000105639
AC 54 6.81813 6.81813 6.81775
OP 55 0.586825 0.62727 0.450769 0.240429 0.320702 0.000103314
AC 55 8.46931 8.46931 8.46884
OP 56 0.574886 0.629707 0.463664 0.240105 0.318696 9.77675E-05
AC 56 7.46103 7.46103 7.46052
OP 57 0.57616 0.614108 0.449449 0.232988 0.324813 0.000105139
AC 57 7.28724 7.28724 7.28683
OP 58 0.571576 0.619256 0.45102 0.226972 0.323476 0.000104229
AC 58 6.65469 6.65469 6.65426
OP 59 0.586581 0.611964 0.451296 0.228278 0.322979 0.000103933
AC 59 6.65751 6.65751 6.65709
OP 60 0.592109 0.611924 0.441719 0.232696 0.325887 0.000108792
AC 60 8.18137 8.18137 8.18099
OP 61 0.590319 0.621705 0.452152 0.236697 0.3229 0.000103254
AC 61 7.18582 7.18582 7.18537
OP 62 0.570485 0.63443 0.461406 0.239267 0.315416 9.79352E-05
AC 62 8.07145 8.07145 8.07094
OP 63 0.595167 0.613928 0.447272 0.231927 0.323945 0.000106038
AC 63 7.4187 7.4187 7.41828
OP 64 0.59001 0.625002 0.453389 0.243286 0.319834 0.000102277
AC 64 7.92064 7.92064 7.92019
OP 65 0.581584 0.612765 0.456137 0.231884 0.321057 0.000101846
AC 65 6.32267 6.32267 6.32223
OP 66 0.569395 0.627784 0.45716 0.235411 0.316761 0.000100417
AC 66 7.55161 7.55161 7.55113
OP 67 0.58316 0.613493 0.442014 0.229571 0.326941 0.000108027
AC 67 6.93126 6.93126 6.93084
OP 68 0.592225 0.618852 0.452251 0.233872 0.321071 0.000103335
AC 68 7.72441 7.72441 7.72396
OP 69 0.577015 0.624204 0.4612 0.240226 0.318102 9.88156E-05
AC 69 8.04726 8.04726 8.04677
OP 70 0.590021 0.609771 0.447715 0.23511 0.32319 0.000106521
AC 70 6.67262 6.67262 6.67224
OP 71 0.580969 0.622705 0.447161 0.22905 0.321584 0.000105411
AC 71 7.30094 7.30094 7.30048
OP 72 0.574888 0.619655 0.456821 0.237372 0.321668 0.000101087
AC 72 7.37889 7.37889 7.37846
OP 73 0.579822 0.639092 0.465638 0.236165 0.314465 9.59258E-05
AC 73 8.55112 8.55112 8.55056
OP 74 0.584202 0.617529 0.45225 0.23203 0.320478 0.000103363
AC 74 8.06545 8.06545 8.06501
OP 75 0.577288 0.622366 0.4553 0.234119 0.321089 0.000102189
AC 75 7.3771 7.3771 7.37668
OP 76 0.566872 0.619572 0.443071 0.224726 0.322233 0.000107822
AC 76 7.62869 7.62869 7.62828
OP 77 0.55825 0.610809 0.444109 0.22287 0.326935 0.000107839
AC 77 5.5507 5.5507 5.55031
OP 78 0.590456 0.626349 0.457019 0.238286 0.317513 0.00010071
AC 78 8.7276 8.7276 8.72713
OP 79 0.578064 0.635848 0.457545 0.240239 0.316293 9.956E-05
AC 79 8.88922 8.88922 8.88871
OP 80 0.570472 0.626575 0.449508 0.23601 0.322021 0.000104144
AC 80 8.4701 8.4701 8.46963
OP 81 0.573518 0.619216 0.455225 0.234036 0.319971 0.000101968
AC 81 7.75987 7.75987 7.75942
OP 82 0.585705 0.619154 0.451861 0.225728 0.323779 0.000103664
AC 82 8.11817 8.11817 8.11771
OP 83 0.571859 0.607557 0.443374 0.229172 0.329081 0.000107909
AC 83 7.04197 7.04197 7.04159
OP 84 0.584139 0.614044 0.443838 0.234539 0.327727 0.000107326
AC 84 7.39086 7.39086 7.39044
OP 85 0.602033 0.628949 0.453229 0.24098 0.318777 0.000102873
AC 85 8.64386 8.64386 8.64341
OP 86 0.581532 0.624568 0.455078 0.23113 0.318546 0.00010135
AC 86 7.44071 7.44071 7.44025
OP 87 0.578051 0.623432 0.448797 0.227097 0.32314 0.000104436
AC 87 7.68369 7.68369 7.68323
OP 88 0.567293 0.618714 0.451681 0.231449 0.321881 0.00010378
AC 88 7.14769 7.14769 7.14725
OP 89 0.590777 0.626106 0.449715 0.237554 0.323225 0.000104248
AC 89 8.8399 8.8399 8.83946
OP 90 0.570416 0.617431 0.456668 0.227577 0.321171 0.000101726
AC 90 6.84902 6.84902 6.84856
OP 91 0.574191 0.610804 0.4552 0.231571 0.321738 0.000102522
AC 91 5.8188 5.8188 5.81838
OP 92 0.591468 0.613265 0.450094 0.238226 0.320848 0.00010496
AC 92 7.73521 7.73521 7.73479
OP 93 0.561299 0.618961 0.454826 0.228903 0.322495 0.000102071
AC 93 6.8351 6.8351 6.83467
OP 94 0.584235 0.625283 0.451449 0.234059 0.321108 0.000103493
AC 94 8.23538 8.23538 8.23492
OP 95 0.576392 0.616273 0.43855 0.233244 0.327077 0.000110156
AC 95 7.83936 7.83936 7.83897
OP 96 0.569111 0.607792 0.460981 0.219701 0.321847 0.000100065
AC 96 4.99018 4.99018 4.98976
OP 97 0.584959 0.610821 0.444999 0.233229 0.324326 0.000107315
AC 97 6.36016 6.36016 6.35978
OP 98 0.584404 0.620498 0.444086 0.233883 0.325542 0.000107102
AC 98 8.08248 8.08248 8.08206
OP 99 0.582556 0.614079 0.452124 0.227303 0.322374 0.000104213
AC 99 7.10842 7.10842 7.108
OP 100 0.58957 0.635955 0.458986 0.245642 0.316228 9.92068E-05
AC 100 8.39937 8.39937 8.39884
OP 101 0.574673 0.616283 0.450998 0.230741 0.321977 0.000104374
AC 101 7.51238 7.51238 7.51195
OP 102 0.56923 0.61944 0.451359 0.224418 0.32414 0.000103698
AC 102 5.96425 5.96425 5.9638
OP 103 0.580081 0.617528 0.451811 0.235801 0.321336 0.000103746
AC 103 7.49238 7.49238 7.49195
OP 104 0.57568 0.607942 0.44452 0.220232 0.327388 0.00010775
AC 104 6.9191 6.9191 6.91871
OP 105 0.576798 0.625823 0.468036 0.235224 0.314123 9.58067E-05
AC 105 7.05202 7.05202 7.05151
OP 106 0.573602 0.631902 0.461457 0.234565 0.314938 9.7974E-05
AC 106 8.07932 8.07932 8.07879
OP 107 0.570221 0.618613 0.449875 0.234731 0.322705 0.000104479
AC 107 7.3906 7.3906 7.39017
OP 108 0.578006 0.609068 0.445981 0.230563 0.323073 0.000106796
AC 108 7.05162 7.05162 7.05123
OP 109 0.59439 0.624335 0.44791 0.24057 0.324955 0.000105552
AC 109 8.54198 8.54198 8.54155
OP 110 0.583098 0.628831 0.45196 0.242283 0.321899 0.000103185
AC 110 8.75047 8.75047 8.75002
OP 111 0.597562 0.632553 0.464725 0.244116 0.313455 9.65808E-05
AC 111 7.66872 7.66872 7.6682
OP 112 0.586836 0.626796 0.456418 0.24656 0.320532 0.00010113
AC 112 8.40361 8.40361 8.40315
OP 113 0.564619 0.620171 0.442783 0.223128 0.324272 0.000108388
AC 113 7.50846 7.50846 7.50804
OP 114 0.587613 0.610141 0.437788 0.234113 0.327331 0.000110896
AC 114 8.25335 8.25335 8.25298
OP 115 0.581791 0.615096 0.441037 0.234396 0.327377 0.000108928
AC 115 7.94309 7.94309 7.94269
OP 116 0.572281 0.598054 0.440694 0.219026 0.329585 0.000110422
AC 116 5.95252 5.95252 5.95218
OP 117 0.585083 0.611062 0.457417 0.238535 0.318458 0.000101192
AC 117 6.02617 6.02617 6.02576
OP 118 0.598105 0.619954 0.459323 0.234592 0.317356 9.95354E-05
AC 118 7.64348 7.64348 7.64301
OP 119 0.582096 0.614755 0.446824 0.233948 0.321808 0.000106022
AC 119 7.093 7.093 7.09259
OP 120 0.576163 0.618084 0.454071 0.231367 0.324135 0.000102979
AC 120 6.33313 6.33313 6.33269
OP 121 0.572492 0.610528 0.443708 0.231153 0.325651 0.000107823
AC 121 7.33085 7.33085 7.33046
OP 122 0.59136 0.625873 0.461761 0.228771 0.315338 9.85125E-05
AC 122 7.37175 7.37175 7.37126
OP 123 0.582452 0.635096 0.465646 0.236061 0.314283 9.65539E-05
AC 123 7.78893 7.78893 7.78838
OP 124 0.585009 0.627854 0.454869 0.238135 0.320362 0.00010157
AC 124 8.73439 8.73439 8.7339
OP 125 0.580081 0.619516 0.448731 0.234868 0.323371 0.000104985
AC 125 7.73377 7.73377 7.73333
OP 126 0.582893 0.626105 0.458031 0.239256 0.31981 0.000100079
AC 126 8.52491 8.52491 8.5244
OP 127 0.579002 0.624248 0.446025 0.238934 0.325936 0.000105888
AC 127 8.01823 8.01823 8.01779
OP 128 0.569454 0.60494 0.448376 0.227403 0.325466 0.000106193
AC 128 6.0688 6.0688 6.06843
OP 129 0.589235 0.62231 0.448888 0.241549 0.321004 0.000105047
AC 129 8.14473 8.14473 8.14429
OP 130 0.573457 0.627294 0.457076 0.23002 0.317286 0.000100617
AC 130 7.44992 7.44992 7.44944
OP 131 0.594425 0.607509 0.444719 0.238736 0.324817 0.000107686
AC 131 6.57178 6.57178 6.57141
OP 132 0.589519 0.625372 0.457004 0.240482 0.317064 0.000100772
AC 132 8.48389 8.48389 8.48341
OP 133 0.586292 0.614778 0.44504 0.236341 0.326199 0.000107255
AC 133 7.33145 7.33145 7.33105
OP 134 0.571147 0.624586 0.455378 0.230598 0.324391 0.00010202
AC 134 7.2119 7.2119 7.21144
OP 135 0.581735 0.618836 0.46296 0.228478 0.316136 9.8485E-05
AC 135 6.59929 6.59929 6.59882
OP 136 0.573939 0.617662 0.455171 0.233409 0.321363 0.000102033
AC 136 7.46898 7.46898 7.46855
OP 137 0.590135 0.613438 0.447386 0.234998 0.321174 0.00010555
AC 137 7.42958 7.42958 7.42916
OP 138 0.586275 0.600071 0.433945 0.233446 0.330192 0.0001132
AC 138 7.20925 7.20925 7.20892
OP 139 0.588239 0.599646 0.446089 0.232256 0.322757 0.000107801
AC 139 6.1559 6.1559 6.15553
OP 140 0.561685 0.614222 0.451305 0.222891 0.319907 0.000104368
AC 140 6.27683 6.27683 6.27639
OP 141 0.566855 0.611268 0.44588 0.230798 0.324729 0.000106718
AC 141 6.8807 6.8807 6.88029
OP 142 0.57321 0.630696 0.464611 0.235211 0.317483 9.68479E-05
AC 142 7.34489 7.34489 7.34437
OP 143 0.58614 0.618165 0.454735 0.236608 0.322728 0.000102082
AC 143 6.97924 6.97924 6.9788
OP 144 0.583879 0.608808 0.453377 0.227473 0.321789 0.000103217
AC 144 5.42243 5.42243 5.42199
OP 145 0.586018 0.613737 0.447176 0.230836 0.322083 0.000106136
AC 145 7.30655 7.30655 7.30615
OP 146 0.563946 0.625359 0.451369 0.223209 0.322961 0.000103432
AC 146 7.47591 7.47591 7.47544
OP 147 0.578398 0.619056 0.458123 0.233065 0.318655 0.000100301
AC 147 6.43002 6.43002 6.42956
OP 148 0.579085 0.619707 0.444722 0.235083 0.321908 0.000106842
AC 148 7.73165 7.73165 7.73122
OP 149 0.589131 0.616728 0.448533 0.233229 0.324412 0.000105063
AC 149 7.2004 7.2004 7.19999
OP 150 0.594511 0.609065 0.449003 0.233949 0.323866 0.000105098
AC 150 6.99556 6.99556 6.99515
OP 151 0.578302 0.619919 0.463624 0.236051 0.318444 9.80217E-05
AC 151 7.33176 7.33176 7.33129
OP 152 0.565348 0.615636 0.456285 0.230065 0.320974 0.000101569
AC 152 6.87151 6.87151 6.87108
OP 153 0.578706 0.609666 0.446636 0.232407 0.324749 0.000106403
AC 153 7.44506 7.44506 7.44467
OP 154 0.571528 0.624664 0.459277 0.226687 0.316969 9.96981E-05
AC 154 7.79629 7.79629 7.7958
OP 155 0.595927 0.615281 0.449028 0.241202 0.321582 0.000104957
AC 155 8.35068 8.35068 8.35027
OP 156 0.570812 0.606572 0.447582 0.230365 0.323121 0.000106114
AC 156 5.81894 5.81894 5.81857
OP 157 0.570198 0.620181 0.446951 0.225854 0.324656 0.000106034
AC 157 8.36983 8.36983 8.36938
OP 158 0.595114 0.625261 0.451133 0.242415 0.319378 0.000103342
AC 158 8.66338 8.66338 8.66292
OP 159 0.577716 0.623294 0.44864 0.240591 0.323793 0.000104593
AC 159 8.38337 8.38337 8.38294
OP 160 0.584553 0.624832 0.451805 0.227635 0.320425 0.000103289
AC 160 7.94366 7.94366 7.94319
OP 161 0.581237 0.623287 0.455006 0.232976 0.320258 0.000101298
AC 161 8.30066 8.30066 8.30019
OP 162 0.587972 0.630505 0.456407 0.245352 0.319604 0.000100597
AC 162 8.65187 8.65187 8.65136
OP 163 0.579071 0.626173 0.448002 0.232725 0.323948 0.000104968
AC 163 8.84456 8.84456 8.84411
OP 164 0.593508 0.611174 0.452858 0.240367 0.320851 0.000103615
AC 164 6.83139 6.83139 6.83098
OP 165 0.577797 0.61906 0.439152 0.229039 0.328126 0.000109978
AC 165 7.87871 7.87871 7.87828
OP 166 0.539132 0.637146 0.461723 0.222938 0.315875 9.78891E-05
AC 166 6.80083 6.80083 6.80029
OP 167 0.586578 0.624092 0.468024 0.245354 0.313395 9.57553E-05
AC 167 7.01213 7.01213 7.01163
OP 168 0.589225 0.602481 0.449248 0.235296 0.32386 0.000105565
AC 168 6.1326 6.1326 6.13221
OP 169 0.58536 0.621218 0.45965 0.23352 0.318533 0.000100274
AC 169 6.94098 6.94098 6.9405
OP 170 0.57952 0.617967 0.450903 0.230055 0.321705 0.000104401
AC 170 7.69651 7.69651 7.69607
OP 171 0.580748 0.6157 0.448015 0.236506 0.324643 0.000105882
AC 171 7.57011 7.57011 7.56971
OP 172 0.571219 0.626786 0.460833 0.235584 0.31864 9.92387E-05
AC 172 7.73924 7.73924 7.73876
OP 173 0.568666 0.612761 0.453694 0.225719 0.323236 0.000103087
AC 173 6.09167 6.09167 6.09125
OP 174 0.571132 0.622826 0.454826 0.231722 0.321728 0.000101996
AC 174 7.67736 7.67736 7.67688
OP 175 0.581363 0.623992 0.454367 0.235506 0.318885 0.000102106
AC 175 7.54925 7.54925 7.54879
OP 176 0.56982 0.614878 0.449526 0.226707 0.322771 0.000104585
AC 176 7.39182 7.39182 7.39139
OP 177 0.584973 0.614993 0.454439 0.227954 0.322198 0.000102634
AC 177 6.21325 6.21325 6.21281
OP 178 0.578587 0.625559 0.457299 0.231882 0.317548 0.000100583
AC 178 8.13648 8.13648 8.13599
OP 179 0.595209 0.618359 0.454581 0.238811 0.317853 0.000101948
AC 179 7.41129 7.41129 7.41084
OP 180 0.575264 0.617016 0.449638 0.232073 0.322183 0.000105177
AC 180 7.4252 7.4252 7.42477
OP 181 0.579711 0.623623 0.456464 0.230547 0.320774 0.000101432
AC 181 6.97151 6.97151 6.97106
OP 182 0.584944 0.62127 0.450067 0.235965 0.322885 0.000104398
AC 182 8.21207 8.21207 8.21161
OP 183 0.580063 0.622425 0.461151 0.2362 0.315492 9.87048E-05
AC 183 7.36258 7.36258 7.36209
OP 184 0.581917 0.601992 0.44317 0.228444 0.326922 0.000108984
AC 184 6.67409 6.67409 6.67374
OP 185 0.584175 0.615649 0.456963 0.231004 0.321154 0.000101206
AC 185 6.88353 6.88353 6.88308
OP 186 0.576436 0.618355 0.454458 0.232973 0.319623 0.000102254
AC 186 7.04458 7.04458 7.04414
OP 187 0.560311 0.622067 0.457684 0.224475 0.319969 0.000100892
AC 187 6.38977 6.38977 6.38931
OP 188 0.576171 0.615348 0.451217 0.230315 0.32139 0.00010408
AC 188 7.00586 7.00586 7.00543
OP 189 0.595874 0.622352 0.453559 0.242621 0.318024 0.000102254
AC 189 7.57713 7.57713 7.57668
OP 190 0.58313 0.613067 0.449926 0.234714 0.325135 0.000104601
AC 190 7.39016 7.39016 7.38975
OP 191 0.582808 0.623334 0.46273 0.237579 0.314433 9.80269E-05
AC 191 6.92081 6.92081 6.92033
OP 192 0.572453 0.619953 0.446205 0.232695 0.322191 0.000106307
AC 192 8.16633 8.16633 8.16588
OP 193 0.582284 0.619833 0.449101 0.236049 0.319772 0.00010448
AC 193 7.8269 7.8269 7.82646
OP 194 0.578275 0.621648 0.457966 0.238452 0.318506 0.00010025
AC 194 7.38667 7.38667 7.38619
OP 195 0.572829 0.618527 0.457307 0.229777 0.32102 0.000100852
AC 195 6.94691 6.94691 6.94645
OP 196 0.581389 0.613316 0.438696 0.229264 0.327635 0.000110165
AC 196 6.97067 6.97067 6.97029
OP 197 0.58575 0.617612 0.451206 0.235108 0.32166 0.00010393
AC 197 8.17212 8.17212 8.17168
OP 198 0.594832 0.613992 0.453118 0.246669 0.323395 0.000103363
AC 198 7.54215 7.54215 7.54174
OP 199 0.608568 0.631007 0.455995 0.244364 0.318063 0.000100702
AC 199 9.31115 9.31115 9.31065
OP 200 0.582104 0.624347 0.448091 0.233579 0.322171 0.000105038
AC 200 7.84793 7.84793 7.84749
OP 201 0.587226 0.62348 0.44965 0.235303 0.320746 0.000104165
AC 201 7.84288 7.84288 7.84242
OP 202 0.567019 0.6288 0.460367 0.223433 0.316808 9.88938E-05
AC 202 7.51452 7.51452 7.51397
OP 203 0.588221 0.613404 0.446128 0.242382 0.322944 0.000106587
AC 203 8.12352 8.12352 8.1231
OP 204 0.569439 0.621853 0.441301 0.234149 0.326672 0.000108733
AC 204 7.91791 7.91791 7.9175
OP 205 0.575859 0.622203 0.452782 0.234972 0.320821 0.000102997
AC 205 7.85548 7.85548 7.85501
OP 206 0.577905 0.613673 0.454882 0.230149 0.317805 0.000102208
AC 206 6.30277 6.30277 6.30234
OP 207 0.58086 0.611297 0.441957 0.230364 0.328033 0.00010879
AC 207 7.92295 7.92295 7.92255
OP 208 0.576973 0.615059 0.450321 0.22999 0.321994 0.000104639
AC 208 6.91434 6.91434 6.91391
OP 209 0.584087 0.62493 0.46427 0.22687 0.315262 9.74936E-05
AC 209 7.08524 7.08524 7.08473
OP 210 0.590094 0.612944 0.453869 0.233218 0.322874 0.000102689
AC 210 6.98351 6.98351 6.98308
OP 211 0.588564 0.615375 0.451261 0.2366 0.320903 0.000103841
AC 211 7.36231 7.36231 7.36189
OP 212 0.584863 0.62444 0.441626 0.236522 0.32408 0.000108508
AC 212 8.19342 8.19342 8.19301
OP 213 0.565717 0.633588 0.453131 0.23212 0.319462 0.00010177
AC 213 8.43708 8.43708 8.43658
OP 214 0.572098 0.624008 0.447152 0.231028 0.323168 0.000105332
AC 214 8.1048 8.1048 8.10435
OP 215 0.582244 0.607826 0.44961 0.237495 0.32543 0.000104862
AC 215 7.09018 7.09018 7.08979
OP 216 0.579487 0.622609 0.45651 0.235826 0.317872 0.000100611
AC 216 7.73939 7.73939 7.73892
OP 217 0.572944 0.625827 0.460492 0.235806 0.31596 9.88315E-05
AC 217 7.21708 7.21708 7.21659
OP 218 0.566403 0.61386 0.441711 0.225669 0.327036 0.000109037
AC 218 7.70345 7.70345 7.70306
OP 219 0.574798 0.613924 0.445852 0.227014 0.324533 0.000106462
AC 219 6.69684 6.69684 6.69642
OP 220 0.578406 0.618618 0.453355 0.238025 0.321027 0.000103357
AC 220 7.2428 7.2428 7.24239
OP 221 0.584156 0.618582 0.460077 0.234882 0.318866 9.97359E-05
AC 221 7.19361 7.19361 7.19316
OP 222 0.583228 0.616441 0.451702 0.225894 0.32301 0.000103382
AC 222 7.37707 7.37707 7.37662
OP 223 0.57326 0.607468 0.439509 0.225125 0.330881 0.000110336
AC 223 6.39243 6.39243 6.39206
OP 224 0.573339 0.615849 0.444105 0.225307 0.324309 0.000107866
AC 224 7.00182 7.00182 7.00141
OP 225 0.580844 0.619856 0.452236 0.226859 0.322459 0.000103325
AC 225 7.56506 7.56506 7.56459
OP 226 0.576706 0.618682 0.455935 0.230292 0.31964 0.000101856
AC 226 6.05025 6.05025 6.0498
OP 227 0.571708 0.622077 0.447422 0.230814 0.321945 0.000105672
AC 227 8.33813 8.33813 8.33769
OP 228 0.586728 0.599264 0.4379 0.23003 0.329469 0.000111802
AC 228 6.71571 6.71571 6.71538
OP 229 0.582789 0.622212 0.461047 0.231627 0.317619 9.91469E-05
AC 229 6.46634 6.46634 6.46587
OP 230 0.597404 0.610435 0.448415 0.239309 0.323428 0.000105197
AC 230 7.59731 7.59731 7.5969
OP 231 0.583565 0.610259 0.449621 0.231365 0.321269 0.000105261
AC 231 6.86679 6.86679 6.8664
OP 232 0.576828 0.615622 0.438282 0.231689 0.326577 0.000110047
AC 232 7.05966 7.05966 7.05927
OP 233 0.584789 0.602651 0.431641 0.231479 0.331814 0.000114093
AC 233 8.27347 8.27347 8.27313
OP 234 0.562692 0.614766 0.441256 0.233484 0.329691 0.000109186
AC 234 7.68774 7.68774 7.68736
OP 235 0.582332 0.616911 0.447209 0.234077 0.320772 0.000105514
AC 235 7.97051 7.97051 7.97009
OP 236 0.573811 0.618553 0.448617 0.226652 0.322804 0.000104827
AC 236 7.38147 7.38147 7.38103
OP 237 0.584219 0.607216 0.437826 0.228081 0.327456 0.000111159
AC 237 7.4678 7.4678 7.46743
OP 238 0.554748 0.632343 0.46466 0.232235 0.316751 9.66164E-05
AC 238 7.33868 7.33868 7.33817
OP 239 0.586145 0.625631 0.448894 0.237805 0.322834 0.000104269
AC 239 8.84364 8.84364 8.84319
OP 240 0.57489 0.619174 0.459598 0.234165 0.316788 9.96246E-05
AC 240 6.7297 6.7297 6.72925
OP 241 0.569302 0.621518 0.449829 0.236772 0.323487 0.000104381
AC 241 7.90341 7.90341 7.90299
OP 242 0.582178 0.63151 0.445385 0.240928 0.321807 0.000105694
AC 242 8.96334 8.96334 8.96286
OP 243 0.590801 0.605476 0.449348 0.234541 0.323924 0.000105327
AC 243 7.48659 7.48659 7.48619
OP 244 0.578132 0.604865 0.447762 0.230408 0.326409 0.000106539
AC 244 6.53316 6.53316 6.53278
OP 245 0.584319 0.621224 0.454659 0.233911 0.320941 0.000101859
AC 245 7.10171 7.10171 7.10127
OP 246 0.575157 0.612509 0.451745 0.225076 0.32384 0.00010386
AC 246 7.01894 7.01894 7.0185
OP 247 0.58048 0.626655 0.448725 0.233445 0.320673 0.000105202
AC 247 8.4671 8.4671 8.46665
OP 248 0.589079 0.622404 0.457197 0.23627 0.319127 0.000100671
AC 248 7.79425 7.79425 7.79377
OP 249 0.582035 0.614654 0.456891 0.231506 0.31724 0.000101499
AC 249 6.44873 6.44873 6.44829
OP 250 0.566832 0.620569 0.444042 0.230116 0.323733 0.000107034
AC 250 7.57281 7.57281 7.57238
OP 251 0.581041 0.608671 0.450913 0.236806 0.322001 0.000103661
AC 251 6.57578 6.57578 6.57536
OP 252 0.579612 0.628654 0.4516 0.227635 0.32006 0.000102995
AC 252 8.05754 8.05754 8.05706
OP 253 0.572857 0.619393 0.450515 0.234762 0.320787 0.000103958
AC 253 7.60275 7.60275 7.60232
OP 254 0.5771 0.621496 0.459159 0.234393 0.317679 9.96454E-05
AC 254 7.67968 7.67968 7.67919
OP 255 0.569823 0.619702 0.451309 0.225378 0.321329 0.000103395
AC 255 7.037 7.037 7.03656
OP 256 0.584527 0.627095 0.457362 0.236409 0.319276 0.000100768
AC 256 8.35846 8.35846 8.35799
OP 257 0.577728 0.632165 0.462772 0.239281 0.31737 9.79876E-05
AC 257 8.35882 8.35882 8.35832
OP 258 0.576009 0.62322 0.457128 0.237458 0.317384 0.000100476
AC 258 7.11345 7.11345 7.11298
OP 259 0.589867 0.627765 0.445993 0.234553 0.322763 0.000106023
AC 259 8.79803 8.79803 8.79757
OP 260 0.578871 0.624152 0.454681 0.241777 0.322253 0.000101806
AC 260 7.74837 7.74837 7.74793
OP 261 0.590152 0.611123 0.45066 0.236756 0.323748 0.000104475
AC 261 7.64212 7.64212 7.64171
OP 262 0.572657 0.614409 0.447149 0.226224 0.325956 0.000106137
AC 262 7.0745 7.0745 7.07409
OP 263 0.591765 0.612266 0.451763 0.237313 0.321265 0.000103941
AC 263 7.40081 7.40081 7.4004
OP 264 0.58322 0.621276 0.453691 0.237922 0.319886 0.000102821
AC 264 7.43097 7.43097 7.43053
OP 265 0.56148 0.616969 0.45557 0.23113 0.32151 0.000102016
AC 265 7.16786 7.16786 7.16743
OP 266 0.579396 0.618072 0.447886 0.229353 0.322222 0.000104907
AC 266 7.1344 7.1344 7.13398
OP 267 0.568633 0.630077 0.460335 0.230457 0.317412 9.91423E-05
AC 267 7.26298 7.26298 7.26247
OP 268 0.568339 0.612226 0.449747 0.22588 0.323582 0.000105056
AC 268 7.0363 7.0363 7.0359
OP 269 0.572659 0.613642 0.447671 0.220841 0.326176 0.000106176
AC 269 6.56473 6.56473 6.56434
OP 270 0.584705 0.612431 0.454405 0.235145 0.320365 0.00010238
AC 270 6.62891 6.62891 6.6285
OP 271 0.560999 0.62053 0.455597 0.221147 0.31975 0.000101594
AC 271 6.56232 6.56232 6.56185
OP 272 0.595871 0.60957 0.441808 0.236427 0.325795 0.000108879
AC 272 7.70032 7.70032 7.69994
OP 273 0.603174 0.618612 0.453706 0.243821 0.3212 0.000102595
AC 273 8.38241 8.38241 8.38197
OP 274 0.565081 0.623356 0.456823 0.222225 0.321952 0.000101224
AC 274 6.1973 6.1973 6.19685
OP 275 0.576147 0.621669 0.454931 0.235319 0.321007 0.000101783
AC 275 7.37219 7.37219 7.37174
OP 276 0.593382 0.629492 0.455695 0.24546 0.319051 0.000100842
AC 276 8.52768 8.52768 8.52718
OP 277 0.582716 0.613668 0.450487 0.241004 0.322053 0.00010483
AC 277 7.40457 7.40457 7.40417
OP 278 0.571355 0.59977 0.448411 0.217842 0.32867 0.000106749
AC 278 4.45642 4.45642 4.45605
OP 279 0.590909 0.611857 0.442296 0.242644 0.324449 0.00010773
AC 279 8.05405 8.05405 8.05366
OP 280 0.56607 0.611794 0.457198 0.228673 0.318076 0.000101591
AC 280 5.80392 5.80392 5.8035
OP 281 0.592606 0.624285 0.444429 0.238 0.326359 0.000106946
AC 281 8.79176 8.79176 8.79134
OP 282 0.576141 0.620458 0.451966 0.230663 0.322445 0.000102931
AC 282 7.59989 7.59989 7.59942
OP 283 0.571847 0.623215 0.449944 0.229611 0.323931 0.000103995
AC 283 7.47733 7.47733 7.47687
OP 284 0.573823 0.620935 0.450251 0.225193 0.321845 0.00010436
AC 284 7.57893 7.57893 7.57848
OP 285 0.598873 0.611669 0.443311 0.243878 0.323855 0.000107611
AC 285 8.4068 8.4068 8.4064
OP 286 0.575377 0.607898 0.444384 0.230167 0.326518 0.00010749
AC 286 6.92342 6.92342 6.92303
OP 287 0.583882 0.620862 0.448533 0.225346 0.321869 0.000105049
AC 287 8.16274 8.16274 8.16227
OP 288 0.566316 0.617411 0.449925 0.231818 0.322363 0.000104661
AC 288 7.0651 7.0651 7.06467
OP 289 0.590582 0.611044 0.445302 0.237124 0.322589 0.000107182
AC 289 7.67769 7.67769 7.67731
OP 290 0.579313 0.611966 0.439072 0.226658 0.329504 0.000110061
AC 290 7.52724 7.52724 7.52686
OP 291 0.580905 0.631563 0.458604 0.239765 0.319258 9.92657E-05
AC 291 7.98901 7.98901 7.98851
OP 292 0.567507 0.608704 0.446158 0.219674 0.325619 0.000107382
AC 292 6.18092 6.18092 6.18054
OP 293 0.586935 0.619162 0.452457 0.237553 0.321937 0.000103318
AC 293 7.87035 7.87035 7.86992
OP 294 0.575277 0.623531 0.4594 0.235015 0.317564 9.92498E-05
AC 294 7.47715 7.47715 7.47664
OP 295 0.574574 0.608306 0.442606 0.228927 0.32625 0.000108488
AC 295 7.39215 7.39215 7.39176
OP 296 0.589767 0.625081 0.4533 0.241972 0.31833 0.000102502
AC 296 7.68071 7.68071 7.68024
OP 297 0.58824 0.61673 0.455448 0.240752 0.317972 0.00010165
AC 297 7.43794 7.43794 7.43752
OP 298 0.592462 0.622589 0.45769 0.243601 0.318379 0.000100248
AC 298 7.78775 7.78775 7.78729
OP 299 0.584066 0.618562 0.453508 0.24081 0.321014 0.000103101
AC 299 8.10204 8.10204 8.10163
