OP 0 0.517873 0.575672 0.414163 0.212894 0.300464 0.000103689
AC 0 6.15503 6.15503 6.15467
OP 1 0.529676 0.59041 0.421688 0.211862 0.295318 9.92501E-05
AC 1 8.0208 8.0208 8.02035
OP 2 0.506367 0.584469 0.426125 0.198063 0.293404 9.77045E-05
AC 2 5.35899 5.35899 5.35855
OP 3 0.523647 0.582656 0.421511 0.214519 0.295568 9.9775E-05
AC 3 6.53698 6.53698 6.53656
OP 4 0.525638 0.573464 0.410076 0.200964 0.301998 0.000106238
AC 4 5.60642 5.60642 5.60607
OP 5 0.515192 0.575972 0.417513 0.199015 0.299515 0.000102233
AC 5 4.99607 4.99607 4.99568
OP 6 0.529476 0.580613 0.419223 0.213129 0.296197 0.000101241
AC 6 6.77457 6.77457 6.77415
OP 7 0.523694 0.580577 0.419103 0.206609 0.296888 0.000101169
AC 7 5.8541 5.8541 5.85372
OP 8 0.533532 0.579366 0.405347 0.212928 0.303874 0.000107928
AC 8 7.07345 7.07345 7.0731
OP 9 0.523445 0.586082 0.424215 0.209488 0.295208 9.86523E-05
AC 9 6.5608 6.5608 6.56035
OP 10 0.510638 0.586136 0.421908 0.206639 0.295736 9.96435E-05
AC 10 7.2428 7.2428 7.24237
OP 11 0.511936 0.571857 0.411591 0.195414 0.300818 0.000105418
AC 11 5.56638 5.56638 5.56602
OP 12 0.523029 0.582582 0.414912 0.204534 0.300492 0.000103132
AC 12 6.47353 6.47353 6.47314
OP 13 0.498301 0.577356 0.414848 0.19482 0.302374 0.000103747
AC 13 4.41978 4.41978 4.41941
OP 14 0.513906 0.579452 0.418403 0.205119 0.297678 0.000101883
AC 14 5.83916 5.83916 5.83878
OP 15 0.52183 0.592196 0.424863 0.208098 0.295321 9.80369E-05
AC 15 7.43919 7.43919 7.43874
OP 16 0.519876 0.582384 0.423057 0.204754 0.296753 9.87826E-05
AC 16 5.68454 5.68454 5.68411
OP 17 0.512726 0.584474 0.422301 0.20147 0.294413 9.95665E-05
AC 17 5.65799 5.65799 5.65757
OP 18 0.526541 0.585218 0.423416 0.207768 0.296915 9.91823E-05
AC 18 5.3399 5.3399 5.3395
OP 19 0.524193 0.57179 0.406732 0.19808 0.30411 0.000107595
AC 19 5.49599 5.49599 5.49564
OP 20 0.521988 0.594558 0.41793 0.21081 0.295507 0.000100947
AC 20 7.33421 7.33421 7.33376
OP 21 0.510042 0.572771 0.414822 0.198159 0.299242 0.000103444
AC 21 4.48503 4.48503 4.48467
OP 22 0.51994 0.589376 0.422687 0.207947 0.29545 9.87698E-05
AC 22 7.13938 7.13938 7.13893
OP 23 0.523526 0.589664 0.430096 0.216696 0.292816 9.52369E-05
AC 23 6.97597 6.97597 6.97548
OP 24 0.530785 0.579852 0.424009 0.210833 0.294845 9.8624E-05
AC 24 6.12628 6.12628 6.12586
OP 25 0.515412 0.582259 0.423129 0.201394 0.296278 9.97788E-05
AC 25 5.14152 5.14152 5.14109
OP 26 0.529302 0.577515 0.417931 0.210586 0.298175 0.000102104
AC 26 6.50552 6.50552 6.50515
OP 27 0.521118 0.60091 0.42404 0.212597 0.293899 9.76776E-05
AC 27 8.3959 8.3959 8.39541
OP 28 0.527727 0.582851 0.410467 0.204031 0.300273 0.000105417
AC 28 6.74429 6.74429 6.74389
OP 29 0.536357 0.578408 0.406212 0.215699 0.3065 0.00010789
AC 29 7.71945 7.71945 7.71912
OP 30 0.518225 0.572794 0.411535 0.201425 0.302448 0.00010549
AC 30 5.72133 5.72133 5.72098
OP 31 0.520984 0.5808 0.418649 0.207049 0.295615 0.000101716
AC 31 5.9623 5.9623 5.96192
OP 32 0.518964 0.572172 0.417971 0.201643 0.300782 0.000102266
AC 32 5.0156 5.0156 5.01524
OP 33 0.522847 0.569897 0.415994 0.205427 0.301139 0.000103765
AC 33 5.17786 5.17786 5.17751
OP 34 0.530434 0.583135 0.41807 0.211349 0.298697 0.000101576
AC 34 6.32624 6.32624 6.32584
OP 35 0.525612 0.604486 0.4289 0.20859 0.291182 9.51934E-05
AC 35 7.37646 7.37646 7.37594
OP 36 0.531625 0.578828 0.423448 0.209679 0.295883 9.95081E-05
AC 36 5.74629 5.74629 5.7459
OP 37 0.517765 0.566374 0.412235 0.197768 0.302869 0.000106154
AC 37 5.23731 5.23731 5.23699
OP 38 0.515412 0.577669 0.417501 0.199597 0.298966 0.000102031
AC 38 5.7982 5.7982 5.79781
OP 39 0.504637 0.58648 0.425015 0.198536 0.29379 9.78613E-05
AC 39 6.12091 6.12091 6.12044
OP 40 0.531026 0.584868 0.416723 0.215733 0.296888 0.00010218
AC 40 7.74951 7.74951 7.74911
OP 41 0.513373 0.580924 0.411495 0.203548 0.300197 0.000104773
AC 41 7.06989 7.06989 7.06948
OP 42 0.526142 0.601524 0.427365 0.211193 0.291106 9.66246E-05
AC 42 8.20467 8.20467 8.20416
OP 43 0.503485 0.580083 0.420926 0.2028 0.297154 0.000100493
AC 43 6.11686 6.11686 6.11645
OP 44 0.509555 0.60171 0.429001 0.208064 0.29226 9.51574E-05
AC 44 7.37858 7.37858 7.37804
OP 45 0.527536 0.575442 0.419502 0.209348 0.295695 0.000101916
AC 45 6.12619 6.12619 6.12582
OP 46 0.527607 0.579005 0.423769 0.213532 0.293212 9.9035E-05
AC 46 6.15869 6.15869 6.15829
OP 47 0.529983 0.586931 0.416782 0.214428 0.300274 0.000101744
AC 47 6.73124 6.73124 6.73085
OP 48 0.514288 0.581802 0.425479 0.210251 0.295948 9.81484E-05
AC 48 5.73618 5.73618 5.73576
OP 49 0.533559 0.5876 0.417898 0.217216 0.297727 0.000101332
AC 49 7.41309 7.41309 7.41269
OP 50 0.528267 0.57898 0.413519 0.206533 0.300408 0.000104199
AC 50 7.07643 7.07643 7.07605
OP 51 0.523551 0.56909 0.410868 0.202426 0.304305 0.000106126
AC 51 6.08526 6.08526 6.08491
OP 52 0.527461 0.581834 0.411691 0.204311 0.300767 0.000104535
AC 52 7.16564 7.16564 7.16525
OP 53 0.521554 0.58651 0.42318 0.204878 0.296137 9.88406E-05
AC 53 6.11124 6.11124 6.1108
OP 54 0.526718 0.580288 0.41726 0.201593 0.296224 0.000101824
AC 54 5.055 5.055 5.05461
OP 55 0.514483 0.582044 0.421127 0.203543 0.297036 0.000100257
AC 55 5.66873 5.66873 5.66833
OP 56 0.528297 0.580216 0.413105 0.204951 0.303305 0.000104724
AC 56 6.82686 6.82686 6.82648
OP 57 0.526712 0.588621 0.421257 0.208576 0.296737 9.96795E-05
AC 57 6.76476 6.76476 6.76434
OP 58 0.524157 0.593902 0.43193 0.205978 0.289983 9.4589E-05
AC 58 6.29378 6.29378 6.29331
OP 59 0.505685 0.589175 0.42188 0.20515 0.295712 9.87641E-05
AC 59 6.09169 6.09169 6.09125
OP 60 0.515607 0.577222 0.412542 0.201771 0.300386 0.000104825
AC 60 6.24956 6.24956 6.24918
OP 61 0.530346 0.563683 0.404574 0.195298 0.30355 0.000109165
AC 61 4.74379 4.74379 4.74346
OP 62 0.50853 0.591668 0.419651 0.204619 0.297937 0.000100507
AC 62 6.77887 6.77887 6.77843
OP 63 0.531634 0.583403 0.411924 0.206194 0.301254 0.000104287
AC 63 7.47853 7.47853 7.47815
OP 64 0.534535 0.574393 0.409431 0.201972 0.302362 0.00010588
AC 64 6.06773 6.06773 6.06736
OP 65 0.501254 0.590831 0.427322 0.195973 0.29473 9.72217E-05
AC 65 6.05962 6.05962 6.05915
OP 66 0.539822 0.579936 0.414399 0.208087 0.299525 0.000103446
AC 66 7.07914 7.07914 7.07875
OP 67 0.52852 0.585415 0.415892 0.219302 0.295925 0.000102441
AC 67 7.53787 7.53787 7.53749
OP 68 0.517534 0.593738 0.421579 0.20755 0.296155 9.97191E-05
AC 68 7.16182 7.16182 7.16138
OP 69 0.509618 0.582177 0.41944 0.202523 0.298667 0.000101688
AC 69 5.58555 5.58555 5.58515
OP 70 0.508195 0.57446 0.418616 0.196494 0.298694 0.000102121
AC 70 4.10219 4.10219 4.10182
OP 71 0.515954 0.579242 0.413932 0.205675 0.300797 0.000103849
AC 71 5.8809 5.8809 5.88053
OP 72 0.528431 0.590163 0.420545 0.204088 0.295838 9.99367E-05
AC 72 7.30155 7.30155 7.30111
OP 73 0.513145 0.578432 0.410201 0.201392 0.300695 0.000105521
AC 73 6.2716 6.2716 6.27123
OP 74 0.527351 0.589336 0.418192 0.214827 0.297157 0.000100929
AC 74 7.81213 7.81213 7.8117
OP 75 0.532326 0.573266 0.414937 0.209872 0.301444 0.00010354
AC 75 6.1348 6.1348 6.13444
OP 76 0.52876 0.580006 0.42082 0.212759 0.295679 0.000100405
AC 76 6.48516 6.48516 6.48478
OP 77 0.512317 0.581199 0.416113 0.197362 0.299928 0.000103013
AC 77 4.87795 4.87795 4.87757
OP 78 0.512405 0.579081 0.418343 0.20149 0.299344 0.000101451
AC 78 5.61751 5.61751 5.61711
OP 79 0.531141 0.577896 0.414302 0.209746 0.300384 0.000103582
AC 79 6.57592 6.57592 6.57554
OP 80 0.52643 0.572545 0.410497 0.206317 0.303046 0.000105728
AC 80 6.24374 6.24374 6.2434
OP 81 0.5399 0.579079 0.421994 0.211736 0.295728 9.97169E-05
AC 81 6.34785 6.34785 6.34745
OP 82 0.510356 0.581238 0.417598 0.206164 0.29742 0.000102203
AC 82 5.78604 5.78604 5.78565
OP 83 0.517522 0.576406 0.422478 0.20294 0.296078 9.97861E-05
AC 83 5.08464 5.08464 5.08424
OP 84 0.527424 0.595735 0.422413 0.213207 0.295086 9.87075E-05
AC 84 7.417 7.417 7.41655
OP 85 0.526848 0.576271 0.414043 0.204293 0.299946 0.000103771
AC 85 6.13631 6.13631 6.13593
OP 86 0.508588 0.580567 0.417419 0.198911 0.297042 0.000102116
AC 86 5.61447 5.61447 5.61408
OP 87 0.534165 0.5721 0.41537 0.206135 0.298779 0.000103621
AC 87 5.81584 5.81584 5.81547
OP 88 0.518487 0.58874 0.423538 0.21142 0.296029 9.86435E-05
AC 88 7.17235 7.17235 7.17191
OP 89 0.524551 0.587916 0.42559 0.207999 0.295263 9.82334E-05
AC 89 6.40803 6.40803 6.4076
OP 90 0.538773 0.574573 0.41527 0.210097 0.297628 0.00010349
AC 90 6.32155 6.32155 6.32118
OP 91 0.528367 0.584113 0.42262 0.206212 0.293874 9.9297E-05
AC 91 6.44799 6.44799 6.44757
OP 92 0.537819 0.564659 0.409696 0.208133 0.299779 0.000106692
AC 92 5.06707 5.06707 5.06676
OP 93 0.522719 0.585432 0.424126 0.210951 0.292628 9.86358E-05
AC 93 5.9876 5.9876 5.98718
OP 94 0.520616 0.59393 0.420763 0.209222 0.297763 9.99154E-05
AC 94 7.1764 7.1764 7.17595
OP 95 0.530869 0.597311 0.426544 0.225311 0.290146 9.66637E-05
AC 95 7.89795 7.89795 7.8975
OP 96 0.527396 0.588073 0.425151 0.216755 0.291604 9.77481E-05
AC 96 6.86765 6.86765 6.86722
OP 97 0.531522 0.572391 0.4138 0.203311 0.300322 0.00010389
AC 97 5.92431 5.92431 5.92393
OP 98 0.52241 0.586865 0.428941 0.211683 0.295701 9.63986E-05
AC 98 5.81513 5.81513 5.81471
OP 99 0.522348 0.581884 0.409374 0.200935 0.303289 0.000106438
AC 99 6.9751 6.9751 6.97473
OP 100 0.532313 0.577805 0.419488 0.209681 0.298098 0.000101505
AC 100 6.34172 6.34172 6.34135
OP 101 0.503433 0.584432 0.416149 0.198239 0.297665 0.000102557
AC 101 6.00087 6.00087 6.00047
OP 102 0.520931 0.595806 0.418709 0.210601 0.297348 0.000100644
AC 102 7.96696 7.96696 7.96649
OP 103 0.519313 0.577169 0.419334 0.206862 0.296584 0.000101172
AC 103 5.74027 5.74027 5.73986
OP 104 0.507779 0.587726 0.426435 0.208773 0.293115 9.71732E-05
AC 104 5.69549 5.69549 5.69503
OP 105 0.51748 0.570024 0.416872 0.197182 0.299299 0.000103329
AC 105 4.34976 4.34976 4.34941
OP 106 0.52631 0.582048 0.420578 0.206254 0.301486 0.000100851
AC 106 6.17965 6.17965 6.17926
OP 107 0.529363 0.573628 0.412133 0.20811 0.299775 0.00010494
AC 107 6.29524 6.29524 6.29489
OP 108 0.513764 0.58141 0.418665 0.199424 0.300395 0.000101278
AC 108 5.35186 5.35186 5.35145
OP 109 0.52252 0.592745 0.42934 0.212274 0.292906 9.60193E-05
AC 109 6.52508 6.52508 6.52462
OP 110 0.51731 0.585429 0.420407 0.205542 0.294908 0.000100304
AC 110 6.55223 6.55223 6.5518
OP 111 0.523256 0.59219 0.426249 0.20761 0.292775 9.68693E-05
AC 111 6.83504 6.83504 6.83457
OP 112 0.513015 0.583035 0.41943 0.206669 0.295458 0.000100493
AC 112 6.2248 6.2248 6.22439
OP 113 0.535714 0.590797 0.423338 0.212681 0.293405 9.87895E-05
AC 113 6.93547 6.93547 6.93503
OP 114 0.522591 0.571468 0.412852 0.203403 0.300538 0.000104719
AC 114 6.74955 6.74955 6.74919
OP 115 0.511975 0.584998 0.422601 0.201422 0.297826 9.96395E-05
AC 115 6.03947 6.03947 6.03905
OP 116 0.529773 0.583757 0.418934 0.205336 0.29617 0.000101288
AC 116 6.91249 6.91249 6.91207
OP 117 0.516409 0.586171 0.424629 0.203138 0.296911 9.86328E-05
AC 117 6.63797 6.63797 6.63753
OP 118 0.515889 0.576884 0.415702 0.200317 0.29886 0.000103033
AC 118 4.97159 4.97159 4.97123
OP 119 0.519492 0.583476 0.419792 0.19938 0.298534 0.000100877
AC 119 6.36769 6.36769 6.36725
OP 120 0.52063 0.570352 0.411367 0.199552 0.30113 0.000105614
AC 120 4.7804 4.7804 4.78006
OP 121 0.518274 0.580482 0.410664 0.204655 0.301883 0.00010547
AC 121 7.13458 7.13458 7.13419
OP 122 0.517437 0.575592 0.421004 0.202542 0.2957 0.0001004
AC 122 4.84561 4.84561 4.84523
OP 123 0.495123 0.583616 0.413773 0.194375 0.298374 0.000103147
AC 123 5.35202 5.35202 5.35162
OP 124 0.537783 0.577096 0.417307 0.209938 0.296155 0.000101905
AC 124 6.71086 6.71086 6.71046
OP 125 0.532994 0.573563 0.41908 0.208947 0.296972 0.000101661
AC 125 6.32838 6.32838 6.32801
OP 126 0.524427 0.576422 0.414622 0.205797 0.298539 0.000103565
AC 126 5.58136 5.58136 5.58099
OP 127 0.522139 0.579554 0.417137 0.202333 0.298437 0.000102091
AC 127 5.97814 5.97814 5.97775
OP 128 0.49896 0.581977 0.419426 0.199112 0.298385 0.00010133
AC 128 5.65722 5.65722 5.65681
OP 129 0.526897 0.579031 0.418799 0.206402 0.297492 0.000101236
AC 129 5.94661 5.94661 5.94624
OP 130 0.527255 0.591272 0.42085 0.207924 0.29592 0.000100035
AC 130 7.192 7.192 7.19155
OP 131 0.525063 0.5791 0.419025 0.208035 0.298389 0.000101328
AC 131 5.981 5.981 5.9806
OP 132 0.528124 0.581872 0.420291 0.20716 0.295841 0.000100626
AC 132 5.69351 5.69351 5.69311
OP 133 0.50665 0.582644 0.420735 0.20256 0.297955 9.99685E-05
AC 133 6.29773 6.29773 6.29729
OP 134 0.511703 0.583039 0.41503 0.204814 0.297385 0.000103382
AC 134 6.5778 6.5778 6.57741
OP 135 0.529762 0.590799 0.417543 0.213549 0.297229 0.000101376
AC 135 7.33838 7.33838 7.33795
OP 136 0.522238 0.589142 0.421674 0.212716 0.295864 9.96585E-05
AC 136 6.88493 6.88493 6.88451
OP 137 0.526959 0.596928 0.422512 0.211598 0.295091 9.88647E-05
AC 137 7.70892 7.70892 7.70845
OP 138 0.524053 0.584292 0.425082 0.20625 0.295488 9.83195E-05
AC 138 5.84531 5.84531 5.84487
OP 139 0.503822 0.586319 0.418063 0.201319 0.301009 0.000101476
AC 139 6.59644 6.59644 6.59601
OP 140 0.532707 0.584223 0.41061 0.210506 0.302451 0.000104672
AC 140 7.25809 7.25809 7.25771
OP 141 0.530415 0.574084 0.4224 0.202301 0.295617 0.000100179
AC 141 4.73029 4.73029 4.72992
OP 142 0.521058 0.577933 0.411655 0.199934 0.300376 0.000105452
AC 142 5.89972 5.89972 5.89936
OP 143 0.519041 0.571399 0.410553 0.200796 0.304278 0.000105969
AC 143 4.673 4.673 4.67265
OP 144 0.522646 0.584362 0.422198 0.211584 0.29678 9.94778E-05
AC 144 6.73109 6.73109 6.73066
OP 145 0.52184 0.578067 0.415866 0.208764 0.300828 0.000102881
AC 145 6.40751 6.40751 6.40715
OP 146 0.511307 0.583305 0.420485 0.198711 0.296537 0.000100623
AC 146 5.59274 5.59274 5.59233
OP 147 0.534252 0.58879 0.417157 0.214277 0.295394 0.000101663
AC 147 8.069 8.069 8.06858
OP 148 0.523159 0.584804 0.410509 0.206355 0.299027 0.0001055
AC 148 7.2986 7.2986 7.29822
OP 149 0.521589 0.586488 0.415183 0.212277 0.297588 0.000102872
AC 149 7.16357 7.16357 7.16319
OP 150 0.546289 0.579148 0.425335 0.214191 0.2928 9.83223E-05
AC 150 6.00282 6.00282 6.0024
OP 151 0.524969 0.587358 0.417306 0.202692 0.29824 0.000101207
AC 151 7.2348 7.2348 7.23437
OP 152 0.522118 0.579635 0.412441 0.198696 0.301175 0.000104553
AC 152 5.52558 5.52558 5.52519
OP 153 0.512332 0.581038 0.41649 0.202194 0.298573 0.000102543
AC 153 5.91986 5.91986 5.91947
OP 154 0.511031 0.587159 0.42153 0.200382 0.295208 9.97055E-05
AC 154 6.15315 6.15315 6.1527
OP 155 0.526918 0.594571 0.425467 0.218906 0.292238 9.70999E-05
AC 155 7.20891 7.20891 7.20846
OP 156 0.504624 0.590637 0.428351 0.196283 0.293214 9.66576E-05
AC 156 5.81159 5.81159 5.81112
OP 157 0.51528 0.575885 0.419183 0.199379 0.299565 0.000101676
AC 157 4.46097 4.46097 4.46058
OP 158 0.523262 0.583413 0.414089 0.204014 0.297826 0.000102989
AC 158 6.60853 6.60853 6.60812
OP 159 0.523512 0.577858 0.412405 0.209002 0.302986 0.000104817
AC 159 6.2798 6.2798 6.27944
OP 160 0.526626 0.582027 0.421744 0.213479 0.295587 0.000100019
AC 160 6.26542 6.26542 6.26501
OP 161 0.504557 0.585328 0.424484 0.2067 0.295883 9.83201E-05
AC 161 6.17443 6.17443 6.17399
OP 162 0.520408 0.586208 0.414426 0.20867 0.298962 0.000103367
AC 162 6.9993 6.9993 6.99892
OP 163 0.532665 0.578807 0.413668 0.209211 0.300535 0.000103944
AC 163 7.06635 7.06635 7.06598
OP 164 0.521657 0.573702 0.418287 0.207609 0.296508 0.000101709
AC 164 5.22319 5.22319 5.22281
OP 165 0.521907 0.574719 0.417599 0.208503 0.296302 0.000102078
AC 165 5.68388 5.68388 5.6835
OP 166 0.528227 0.57743 0.415397 0.208289 0.300829 0.000103276
AC 166 6.22444 6.22444 6.22409
OP 167 0.518618 0.566748 0.407486 0.205954 0.306155 0.000107782
AC 167 5.71041 5.71041 5.71008
OP 168 0.511088 0.564419 0.405765 0.194618 0.304839 0.000108735
AC 168 4.61545 4.61545 4.61513
OP 169 0.528924 0.575677 0.410748 0.208108 0.303435 0.000105116
AC 169 6.85481 6.85481 6.85444
OP 170 0.530866 0.574539 0.414092 0.204754 0.300193 0.000103784
AC 170 6.33733 6.33733 6.33694
OP 171 0.519039 0.588624 0.421857 0.212521 0.295077 9.98145E-05
AC 171 6.89409 6.89409 6.89368
OP 172 0.526584 0.57652 0.412892 0.202466 0.300134 0.000104692
AC 172 6.13201 6.13201 6.13164
OP 173 0.515574 0.585491 0.416598 0.206221 0.299082 0.000102577
AC 173 6.95887 6.95887 6.95848
OP 174 0.527457 0.575762 0.422082 0.212038 0.298202 0.000100106
AC 174 6.01638 6.01638 6.016
OP 175 0.517996 0.591675 0.425096 0.207437 0.295341 9.74949E-05
AC 175 6.42704 6.42704 6.42658
OP 176 0.532514 0.583171 0.417681 0.213248 0.296487 0.000101845
AC 176 7.11846 7.11846 7.11807
OP 177 0.515552 0.577428 0.41059 0.203837 0.300208 0.000105825
AC 177 6.14288 6.14288 6.1425
OP 178 0.538629 0.579134 0.422456 0.210062 0.295179 0.000100067
AC 178 5.69035 5.69035 5.68997
OP 179 0.51717 0.584517 0.423913 0.208553 0.296536 9.88082E-05
AC 179 5.75343 5.75343 5.75303
OP 180 0.528319 0.597633 0.42238 0.209857 0.295825 9.87984E-05
AC 180 8.41834 8.41834 8.41785
OP 181 0.510378 0.590828 0.422109 0.205526 0.295526 9.93402E-05
AC 181 6.58167 6.58167 6.58124
OP 182 0.517423 0.585978 0.420839 0.20395 0.296638 0.000100127
AC 182 6.43473 6.43473 6.43429
OP 183 0.497725 0.586965 0.427248 0.197541 0.295667 9.73043E-05
AC 183 5.27546 5.27546 5.27503
OP 184 0.519339 0.583951 0.422297 0.208081 0.295829 9.92511E-05
AC 184 5.62837 5.62837 5.62795
OP 185 0.514447 0.60139 0.435891 0.208454 0.28825 9.2256E-05
AC 185 6.96727 6.96727 6.96673
OP 186 0.519096 0.564245 0.405862 0.196915 0.305368 0.000108213
AC 186 4.89023 4.89023 4.8899
OP 187 0.515106 0.577793 0.409405 0.199438 0.303649 0.00010615
AC 187 6.07052 6.07052 6.07016
OP 188 0.530609 0.59396 0.424596 0.208831 0.293431 9.7486E-05
AC 188 7.4219 7.4219 7.42143
OP 189 0.513556 0.588448 0.415553 0.202938 0.299295 0.000102442
AC 189 7.23681 7.23681 7.23639
OP 190 0.510828 0.593598 0.422897 0.203645 0.29629 9.91698E-05
AC 190 6.57923 6.57923 6.57877
OP 191 0.513331 0.578003 0.410235 0.201507 0.301052 0.000105991
AC 191 5.96223 5.96223 5.96186
OP 192 0.526908 0.586088 0.423882 0.205113 0.293917 9.88345E-05
AC 192 6.458 6.458 6.45757
OP 193 0.523634 0.58763 0.436345 0.208556 0.288553 9.26972E-05
AC 193 5.36577 5.36577 5.36531
OP 194 0.528998 0.595361 0.42779 0.221571 0.290768 9.62403E-05
AC 194 8.1672 8.1672 8.16671
OP 195 0.515897 0.591795 0.426047 0.201229 0.294153 9.7641E-05
AC 195 5.67759 5.67759 5.67713
OP 196 0.507353 0.591531 0.425733 0.204654 0.292249 9.78571E-05
AC 196 6.46532 6.46532 6.46485
OP 197 0.520345 0.574025 0.414284 0.198761 0.301811 0.000104141
AC 197 5.38872 5.38872 5.38835
OP 198 0.52395 0.571807 0.412207 0.209147 0.299719 0.000105105
AC 198 5.72741 5.72741 5.72705
OP 199 0.525254 0.583623 0.418428 0.211576 0.297267 0.000101374
AC 199 6.85973 6.85973 6.85935
OP 200 0.517583 0.583024 0.410403 0.198823 0.301516 0.000104959
AC 200 5.91024 5.91024 5.90984
OP 201 0.517384 0.586759 0.423053 0.2041 0.295516 9.94226E-05
AC 201 6.10539 6.10539 6.10497
OP 202 0.532777 0.585812 0.416665 0.213376 0.298154 0.000102268
AC 202 7.41865 7.41865 7.41827
OP 203 0.511506 0.587451 0.423436 0.205431 0.294286 9.84587E-05
AC 203 6.47814 6.47814 6.47771
OP 204 0.518983 0.584731 0.422485 0.206274 0.29488 9.93052E-05
AC 204 5.64294 5.64294 5.64253
OP 205 0.507523 0.588198 0.426375 0.209751 0.294407 9.7457E-05
AC 205 6.15814 6.15814 6.1577
OP 206 0.514503 0.580867 0.420348 0.198562 0.298696 0.000100796
AC 206 5.65964 5.65964 5.65924
OP 207 0.528816 0.591109 0.422835 0.216768 0.295462 9.9363E-05
AC 207 6.4497 6.4497 6.44931
OP 208 0.516706 0.585433 0.428586 0.204302 0.290249 9.62965E-05
AC 208 5.99617 5.99617 5.99571
OP 209 0.503176 0.591813 0.426541 0.203131 0.294898 9.66667E-05
AC 209 6.31925 6.31925 6.31879
OP 210 0.521159 0.579271 0.417201 0.212215 0.298219 0.000102032
AC 210 6.22444 6.22444 6.22406
OP 211 0.519249 0.575984 0.423376 0.203597 0.295035 9.90754E-05
AC 211 4.97451 4.97451 4.97411
OP 212 0.520829 0.579706 0.417927 0.20538 0.300181 0.000102102
AC 212 5.56619 5.56619 5.56582
OP 213 0.516257 0.583834 0.422554 0.204982 0.29489 9.94214E-05
AC 213 5.8231 5.8231 5.82269
OP 214 0.512452 0.589941 0.423299 0.201448 0.295311 9.8832E-05
AC 214 5.77084 5.77084 5.7704
OP 215 0.526806 0.582361 0.424062 0.209949 0.295894 9.90662E-05
AC 215 6.87062 6.87062 6.87021
OP 216 0.511441 0.57596 0.41431 0.194981 0.301113 0.000104116
AC 216 5.70467 5.70467 5.7043
OP 217 0.528813 0.585128 0.417152 0.205784 0.297983 0.000101924
AC 217 6.92909 6.92909 6.92866
OP 218 0.520131 0.583274 0.408068 0.200235 0.301368 0.000106483
AC 218 6.76373 6.76373 6.76334
OP 219 0.525036 0.592552 0.430058 0.218855 0.289811 9.55166E-05
AC 219 6.71336 6.71336 6.71291
OP 220 0.525258 0.589283 0.426115 0.200006 0.293062 9.7119E-05
AC 220 7.25502 7.25502 7.25455
OP 221 0.511013 0.592585 0.413507 0.20255 0.301014 0.000103262
AC 221 7.51221 7.51221 7.51177
OP 222 0.533755 0.573873 0.414164 0.206813 0.300855 0.000104166
AC 222 6.33508 6.33508 6.33473
OP 223 0.534976 0.584527 0.416908 0.212975 0.29878 0.000101962
AC 223 7.08323 7.08323 7.08285
OP 224 0.536932 0.566743 0.416153 0.210177 0.299147 0.000103183
AC 224 6.18069 6.18069 6.18033
OP 225 0.54265 0.592848 0.425365 0.226391 0.292181 9.74096E-05
AC 225 8.03366 8.03366 8.03323
OP 226 0.513235 0.567123 0.410801 0.197336 0.303963 0.000106457
AC 226 4.23711 4.23711 4.23678
OP 227 0.54318 0.558551 0.404385 0.208413 0.304562 0.000109501
AC 227 5.72483 5.72483 5.72451
OP 228 0.513664 0.58909 0.426301 0.214265 0.291852 9.71265E-05
AC 228 6.92544 6.92544 6.92499
OP 229 0.530413 0.591397 0.426909 0.211655 0.292258 9.69791E-05
AC 229 7.43162 7.43162 7.43117
OP 230 0.517909 0.577507 0.418965 0.206599 0.297923 0.00010125
AC 230 6.07197 6.07197 6.07159
OP 231 0.523643 0.571999 0.4156 0.202126 0.298846 0.000103819
AC 231 5.33506 5.33506 5.3347
OP 232 0.513401 0.565422 0.412331 0.195326 0.302393 0.000105469
AC 232 4.65845 4.65845 4.65811
OP 233 0.508952 0.588607 0.427327 0.205882 0.292757 9.7415E-05
AC 233 5.90023 5.90023 5.8998
OP 234 0.51615 0.578771 0.416093 0.201114 0.300131 0.000103008
AC 234 5.60576 5.60576 5.60538
OP 235 0.506514 0.593786 0.427257 0.205056 0.29285 9.65091E-05
AC 235 6.13806 6.13806 6.13758
OP 236 0.52842 0.579593 0.415428 0.206465 0.298001 0.000103227
AC 236 6.54432 6.54432 6.54393
OP 237 0.52036 0.5796 0.416495 0.205537 0.299613 0.000102565
AC 237 6.24222 6.24222 6.24183
OP 238 0.518367 0.584579 0.414868 0.205602 0.29809 0.00010298
AC 238 6.62769 6.62769 6.6273
OP 239 0.531879 0.577509 0.416788 0.20777 0.301857 0.000102515
AC 239 6.29207 6.29207 6.29169
OP 240 0.509374 0.587236 0.426472 0.209614 0.295307 9.74567E-05
AC 240 6.35754 6.35754 6.35712
OP 241 0.517505 0.571824 0.419429 0.20469 0.298057 0.000101554
AC 241 5.34577 5.34577 5.34541
OP 242 0.534034 0.57898 0.412342 0.207267 0.298944 0.000104275
AC 242 8.07368 8.07368 8.07328
OP 243 0.50299 0.588287 0.415209 0.194886 0.300132 0.000103126
AC 243 6.47411 6.47411 6.47371
OP 244 0.51611 0.589466 0.424517 0.212197 0.295263 9.80554E-05
AC 244 6.65606 6.65606 6.65562
OP 245 0.511872 0.5811 0.407474 0.200085 0.303292 0.000107021
AC 245 6.95154 6.95154 6.95118
OP 246 0.505679 0.578827 0.406325 0.194053 0.303273 0.000107834
AC 246 6.13402 6.13402 6.13367
OP 247 0.531466 0.595409 0.426193 0.21962 0.291677 9.67818E-05
AC 247 7.96428 7.96428 7.96379
OP 248 0.520161 0.58464 0.416218 0.205903 0.297396 0.00010233
AC 248 6.55502 6.55502 6.5546
OP 249 0.541934 0.579959 0.412664 0.219693 0.298907 0.000103945
AC 249 7.97631 7.97631 7.97593
OP 250 0.513188 0.587414 0.420035 0.201355 0.295788 0.000100228
AC 250 6.69652 6.69652 6.69607
OP 251 0.496305 0.585435 0.410835 0.194569 0.30313 0.000105307
AC 251 6.05978 6.05978 6.05939
OP 252 0.522774 0.582932 0.420511 0.209438 0.296934 0.000100512
AC 252 5.9566 5.9566 5.95621
OP 253 0.530132 0.582797 0.426854 0.209488 0.292532 9.72797E-05
AC 253 6.95066 6.95066 6.95023
OP 254 0.516404 0.588412 0.421337 0.203299 0.297915 9.99138E-05
AC 254 6.66058 6.66058 6.66015
OP 255 0.530506 0.579752 0.420722 0.21482 0.295244 0.000100002
AC 255 6.57467 6.57467 6.57427
OP 256 0.515878 0.576531 0.422882 0.202776 0.297372 9.96391E-05
AC 256 4.59531 4.59531 4.59491
OP 257 0.529074 0.579335 0.418753 0.209964 0.297529 0.000101407
AC 257 7.487 7.487 7.48661
OP 258 0.52515 0.585152 0.426617 0.208696 0.293555 9.76527E-05
AC 258 6.39397 6.39397 6.39354
OP 259 0.52097 0.5826 0.4135 0.207397 0.300847 0.000103759
AC 259 7.18225 7.18225 7.18185
OP 260 0.5223 0.576881 0.422502 0.206306 0.294921 9.98354E-05
AC 260 5.42015 5.42015 5.41977
OP 261 0.512477 0.579565 0.430018 0.202035 0.290044 9.58551E-05
AC 261 4.62855 4.62855 4.62812
OP 262 0.521783 0.58436 0.412837 0.20449 0.298059 0.000104041
AC 262 7.06727 7.06727 7.06687
OP 263 0.530031 0.589225 0.427759 0.210206 0.29286 9.68641E-05
AC 263 6.85767 6.85767 6.85722
OP 264 0.521592 0.580142 0.417333 0.208813 0.297717 0.000102637
AC 264 5.91542 5.91542 5.91503
OP 265 0.509357 0.59138 0.418104 0.201969 0.296548 0.000101057
AC 265 6.75334 6.75334 6.75289
OP 266 0.523097 0.58764 0.423905 0.209494 0.296835 9.83214E-05
AC 266 7.11087 7.11087 7.11043
OP 267 0.5214 0.57552 0.41933 0.206814 0.297723 0.000101699
AC 267 5.65485 5.65485 5.65448
OP 268 0.536414 0.594979 0.42451 0.214854 0.293201 9.7442E-05
AC 268 7.65071 7.65071 7.65024
OP 269 0.515724 0.574064 0.422676 0.197923 0.300423 9.98345E-05
AC 269 2.70685 2.70685 2.70648
OP 270 0.534179 0.583217 0.428275 0.209636 0.295925 9.72358E-05
AC 270 6.5095 6.5095 6.50907
OP 271 0.525866 0.576598 0.417669 0.199211 0.298533 0.000102413
AC 271 4.85367 4.85367 4.85329
OP 272 0.51128 0.577409 0.409964 0.200509 0.3011 0.00010584
AC 272 6.52794 6.52794 6.52757
OP 273 0.523155 0.588574 0.423515 0.202303 0.292687 9.88787E-05
AC 273 5.94829 5.94829 5.94784
OP 274 0.520752 0.576338 0.409981 0.208868 0.300094 0.00010575
AC 274 6.46021 6.46021 6.45986
OP 275 0.518964 0.577727 0.415646 0.194836 0.299693 0.000103244
AC 275 4.97366 4.97366 4.97326
OP 276 0.520727 0.584189 0.42423 0.202264 0.296159 9.8606E-05
AC 276 6.16918 6.16918 6.16875
OP 277 0.529944 0.587482 0.417335 0.209305 0.297403 0.000101094
AC 277 6.9471 6.9471 6.94668
OP 278 0.52609 0.589221 0.421175 0.219661 0.29697 9.97506E-05
AC 278 7.65953 7.65953 7.65912
OP 279 0.531843 0.56999 0.416267 0.207586 0.29947 0.000103167
AC 279 5.66355 5.66355 5.6632
OP 280 0.535281 0.598551 0.422615 0.221747 0.295551 9.89122E-05
AC 280 7.86213 7.86213 7.8617
OP 281 0.505447 0.580646 0.425143 0.198942 0.295244 9.83413E-05
AC 281 3.86753 3.86753 3.86712
OP 282 0.520056 0.57575 0.410059 0.198481 0.302347 0.000106101
AC 282 5.46285 5.46285 5.46249
OP 283 0.525858 0.570746 0.395813 0.203484 0.309562 0.000113296
AC 283 6.65844 6.65844 6.65814
OP 284 0.52648 0.575521 0.41933 0.208916 0.296247 0.000101264
AC 284 5.74708 5.74708 5.74669
OP 285 0.527617 0.586765 0.41767 0.21088 0.298064 0.000101735
AC 285 7.62145 7.62145 7.62103
OP 286 0.511436 0.580786 0.422086 0.20289 0.295387 9.97789E-05
AC 286 5.46964 5.46964 5.46925
OP 287 0.516629 0.575127 0.411823 0.200666 0.300587 0.000105175
AC 287 5.55838 5.55838 5.55803
OP 288 0.516704 0.587986 0.42266 0.202108 0.296065 9.91927E-05
AC 288 6.88928 6.88928 6.88883
OP 289 0.508836 0.575083 0.408902 0.197715 0.303536 0.000106258
AC 289 5.6499 5.6499 5.64954
OP 290 0.510331 0.606098 0.433915 0.209452 0.287929 9.31928E-05
AC 290 6.94917 6.94917 6.94863
OP 291 0.534332 0.582741 0.410793 0.20732 0.299112 0.00010496
AC 291 7.92827 7.92827 7.92786
OP 292 0.51355 0.581952 0.422461 0.204218 0.295859 9.95772E-05
AC 292 6.10763 6.10763 6.10721
OP 293 0.515059 0.580257 0.420118 0.204684 0.298606 0.000101004
AC 293 5.31552 5.31552 5.31513
OP 294 0.529338 0.582394 0.425566 0.206471 0.294109 9.7942E-05
AC 294 5.47999 5.47999 5.47956
OP 295 0.510392 0.572772 0.411548 0.203545 0.300827 0.000105386
AC 295 6.16686 6.16686 6.16652
OP 296 0.514562 0.588612 0.413337 0.200248 0.298874 0.000103583
AC 296 6.92036 6.92036 6.91994
OP 297 0.52549 0.574082 0.422216 0.206373 0.296295 9.98808E-05
AC 297 5.3283 5.3283 5.32792
OP 298 0.52904 0.580449 0.405918 0.208262 0.304227 0.000107772
AC 298 7.94576 7.94576 7.9454
OP 299 0.527289 0.573768 0.41758 0.202061 0.300209 0.000102118
AC 299 5.70481 5.70481 5.70443
