OP 0 0.512935 0.508793 0.334765 0.170818 0.322478 0.000101069
AC 0 6.86563 6.86563 6.86527
OP 1 0.519512 0.510905 0.336659 0.181652 0.318851 0.000100038
AC 1 7.92724 7.92724 7.9269
OP 2 0.528378 0.523121 0.33415 0.179872 0.318813 0.000100741
AC 2 9.18101 9.18101 9.18064
OP 3 0.516447 0.51301 0.326753 0.171387 0.323225 0.000104904
AC 3 8.29066 8.29066 8.29035
OP 4 0.50858 0.51972 0.335684 0.176478 0.320737 9.99396E-05
AC 4 8.10436 8.10436 8.10399
OP 5 0.53048 0.503765 0.329044 0.184504 0.326408 0.000104323
AC 5 8.85413 8.85413 8.85385
OP 6 0.50744 0.502769 0.33311 0.169346 0.32434 0.000102401
AC 6 5.58483 5.58483 5.58452
OP 7 0.510027 0.503278 0.334558 0.163139 0.322491 0.000101665
AC 7 3.61472 3.61472 3.61438
OP 8 0.537805 0.516878 0.340328 0.18958 0.319621 9.80982E-05
AC 8 8.66829 8.66829 8.66795
OP 9 0.525566 0.501299 0.335442 0.176902 0.319666 0.000101412
AC 9 6.95213 6.95213 6.95182
OP 10 0.543601 0.494278 0.327162 0.176976 0.325614 0.000105663
AC 10 7.41884 7.41884 7.41857
OP 11 0.521127 0.512099 0.335075 0.177999 0.320772 0.000100774
AC 11 8.11444 8.11444 8.11409
OP 12 0.512528 0.504345 0.337681 0.177664 0.319875 9.98021E-05
AC 12 6.46955 6.46955 6.46923
OP 13 0.520001 0.515362 0.329728 0.178914 0.32394 0.000102944
AC 13 8.68871 8.68871 8.68838
OP 14 0.508728 0.517544 0.341679 0.171461 0.315133 9.75071E-05
AC 14 6.16269 6.16269 6.16228
OP 15 0.519884 0.503428 0.331928 0.177864 0.323514 0.000103013
AC 15 6.91234 6.91234 6.91205
OP 16 0.50999 0.512993 0.343279 0.17866 0.316808 9.67313E-05
AC 16 6.96471 6.96471 6.96435
OP 17 0.507074 0.510093 0.333665 0.175079 0.321621 0.000101624
AC 17 7.43997 7.43997 7.43962
OP 18 0.501549 0.509648 0.338558 0.173722 0.31944 9.89172E-05
AC 18 6.42743 6.42743 6.42707
OP 19 0.515164 0.509496 0.331025 0.168364 0.323309 0.00010307
AC 19 6.59875 6.59875 6.59842
OP 20 0.519625 0.511572 0.339408 0.173653 0.319908 9.89428E-05
AC 20 6.42749 6.42749 6.42713
OP 21 0.527139 0.507521 0.345813 0.180776 0.315156 9.61046E-05
AC 21 6.38933 6.38933 6.38899
OP 22 0.508768 0.51068 0.32912 0.177495 0.321994 0.000103781
AC 22 8.29753 8.29753 8.29721
OP 23 0.508917 0.507301 0.333067 0.170903 0.319794 0.000101863
AC 23 6.97187 6.97187 6.97154
OP 24 0.507384 0.527489 0.346893 0.186559 0.313038 9.48796E-05
AC 24 8.38109 8.38109 8.38067
OP 25 0.515058 0.492703 0.327519 0.173327 0.325516 0.000105432
AC 25 6.19315 6.19315 6.19289
OP 26 0.526105 0.510812 0.335356 0.183339 0.317321 0.000100897
AC 26 8.57688 8.57688 8.57653
OP 27 0.505741 0.508395 0.342092 0.169612 0.318428 9.76678E-05
AC 27 5.05959 5.05959 5.05922
OP 28 0.51219 0.503419 0.327628 0.169515 0.326689 0.000105055
AC 28 6.15247 6.15247 6.15218
OP 29 0.531735 0.509928 0.344541 0.1905 0.318353 9.65626E-05
AC 29 8.24434 8.24434 8.24401
OP 30 0.508498 0.511051 0.337789 0.172046 0.321198 9.97545E-05
AC 30 6.33305 6.33305 6.33269
OP 31 0.524946 0.499826 0.319894 0.1776 0.333439 0.000109049
AC 31 8.91499 8.91499 8.91474
OP 32 0.528541 0.497513 0.337248 0.174384 0.321076 0.000101012
AC 32 5.6456 5.6456 5.6453
OP 33 0.509039 0.504275 0.336724 0.166154 0.321302 0.000100378
AC 33 5.32415 5.32415 5.32379
OP 34 0.527203 0.503378 0.325219 0.176486 0.325014 0.000105971
AC 34 8.12397 8.12397 8.12367
OP 35 0.514996 0.49686 0.335237 0.169293 0.322562 0.000101858
AC 35 4.35162 4.35162 4.35131
OP 36 0.514261 0.515717 0.345688 0.17837 0.314256 9.56165E-05
AC 36 7.00669 7.00669 7.00631
OP 37 0.517858 0.510674 0.340863 0.177101 0.316682 9.82286E-05
AC 37 6.83498 6.83498 6.83464
OP 38 0.526166 0.5104 0.331234 0.171649 0.324288 0.000102989
AC 38 7.66644 7.66644 7.66611
OP 39 0.518043 0.518146 0.332607 0.185516 0.32227 0.000101511
AC 39 9.2345 9.2345 9.23416
OP 40 0.519964 0.511155 0.342992 0.177907 0.316592 9.74056E-05
AC 40 6.63988 6.63988 6.63952
OP 41 0.524974 0.512604 0.335953 0.183389 0.319905 0.000100614
AC 41 8.3617 8.3617 8.36136
OP 42 0.500348 0.501134 0.335294 0.166909 0.32502 0.000101506
AC 42 4.19718 4.19718 4.19686
OP 43 0.517386 0.5108 0.339357 0.172535 0.319186 9.87103E-05
AC 43 6.44315 6.44315 6.44278
OP 44 0.529693 0.510863 0.335389 0.182954 0.324404 0.000101183
AC 44 8.63403 8.63403 8.63371
OP 45 0.513963 0.495887 0.328447 0.167404 0.323108 0.000104759
AC 45 5.06745 5.06745 5.06717
OP 46 0.52827 0.506796 0.335742 0.178723 0.320731 0.000100429
AC 46 7.64547 7.64547 7.64514
OP 47 0.502726 0.504182 0.329608 0.171491 0.323733 0.000104032
AC 47 6.88125 6.88125 6.88094
OP 48 0.510407 0.52121 0.342872 0.181648 0.317916 9.73366E-05
AC 48 7.70071 7.70071 7.70035
OP 49 0.524742 0.508381 0.338 0.181109 0.317982 9.95859E-05
AC 49 7.58915 7.58915 7.58881
OP 50 0.492339 0.513945 0.341092 0.172145 0.321242 9.80859E-05
AC 50 6.489 6.489 6.48862
OP 51 0.510194 0.513835 0.340034 0.172557 0.319216 9.87832E-05
AC 51 7.10223 7.10223 7.10185
OP 52 0.540946 0.497706 0.331965 0.181598 0.322102 0.000103356
AC 52 7.57382 7.57382 7.57355
OP 53 0.509952 0.516012 0.340302 0.175683 0.318459 9.81038E-05
AC 53 6.98896 6.98896 6.98858
OP 54 0.529367 0.50929 0.342389 0.178445 0.315883 9.74609E-05
AC 54 6.89843 6.89843 6.89807
OP 55 0.515139 0.517213 0.337063 0.178013 0.320059 9.9744E-05
AC 55 7.77761 7.77761 7.77727
OP 56 0.523059 0.493571 0.331662 0.176299 0.32587 0.000103184
AC 56 6.661 6.661 6.66071
OP 57 0.507727 0.510171 0.34148 0.171385 0.314645 9.75843E-05
AC 57 5.08506 5.08506 5.08469
OP 58 0.531568 0.510721 0.338506 0.178696 0.319428 9.92863E-05
AC 58 6.71307 6.71307 6.71272
OP 59 0.513583 0.498298 0.327914 0.170872 0.325122 0.000104926
AC 59 5.92475 5.92475 5.92445
OP 60 0.513314 0.501469 0.333507 0.170878 0.324455 0.00010261
AC 60 6.00469 6.00469 6.00438
OP 61 0.525524 0.497038 0.327711 0.176185 0.324875 0.000104998
AC 61 7.33087 7.33087 7.33059
OP 62 0.517002 0.50043 0.336238 0.171325 0.323519 0.000101273
AC 62 5.31919 5.31919 5.31886
OP 63 0.511718 0.497407 0.326402 0.170419 0.326719 0.00010567
AC 63 6.05957 6.05957 6.05929
OP 64 0.521476 0.501951 0.331366 0.17808 0.320697 0.00010273
AC 64 7.52874 7.52874 7.52843
OP 65 0.518821 0.506083 0.335478 0.18073 0.322137 0.000100907
AC 65 7.76953 7.76953 7.7692
OP 66 0.522152 0.506963 0.336361 0.17795 0.320627 0.000100509
AC 66 7.48502 7.48502 7.48469
OP 67 0.50849 0.497505 0.329433 0.164741 0.325776 0.000104563
AC 67 4.63305 4.63305 4.63275
OP 68 0.511416 0.502518 0.331575 0.170305 0.32516 0.00010327
AC 68 5.71841 5.71841 5.7181
OP 69 0.532786 0.514249 0.341347 0.186023 0.315979 9.77199E-05
AC 69 8.18083 8.18083 8.18047
OP 70 0.519564 0.495411 0.330373 0.177176 0.323656 0.000103854
AC 70 7.0989 7.0989 7.09862
OP 71 0.523673 0.522593 0.336292 0.183741 0.319766 9.97439E-05
AC 71 9.07793 9.07793 9.07756
OP 72 0.533508 0.499479 0.330801 0.186787 0.321985 0.000103636
AC 72 8.38922 8.38922 8.38896
OP 73 0.518739 0.518957 0.339291 0.176574 0.316189 9.87901E-05
AC 73 7.8103 7.8103 7.80993
OP 74 0.525243 0.500382 0.341169 0.179673 0.320045 9.84264E-05
AC 74 6.14117 6.14117 6.14084
OP 75 0.526591 0.504951 0.332421 0.180522 0.319604 0.000102048
AC 75 8.08187 8.08187 8.08157
OP 76 0.521626 0.513694 0.33801 0.178395 0.316971 9.91893E-05
AC 76 7.28225 7.28225 7.28187
OP 77 0.524176 0.516213 0.334463 0.184478 0.321049 0.000100472
AC 77 8.72041 8.72041 8.72006
OP 78 0.521129 0.509544 0.341976 0.173182 0.319003 9.77136E-05
AC 78 6.27579 6.27579 6.2754
OP 79 0.523554 0.509586 0.323805 0.174792 0.326299 0.000106063
AC 79 8.87511 8.87511 8.8748
OP 80 0.505222 0.509545 0.340685 0.17224 0.318811 9.89573E-05
AC 80 5.48395 5.48395 5.48362
OP 81 0.536336 0.495195 0.336435 0.174748 0.322654 0.000101257
AC 81 4.99524 4.99524 4.99496
OP 82 0.507905 0.50544 0.33976 0.175009 0.319821 9.93049E-05
AC 82 5.67955 5.67955 5.67921
OP 83 0.518304 0.503855 0.339678 0.179488 0.318127 9.90705E-05
AC 83 6.62068 6.62068 6.62035
OP 84 0.518416 0.507899 0.337792 0.177707 0.321505 0.000100071
AC 84 6.39314 6.39314 6.39282
OP 85 0.515262 0.514286 0.329845 0.182835 0.324687 0.000103017
AC 85 9.31515 9.31515 9.31483
OP 86 0.519316 0.489162 0.327319 0.174017 0.327751 0.000105896
AC 86 5.55503 5.55503 5.55477
OP 87 0.527851 0.491463 0.325042 0.173712 0.326153 0.000106998
AC 87 6.63051 6.63051 6.63024
OP 88 0.507151 0.494123 0.330684 0.170132 0.322516 0.000104127
AC 88 5.44316 5.44316 5.44286
OP 89 0.518885 0.504198 0.341578 0.180316 0.317983 9.86322E-05
AC 89 6.72502 6.72502 6.72469
OP 90 0.521165 0.511531 0.345989 0.181462 0.315821 9.57748E-05
AC 90 6.77303 6.77303 6.77265
OP 91 0.521739 0.514317 0.33632 0.175112 0.31988 0.000100315
AC 91 7.57478 7.57478 7.57442
OP 92 0.51566 0.499337 0.336044 0.175104 0.321264 0.000101245
AC 92 6.22732 6.22732 6.22702
OP 93 0.50971 0.510598 0.346227 0.173862 0.318209 9.62714E-05
AC 93 5.47894 5.47894 5.47857
OP 94 0.535656 0.498184 0.338731 0.18461 0.320815 9.98476E-05
AC 94 7.1095 7.1095 7.10919
OP 95 0.52 0.505187 0.331245 0.18072 0.325054 0.000102997
AC 95 7.89631 7.89631 7.89602
OP 96 0.521306 0.509746 0.336168 0.17546 0.323299 0.000100919
AC 96 6.97307 6.97307 6.97274
OP 97 0.519734 0.498689 0.332235 0.174082 0.326092 0.000103036
AC 97 6.31875 6.31875 6.31845
OP 98 0.511216 0.504058 0.330435 0.165843 0.328695 0.000103869
AC 98 4.89511 4.89511 4.89479
OP 99 0.52956 0.516902 0.340115 0.182426 0.318713 9.86898E-05
AC 99 8.15315 8.15315 8.1528
OP 100 0.527279 0.505232 0.335061 0.176243 0.319594 0.000100981
AC 100 7.05794 7.05794 7.0576
OP 101 0.515527 0.514261 0.344285 0.172342 0.318349 9.64929E-05
AC 101 5.82021 5.82021 5.81983
OP 102 0.499944 0.494452 0.327431 0.161765 0.327504 0.000105229
AC 102 1.99599 1.99599 1.99569
OP 103 0.528471 0.502042 0.334295 0.172595 0.320382 0.000101593
AC 103 6.50862 6.50862 6.50831
OP 104 0.513598 0.497402 0.326241 0.173829 0.325726 0.00010566
AC 104 6.46024 6.46024 6.45997
OP 105 0.520854 0.528741 0.349942 0.182483 0.31584 9.27607E-05
AC 105 8.15898 8.15898 8.15853
OP 106 0.507117 0.520286 0.341618 0.18244 0.318076 9.7537E-05
AC 106 8.25422 8.25422 8.25386
OP 107 0.525567 0.51982 0.338348 0.180622 0.317213 9.89423E-05
AC 107 8.37357 8.37357 8.3732
OP 108 0.520609 0.522885 0.346082 0.185175 0.313388 9.49689E-05
AC 108 8.11381 8.11381 8.11342
OP 109 0.516924 0.51083 0.339005 0.175499 0.32093 9.91899E-05
AC 109 6.57739 6.57739 6.57703
OP 110 0.532168 0.491608 0.325037 0.171376 0.326392 0.000106815
AC 110 6.32102 6.32102 6.32076
OP 111 0.524594 0.492133 0.323718 0.177245 0.328415 0.000107533
AC 111 7.57375 7.57375 7.5735
OP 112 0.515912 0.500669 0.343033 0.174704 0.320158 9.79648E-05
AC 112 5.35502 5.35502 5.35468
OP 113 0.51202 0.504718 0.331466 0.174957 0.322624 0.000103223
AC 113 6.79494 6.79494 6.79465
OP 114 0.532108 0.502808 0.332181 0.175383 0.321042 0.000102629
AC 114 7.55634 7.55634 7.55603
OP 115 0.5234 0.506032 0.334065 0.175054 0.321361 0.000101859
AC 115 7.03022 7.03022 7.0299
OP 116 0.525056 0.505269 0.327119 0.178702 0.324703 0.000105139
AC 116 8.30361 8.30361 8.30333
OP 117 0.516844 0.509646 0.342263 0.178488 0.318894 9.75587E-05
AC 117 6.83209 6.83209 6.83173
OP 118 0.515118 0.501917 0.331617 0.173798 0.322843 0.000102794
AC 118 6.60805 6.60805 6.60774
OP 119 0.512203 0.522141 0.349771 0.178845 0.314971 9.42557E-05
AC 119 6.60349 6.60349 6.60308
OP 120 0.52851 0.500579 0.31893 0.177835 0.32931 0.000109488
AC 120 9.15366 9.15366 9.15341
OP 121 0.523042 0.500827 0.330385 0.172422 0.324873 0.000103863
AC 121 6.99245 6.99245 6.99214
OP 122 0.50748 0.511626 0.333731 0.175149 0.321486 0.000101509
AC 122 7.46795 7.46795 7.46761
OP 123 0.526751 0.503847 0.334625 0.180504 0.321898 0.000101671
AC 123 7.63938 7.63938 7.63908
OP 124 0.509907 0.498205 0.334823 0.174596 0.322168 0.000102112
AC 124 6.12649 6.12649 6.12618
OP 125 0.517669 0.503845 0.338059 0.174488 0.324733 0.000100252
AC 125 6.43886 6.43886 6.43853
OP 126 0.518984 0.505174 0.33758 0.173609 0.321893 0.000100257
AC 126 6.10327 6.10327 6.10295
OP 127 0.52395 0.511174 0.330096 0.181805 0.323686 0.000103548
AC 127 8.39554 8.39554 8.39524
OP 128 0.516695 0.507807 0.332685 0.172629 0.322132 0.00010262
AC 128 7.26103 7.26103 7.2607
OP 129 0.517913 0.514846 0.336576 0.177009 0.31964 9.95422E-05
AC 129 7.67437 7.67437 7.67401
OP 130 0.530314 0.48368 0.337952 0.176245 0.320181 0.000101046
AC 130 4.99722 4.99722 4.99693
OP 131 0.521699 0.511986 0.344967 0.18567 0.315618 9.6275E-05
AC 131 7.18857 7.18857 7.18819
OP 132 0.518536 0.499646 0.327214 0.172051 0.325209 0.000105404
AC 132 7.25127 7.25127 7.25099
OP 133 0.509148 0.509947 0.333283 0.17571 0.320308 0.000101483
AC 133 7.64613 7.64613 7.64579
OP 134 0.537602 0.507781 0.343927 0.182719 0.316077 9.7196E-05
AC 134 7.1526 7.1526 7.15227
OP 135 0.519083 0.506304 0.335568 0.173534 0.322597 0.000101403
AC 135 7.04508 7.04508 7.04475
OP 136 0.507515 0.501797 0.331852 0.166188 0.323644 0.000102845
AC 136 5.7132 5.7132 5.71287
OP 137 0.513772 0.507154 0.329486 0.169873 0.323925 0.000103681
AC 137 6.75549 6.75549 6.75517
OP 138 0.528597 0.513825 0.342598 0.180091 0.316916 9.67066E-05
AC 138 7.74381 7.74381 7.74343
OP 139 0.525606 0.508182 0.337065 0.183777 0.321619 0.000100033
AC 139 7.39242 7.39242 7.39211
OP 140 0.51186 0.51286 0.338506 0.17879 0.318911 9.90009E-05
AC 140 7.78001 7.78001 7.77966
OP 141 0.520041 0.512372 0.339997 0.177392 0.319188 9.86417E-05
AC 141 7.28732 7.28732 7.28694
OP 142 0.524741 0.505233 0.329378 0.176415 0.32779 0.000104188
AC 142 7.46353 7.46353 7.46324
OP 143 0.521951 0.505598 0.336066 0.178743 0.321844 0.000100868
AC 143 6.58747 6.58747 6.58716
OP 144 0.520745 0.50527 0.338078 0.174454 0.319787 9.98075E-05
AC 144 6.20871 6.20871 6.20839
OP 145 0.523784 0.503258 0.335965 0.175868 0.320523 0.000100828
AC 145 7.28531 7.28531 7.28497
OP 146 0.520409 0.498761 0.329068 0.177115 0.324479 0.000104448
AC 146 7.49897 7.49897 7.49869
OP 147 0.514951 0.51494 0.351415 0.172853 0.314542 9.30929E-05
AC 147 5.13776 5.13776 5.13734
OP 148 0.529973 0.507944 0.338807 0.184624 0.317501 9.96727E-05
AC 148 7.5531 7.5531 7.55277
OP 149 0.520491 0.497774 0.330826 0.174512 0.323063 0.000103578
AC 149 6.82439 6.82439 6.82409
OP 150 0.515402 0.501265 0.332869 0.175494 0.320495 0.000101946
AC 150 6.32403 6.32403 6.32373
OP 151 0.509441 0.506756 0.334323 0.175904 0.321717 0.000101478
AC 151 6.61929 6.61929 6.61897
OP 152 0.517416 0.51051 0.341256 0.18382 0.317221 9.81196E-05
AC 152 7.73902 7.73902 7.73867
OP 153 0.53379 0.504744 0.329408 0.185655 0.324923 0.000103294
AC 153 9.14069 9.14069 9.1404
OP 154 0.520873 0.500744 0.33939 0.179624 0.318507 9.94489E-05
AC 154 6.56571 6.56571 6.56538
OP 155 0.524995 0.496127 0.333575 0.174304 0.321544 0.000102279
AC 155 5.35294 5.35294 5.35265
OP 156 0.512987 0.51876 0.342639 0.187315 0.315291 9.70891E-05
AC 156 8.3298 8.3298 8.32942
OP 157 0.517367 0.49275 0.336333 0.172232 0.32305 0.000101587
AC 157 5.01946 5.01946 5.01916
OP 158 0.52181 0.505381 0.332585 0.179915 0.322323 0.000102531
AC 158 8.47064 8.47064 8.47033
OP 159 0.496786 0.505957 0.330064 0.165763 0.325083 0.000103746
AC 159 5.73027 5.73027 5.72994
OP 160 0.525907 0.514595 0.348332 0.183963 0.313348 9.441E-05
AC 160 7.01766 7.01766 7.01726
OP 161 0.49944 0.498696 0.331836 0.163299 0.323909 0.000103223
AC 161 4.47697 4.47697 4.47666
OP 162 0.518131 0.507478 0.338762 0.175963 0.319729 9.96723E-05
AC 162 7.11253 7.11253 7.1122
OP 163 0.531141 0.516205 0.33669 0.1837 0.321138 9.98055E-05
AC 163 8.51738 8.51738 8.51703
OP 164 0.518961 0.512097 0.33655 0.178499 0.318804 9.98426E-05
AC 164 8.23801 8.23801 8.23766
OP 165 0.518683 0.498968 0.335601 0.175374 0.320835 0.0001016
AC 165 5.40173 5.40173 5.40144
OP 166 0.531177 0.505994 0.328928 0.184543 0.32292 0.000103613
AC 166 9.11103 9.11103 9.11073
OP 167 0.516056 0.511747 0.33582 0.174792 0.320847 0.000100406
AC 167 7.30905 7.30905 7.3087
OP 168 0.512248 0.485461 0.32246 0.17093 0.327438 0.0001085
AC 168 5.87627 5.87627 5.87603
OP 169 0.522177 0.512644 0.336224 0.17827 0.320698 0.000100392
AC 169 7.62861 7.62861 7.62826
OP 170 0.530657 0.501608 0.33658 0.181705 0.320185 0.000100673
AC 170 7.23838 7.23838 7.23807
OP 171 0.528618 0.501574 0.334115 0.182553 0.323875 0.000102211
AC 171 7.49116 7.49116 7.49087
OP 172 0.512626 0.530924 0.350806 0.176957 0.315211 9.27121E-05
AC 172 7.65459 7.65459 7.65412
OP 173 0.514986 0.510056 0.331688 0.171577 0.322335 0.000102622
AC 173 7.04687 7.04687 7.04653
OP 174 0.519733 0.495625 0.329617 0.174272 0.325523 0.000104376
AC 174 6.31897 6.31897 6.3187
OP 175 0.505772 0.508269 0.334683 0.175722 0.324169 0.000101291
AC 175 7.06588 7.06588 7.06555
OP 176 0.509177 0.498904 0.331328 0.176813 0.323928 0.000103424
AC 176 6.46429 6.46429 6.46401
OP 177 0.529518 0.506031 0.338697 0.187176 0.3198 9.95103E-05
AC 177 8.19623 8.19623 8.19592
OP 178 0.516786 0.50739 0.338701 0.173903 0.321375 9.93449E-05
AC 178 6.34591 6.34591 6.34556
OP 179 0.504162 0.498953 0.333356 0.170418 0.324242 0.000102936
AC 179 4.93657 4.93657 4.93627
OP 180 0.513333 0.506639 0.33388 0.171688 0.322247 0.000101476
AC 180 6.876 6.876 6.87566
OP 181 0.527008 0.499522 0.331902 0.178144 0.325521 0.000102991
AC 181 7.27158 7.27158 7.27129
OP 182 0.509946 0.509096 0.330618 0.179015 0.326755 0.000103297
AC 182 7.70867 7.70867 7.70835
OP 183 0.516639 0.507343 0.33931 0.172616 0.320414 9.95677E-05
AC 183 6.45486 6.45486 6.45452
OP 184 0.510548 0.509856 0.338081 0.172173 0.318158 9.98004E-05
AC 184 5.0086 5.0086 5.00824
OP 185 0.503602 0.506008 0.33356 0.16624 0.321999 0.00010181
AC 185 5.31607 5.31607 5.31572
OP 186 0.521455 0.505087 0.334192 0.173247 0.320368 0.000102074
AC 186 7.25025 7.25025 7.24993
OP 187 0.508961 0.50589 0.336119 0.174616 0.320363 0.000100523
AC 187 6.01519 6.01519 6.01487
OP 188 0.515575 0.516109 0.342531 0.176728 0.318359 9.72084E-05
AC 188 6.95042 6.95042 6.95005
OP 189 0.511328 0.504624 0.337268 0.169383 0.322471 0.000100318
AC 189 4.82431 4.82431 4.82398
OP 190 0.519959 0.51014 0.335833 0.178664 0.320943 0.000100184
AC 190 7.52683 7.52683 7.52648
OP 191 0.523697 0.509846 0.33496 0.17588 0.320807 0.000101136
AC 191 7.17088 7.17088 7.17056
OP 192 0.522795 0.507442 0.338702 0.184852 0.320915 9.92129E-05
AC 192 7.81385 7.81385 7.81352
OP 193 0.513456 0.493748 0.335647 0.173146 0.32294 0.000101679
AC 193 5.09299 5.09299 5.09269
OP 194 0.512192 0.511186 0.332615 0.175679 0.320607 0.00010219
AC 194 6.81794 6.81794 6.8176
OP 195 0.523255 0.516438 0.338272 0.184743 0.320482 9.90496E-05
AC 195 8.42402 8.42402 8.42366
OP 196 0.508976 0.512822 0.334395 0.174643 0.324315 0.000101831
AC 196 7.2754 7.2754 7.27507
OP 197 0.503712 0.507036 0.33826 0.166547 0.320126 9.99912E-05
AC 197 5.92062 5.92062 5.92025
OP 198 0.517168 0.500926 0.329348 0.173132 0.325139 0.00010406
AC 198 7.30938 7.30938 7.30908
OP 199 0.522779 0.50603 0.332126 0.182074 0.322423 0.000102385
AC 199 8.03671 8.03671 8.03641
OP 200 0.523154 0.510859 0.34764 0.177727 0.315467 9.53269E-05
AC 200 6.32017 6.32017 6.31979
OP 201 0.507275 0.512409 0.331544 0.175236 0.32317 0.000102941
AC 201 7.40051 7.40051 7.40018
OP 202 0.523992 0.508767 0.338304 0.184221 0.318183 9.93322E-05
AC 202 7.90323 7.90323 7.90291
OP 203 0.515511 0.499871 0.334932 0.174265 0.323823 0.000101692
AC 203 6.23722 6.23722 6.23692
OP 204 0.516826 0.50753 0.335262 0.178133 0.321228 0.000101177
AC 204 7.70693 7.70693 7.70659
OP 205 0.505086 0.501308 0.326514 0.166506 0.325095 0.000105879
AC 205 5.95928 5.95928 5.95897
OP 206 0.517442 0.504756 0.336655 0.178565 0.320015 0.000100477
AC 206 7.11829 7.11829 7.11797
OP 207 0.517751 0.49587 0.331274 0.178808 0.32511 0.000103819
AC 207 7.14602 7.14602 7.14574
OP 208 0.515282 0.510194 0.332905 0.176379 0.320315 0.000101929
AC 208 7.40586 7.40586 7.40552
OP 209 0.504093 0.502906 0.324419 0.169828 0.327621 0.000106084
AC 209 7.02946 7.02946 7.02916
OP 210 0.508464 0.49718 0.330535 0.164393 0.322611 0.000104187
AC 210 4.93042 4.93042 4.93012
OP 211 0.516873 0.51574 0.346944 0.181813 0.31316 9.51763E-05
AC 211 6.67717 6.67717 6.67678
OP 212 0.530901 0.502239 0.340909 0.179804 0.320007 9.87292E-05
AC 212 6.62023 6.62023 6.61989
OP 213 0.525953 0.494708 0.3283 0.168872 0.325536 0.000105429
AC 213 5.90594 5.90594 5.90564
OP 214 0.527874 0.495221 0.327543 0.17506 0.325178 0.000105364
AC 214 6.97315 6.97315 6.97288
OP 215 0.508812 0.503363 0.32499 0.171451 0.32704 0.000106456
AC 215 7.22695 7.22695 7.22666
OP 216 0.51396 0.511976 0.339475 0.179556 0.318139 9.8659E-05
AC 216 7.51823 7.51823 7.51788
OP 217 0.526497 0.497375 0.328499 0.17419 0.325109 0.000104804
AC 217 7.30502 7.30502 7.30472
OP 218 0.538888 0.508602 0.340841 0.186281 0.319339 9.84981E-05
AC 218 7.68133 7.68133 7.681
OP 219 0.517801 0.517268 0.343357 0.173005 0.318684 9.6404E-05
AC 219 6.25515 6.25515 6.25473
OP 220 0.512371 0.496852 0.329698 0.1692 0.326548 0.000104217
AC 220 6.03106 6.03106 6.03076
OP 221 0.524037 0.496954 0.330384 0.17643 0.324566 0.000103788
AC 221 6.74076 6.74076 6.74047
OP 222 0.520017 0.503496 0.331789 0.17911 0.325611 0.00010315
AC 222 7.93065 7.93065 7.93034
OP 223 0.512711 0.510752 0.34151 0.175821 0.319627 9.82468E-05
AC 223 6.36202 6.36202 6.36166
OP 224 0.5163 0.516076 0.331033 0.174024 0.324912 0.000102668
AC 224 7.99127 7.99127 7.99092
OP 225 0.539855 0.507959 0.335705 0.185567 0.318768 0.000100678
AC 225 8.82986 8.82986 8.82956
OP 226 0.516774 0.501837 0.331162 0.177528 0.32306 0.000103359
AC 226 7.25826 7.25826 7.25796
OP 227 0.507622 0.514426 0.330295 0.17105 0.323765 0.00010293
AC 227 7.29748 7.29748 7.29716
OP 228 0.538063 0.497564 0.330507 0.179535 0.322092 0.00010388
AC 228 7.07231 7.07231 7.07204
OP 229 0.510124 0.511886 0.346024 0.177652 0.316772 9.56873E-05
AC 229 6.35499 6.35499 6.3546
OP 230 0.522173 0.506183 0.341949 0.17855 0.31922 9.80661E-05
AC 230 6.93162 6.93162 6.93126
OP 231 0.521857 0.496062 0.325917 0.1769 0.325828 0.0001068
AC 231 7.68785 7.68785 7.68759
OP 232 0.526489 0.509848 0.340843 0.1755 0.317537 9.82806E-05
AC 232 6.67094 6.67094 6.67058
OP 233 0.513953 0.510658 0.33945 0.173961 0.316909 9.90193E-05
AC 233 6.5808 6.5808 6.58045
OP 234 0.53142 0.492177 0.322669 0.17769 0.326931 0.000108416
AC 234 7.88825 7.88825 7.88801
OP 235 0.507394 0.512965 0.340995 0.17561 0.318028 9.84306E-05
AC 235 6.11193 6.11193 6.11158
OP 236 0.509355 0.502771 0.327442 0.170983 0.324231 0.000104903
AC 236 6.61953 6.61953 6.61923
OP 237 0.548036 0.509666 0.332623 0.187849 0.317294 0.000102145
AC 237 9.13312 9.13312 9.13281
OP 238 0.513288 0.504324 0.340071 0.168568 0.318632 9.87416E-05
AC 238 4.0479 4.0479 4.04755
OP 239 0.515576 0.508925 0.342156 0.176892 0.317186 9.79232E-05
AC 239 6.55802 6.55802 6.55767
OP 240 0.508427 0.503068 0.325708 0.170156 0.324996 0.000105704
AC 240 6.54316 6.54316 6.54286
OP 241 0.501808 0.509712 0.342755 0.172791 0.318098 9.74354E-05
AC 241 5.335 5.335 5.33464
OP 242 0.509456 0.511181 0.342609 0.173279 0.322049 9.71641E-05
AC 242 6.48982 6.48982 6.48945
OP 243 0.520479 0.504673 0.33083 0.169672 0.324797 0.00010342
AC 243 6.46127 6.46127 6.46095
OP 244 0.501985 0.50214 0.332396 0.167465 0.322147 0.000102847
AC 244 5.3604 5.3604 5.36007
OP 245 0.525419 0.504724 0.34477 0.178254 0.315078 9.69944E-05
AC 245 6.53612 6.53612 6.53577
OP 246 0.496432 0.504868 0.33993 0.170328 0.320371 9.93354E-05
AC 246 5.09272 5.09272 5.09239
OP 247 0.519176 0.503429 0.330617 0.181269 0.323652 0.000103217
AC 247 8.26545 8.26545 8.26516
OP 248 0.525589 0.501831 0.333127 0.177409 0.323458 0.000102556
AC 248 7.27043 7.27043 7.27014
OP 249 0.516135 0.511391 0.338791 0.172764 0.320424 9.91987E-05
AC 249 6.07853 6.07853 6.07818
OP 250 0.522752 0.492802 0.317189 0.170585 0.331097 0.000110365
AC 250 7.2977 7.2977 7.29745
OP 251 0.516322 0.510613 0.343122 0.175388 0.3186 9.72613E-05
AC 251 6.69325 6.69325 6.69287
OP 252 0.526008 0.503347 0.340396 0.177777 0.320349 9.8924E-05
AC 252 6.76764 6.76764 6.7673
OP 253 0.526793 0.511656 0.341282 0.184678 0.316693 9.7734E-05
AC 253 7.57411 7.57411 7.57375
OP 254 0.525491 0.496752 0.337892 0.178112 0.319543 0.00010009
AC 254 5.93165 5.93165 5.93135
OP 255 0.510811 0.513349 0.344534 0.180501 0.315946 9.65008E-05
AC 255 6.74923 6.74923 6.74885
OP 256 0.52175 0.50686 0.338522 0.175697 0.318083 9.94608E-05
AC 256 7.18418 7.18418 7.18384
OP 257 0.520984 0.505948 0.34308 0.178614 0.317805 9.73428E-05
AC 257 6.58411 6.58411 6.58376
OP 258 0.512922 0.504534 0.341373 0.173138 0.318663 9.83382E-05
AC 258 5.35576 5.35576 5.35543
OP 259 0.516088 0.51264 0.33304 0.170207 0.323459 0.000101964
AC 259 6.65303 6.65303 6.65268
OP 260 0.499546 0.502523 0.33329 0.168638 0.32435 0.000102461
AC 260 5.73663 5.73663 5.73632
OP 261 0.523326 0.504199 0.334509 0.177069 0.321996 0.000101266
AC 261 7.15465 7.15465 7.15434
OP 262 0.515527 0.513964 0.343963 0.178408 0.317618 9.67967E-05
AC 262 7.8149 7.8149 7.81452
OP 263 0.521395 0.513433 0.332804 0.182436 0.320847 0.000102329
AC 263 8.68672 8.68672 8.6864
OP 264 0.520567 0.508689 0.33516 0.176926 0.320432 0.000101243
AC 264 7.31233 7.31233 7.31201
OP 265 0.500355 0.508498 0.338204 0.17397 0.321281 0.000100039
AC 265 6.07858 6.07858 6.07824
OP 266 0.510583 0.508007 0.336512 0.17034 0.320891 0.000100272
AC 266 5.76014 5.76014 5.7598
OP 267 0.519375 0.509464 0.33875 0.17437 0.321581 9.945E-05
AC 267 6.19743 6.19743 6.19709
OP 268 0.517277 0.50203 0.323997 0.172282 0.32868 0.000106844
AC 268 7.99744 7.99744 7.99716
OP 269 0.518358 0.492242 0.33692 0.18285 0.322779 0.000100947
AC 269 6.25219 6.25219 6.25191
OP 270 0.517378 0.511359 0.335981 0.174525 0.320234 0.000100973
AC 270 7.35111 7.35111 7.35076
OP 271 0.521907 0.52013 0.338305 0.180242 0.321811 9.90493E-05
AC 271 8.10246 8.10246 8.1021
OP 272 0.504127 0.49964 0.329596 0.166647 0.324505 0.000104289
AC 272 5.69298 5.69298 5.69268
OP 273 0.515068 0.504633 0.33725 0.185293 0.320341 0.000100251
AC 273 7.95129 7.95129 7.95098
OP 274 0.539792 0.504412 0.336316 0.182064 0.321352 0.000100995
AC 274 8.00348 8.00348 8.00318
OP 275 0.528697 0.502981 0.334303 0.17879 0.321703 0.00010149
AC 275 7.11084 7.11084 7.11053
OP 276 0.520952 0.499909 0.328619 0.176635 0.324098 0.000104909
AC 276 6.34727 6.34727 6.34699
OP 277 0.521449 0.496295 0.326347 0.168908 0.325535 0.000105943
AC 277 6.30935 6.30935 6.30907
OP 278 0.520042 0.510264 0.339999 0.177015 0.318304 9.86809E-05
AC 278 6.88597 6.88597 6.8856
OP 279 0.511254 0.505549 0.341242 0.172098 0.317896 9.87104E-05
AC 279 5.14413 5.14413 5.14379
OP 280 0.522997 0.501603 0.338032 0.182684 0.320764 0.000100214
AC 280 6.95382 6.95382 6.95352
OP 281 0.515539 0.497416 0.325143 0.172233 0.327039 0.000106428
AC 281 6.99737 6.99737 6.9971
OP 282 0.509598 0.511086 0.341393 0.178584 0.318129 9.7884E-05
AC 282 7.19132 7.19132 7.19095
OP 283 0.509535 0.509421 0.338599 0.172604 0.317865 9.95257E-05
AC 283 6.12358 6.12358 6.12323
OP 284 0.510442 0.49901 0.343826 0.169627 0.317439 9.77749E-05
AC 284 3.15084 3.15084 3.1505
OP 285 0.507734 0.501249 0.327342 0.164294 0.325169 0.000104709
AC 285 5.0145 5.0145 5.0142
OP 286 0.532774 0.50101 0.33996 0.179879 0.322491 9.94334E-05
AC 286 6.70033 6.70033 6.70001
OP 287 0.513362 0.512154 0.33733 0.177861 0.322024 9.94559E-05
AC 287 7.03209 7.03209 7.03175
OP 288 0.51132 0.512525 0.3478 0.180988 0.31415 9.49764E-05
AC 288 6.77165 6.77165 6.77127
OP 289 0.510772 0.516227 0.34144 0.173646 0.319402 9.78476E-05
AC 289 6.68574 6.68574 6.68536
OP 290 0.518335 0.52023 0.332137 0.174821 0.323202 0.000101632
AC 290 8.25681 8.25681 8.25646
OP 291 0.511369 0.510369 0.332765 0.171742 0.322032 0.000102137
AC 291 6.05669 6.05669 6.05637
OP 292 0.515119 0.506742 0.329501 0.177535 0.324448 0.000103868
AC 292 7.91323 7.91323 7.91294
OP 293 0.512442 0.50251 0.338653 0.173398 0.322412 9.96944E-05
AC 293 5.66833 5.66833 5.668
OP 294 0.532289 0.502591 0.337421 0.183153 0.321039 0.000100103
AC 294 7.62524 7.62524 7.62491
OP 295 0.520567 0.511857 0.345268 0.175577 0.312792 9.60443E-05
AC 295 7.02495 7.02495 7.02457
OP 296 0.521762 0.503804 0.325197 0.176616 0.323687 0.000106225
AC 296 7.95504 7.95504 7.95476
OP 297 0.504147 0.520628 0.34285 0.172347 0.317804 9.66522E-05
AC 297 6.21059 6.21059 6.21018
OP 298 0.515087 0.52731 0.345014 0.175398 0.315444 9.57363E-05
AC 298 6.87581 6.87581 6.8754
OP 299 0.508691 0.501447 0.320596 0.167253 0.330105 0.000108495
AC 299 6.864 6.864 6.86371
