OP 0 0.525012 0.517426 0.276434 0.0328268 0.465744 0.00010733
AC 0 11.7115 11.7115 11.7096
OP 1 0.545535 0.505583 0.274147 0.0380583 0.464927 0.000109322
AC 1 6.29059 6.29059 6.28881
OP 2 0.53531 0.513206 0.265875 0.0379536 0.465641 0.000115011
AC 2 8.02572 8.02572 8.02395
OP 3 0.526779 0.51347 0.281107 0.0323412 0.460978 0.000104728
AC 3 9.01749 9.01749 9.01539
OP 4 0.51796 0.525046 0.28289 0.0279073 0.459373 0.000103058
AC 4 9.57963 9.57963 9.57726
OP 5 0.519107 0.51839 0.26698 0.0308103 0.468702 0.00011441
AC 5 13.7661 13.7661 13.7643
OP 6 0.533073 0.520122 0.268167 0.0326126 0.469047 0.0001137
AC 6 11.6512 11.6512 11.6493
OP 7 0.512569 0.516911 0.273787 0.0315817 0.466404 0.000109858
AC 7 11.4224 11.4224 11.4206
OP 8 0.510868 0.539077 0.278857 0.0252259 0.461675 0.000105146
AC 8 10.1169 10.1169 10.1137
OP 9 0.507416 0.515567 0.260143 0.0309798 0.472249 0.000119276
AC 9 11.4854 11.4854 11.4836
OP 10 0.522395 0.514107 0.275098 0.0335639 0.464262 0.000108744
AC 10 8.0677 8.0677 8.06581
OP 11 0.504852 0.531079 0.272566 0.0232982 0.470356 0.000109663
AC 11 16.7261 16.7261 16.7234
OP 12 0.530954 0.516413 0.269744 0.0316948 0.466391 0.000112207
AC 12 11.475 11.475 11.4732
OP 13 0.526161 0.509418 0.273585 0.0338559 0.465885 0.000109662
AC 13 10.9929 10.9929 10.9912
OP 14 0.520996 0.522862 0.28753 0.0314757 0.458732 0.000100587
AC 14 12.186 12.186 12.1837
OP 15 0.528163 0.506898 0.269007 0.0316212 0.468351 0.000112798
AC 15 14.2858 14.2858 14.2842
OP 16 0.527986 0.516791 0.264661 0.0291404 0.468144 0.000116052
AC 16 12.9432 12.9432 12.9414
OP 17 0.525576 0.512721 0.264661 0.032356 0.468625 0.000115955
AC 17 11.0615 11.0615 11.0598
OP 18 0.528118 0.517912 0.25879 0.0299993 0.472464 0.000120132
AC 18 13.337 13.337 13.3352
OP 19 0.527689 0.516854 0.284941 0.0359009 0.46066 0.00010257
AC 19 9.05398 9.05398 9.05197
OP 20 0.517937 0.512769 0.270911 0.0345777 0.467563 0.000112383
AC 20 14.7463 14.7463 14.7448
OP 21 0.514829 0.519732 0.260283 0.0277847 0.469895 0.000118583
AC 21 12.8125 12.8125 12.8107
OP 22 0.529886 0.512819 0.279474 0.0344767 0.459145 0.000105879
AC 22 12.5894 12.5894 12.5875
OP 23 0.529326 0.51586 0.286477 0.0368283 0.458699 0.000101232
AC 23 7.61605 7.61605 7.61404
OP 24 0.534748 0.515311 0.260971 0.0297646 0.46981 0.000118469
AC 24 10.4329 10.4329 10.4311
OP 25 0.516783 0.518161 0.280835 0.0292061 0.461916 0.000104602
AC 25 15.1454 15.1454 15.1434
OP 26 0.510491 0.52319 0.271098 0.0268146 0.464624 0.000111355
AC 26 14.5567 14.5567 14.5547
OP 27 0.536961 0.510701 0.266375 0.0329325 0.465796 0.000115065
AC 27 13.659 13.659 13.6574
OP 28 0.525723 0.522421 0.284981 0.032786 0.459116 0.000101605
AC 28 11.4693 11.4693 11.4669
OP 29 0.532936 0.52166 0.263348 0.0301462 0.471951 0.000116452
AC 29 11.4747 11.4747 11.4727
OP 30 0.531869 0.518021 0.277067 0.037268 0.462077 0.000107577
AC 30 9.07111 9.07111 9.06914
OP 31 0.518775 0.51614 0.267886 0.0337909 0.466165 0.000113354
AC 31 11.5947 11.5947 11.593
OP 32 0.514847 0.521721 0.268364 0.0286161 0.466943 0.000112666
AC 32 12.1465 12.1465 12.1446
OP 33 0.527698 0.513089 0.254061 0.0323856 0.474793 0.000123009
AC 33 13.9788 13.9788 13.9773
OP 34 0.505638 0.526513 0.269881 0.0261618 0.467288 0.000111962
AC 34 11.4483 11.4483 11.446
OP 35 0.511855 0.526497 0.278303 0.0282798 0.463478 0.000106509
AC 35 13.092 13.092 13.0898
OP 36 0.512606 0.524083 0.268207 0.0310853 0.466799 0.000112921
AC 36 12.673 12.673 12.671
OP 37 0.513224 0.517155 0.266448 0.0271709 0.469678 0.000114628
AC 37 13.5586 13.5586 13.5567
OP 38 0.531829 0.505362 0.27648 0.0344878 0.465869 0.000108108
AC 38 15.2213 15.2213 15.2197
OP 39 0.528337 0.51469 0.283514 0.0353596 0.458022 0.000103377
AC 39 11.1873 11.1873 11.1853
OP 40 0.519962 0.520172 0.277369 0.0305983 0.464907 0.000106565
AC 40 12.8618 12.8618 12.8598
OP 41 0.516574 0.519843 0.264 0.0279481 0.470686 0.000116773
AC 41 14.8566 14.8566 14.8548
OP 42 0.521381 0.514172 0.282981 0.0312021 0.461556 0.000103084
AC 42 12.3231 12.3231 12.321
OP 43 0.527871 0.515151 0.277699 0.0332372 0.466251 0.000107179
AC 43 11.9564 11.9564 11.9546
OP 44 0.526083 0.51123 0.268016 0.0383588 0.46571 0.00011354
AC 44 14.2321 14.2321 14.2306
OP 45 0.521229 0.517245 0.268235 0.0323539 0.469292 0.000113639
AC 45 7.42903 7.42903 7.42702
OP 46 0.538766 0.511126 0.251539 0.0302263 0.474362 0.000125088
AC 46 13.8644 13.8644 13.8629
OP 47 0.538214 0.508679 0.282187 0.0367976 0.459551 0.000104463
AC 47 9.98142 9.98142 9.97963
OP 48 0.50879 0.516991 0.271255 0.0271503 0.470297 0.000111778
AC 48 15.0647 15.0647 15.0629
OP 49 0.526518 0.510977 0.28127 0.0368977 0.462394 0.000104262
AC 49 13.0745 13.0745 13.0728
OP 50 0.523601 0.519279 0.270773 0.0285987 0.466335 0.000111141
AC 50 10.9089 10.9089 10.9068
OP 51 0.523353 0.524871 0.279614 0.031998 0.462254 0.000105142
AC 51 12.2754 12.2754 12.2732
OP 52 0.523614 0.51647 0.277246 0.0354395 0.462035 0.000107359
AC 52 11.626 11.626 11.6241
OP 53 0.517647 0.525588 0.286649 0.0297829 0.461896 0.000100727
AC 53 14.0286 14.0286 14.0264
OP 54 0.533509 0.498903 0.253107 0.0337066 0.47325 0.000124849
AC 54 12.3993 12.3993 12.398
OP 55 0.510817 0.526386 0.268682 0.0281156 0.467809 0.00011288
AC 55 12.8483 12.8483 12.8462
OP 56 0.523499 0.510874 0.26391 0.0366781 0.468066 0.000116857
AC 56 9.97038 9.97038 9.96886
OP 57 0.531844 0.508198 0.265527 0.0323113 0.468449 0.00011563
AC 57 15.1273 15.1273 15.1258
OP 58 0.525283 0.518522 0.268997 0.0301892 0.466931 0.00011291
AC 58 13.223 13.223 13.2212
OP 59 0.527558 0.515226 0.275379 0.0340065 0.462044 0.000108463
AC 59 12.8332 12.8332 12.8314
OP 60 0.518222 0.515499 0.272715 0.0282431 0.467845 0.000110342
AC 60 13.2325 13.2325 13.2306
OP 61 0.514662 0.519205 0.252907 0.0274295 0.473088 0.000123587
AC 61 16.398 16.398 16.3963
OP 62 0.520701 0.512058 0.268852 0.0354349 0.469821 0.000113902
AC 62 13.4654 13.4654 13.4638
OP 63 0.519033 0.514201 0.272069 0.0309041 0.467598 0.000111079
AC 63 13.8806 13.8806 13.8789
OP 64 0.523998 0.524051 0.276303 0.0292148 0.463691 0.000107857
AC 64 13.7168 13.7168 13.7146
OP 65 0.521155 0.507055 0.270111 0.0344737 0.467244 0.000112548
AC 65 13.6322 13.6322 13.6306
OP 66 0.520708 0.525731 0.274457 0.0278585 0.462804 0.000108509
AC 66 10.6163 10.6163 10.6137
OP 67 0.513427 0.523501 0.274635 0.0279026 0.46631 0.00010862
AC 67 10.9809 10.9809 10.9788
OP 68 0.523131 0.519409 0.277878 0.032772 0.463449 0.000106613
AC 68 9.71218 9.71218 9.71001
OP 69 0.540165 0.510873 0.27487 0.0372106 0.462668 0.000108222
AC 69 6.8402 6.8402 6.83836
OP 70 0.518026 0.525474 0.276348 0.0304547 0.464939 0.000107584
AC 70 15.1938 15.1938 15.1918
OP 71 0.523185 0.517925 0.273491 0.0274514 0.465037 0.000109696
AC 71 11.1734 11.1734 11.1712
OP 72 0.518151 0.522141 0.274717 0.0303366 0.465281 0.000108169
AC 72 13.9199 13.9199 13.9178
OP 73 0.517294 0.524615 0.286719 0.0320567 0.457956 0.0001005
AC 73 7.54617 7.54617 7.54362
OP 74 0.515375 0.531489 0.281895 0.0269541 0.460577 0.000103379
AC 74 13.1656 13.1656 13.1629
OP 75 0.519983 0.514454 0.277286 0.0361163 0.464091 0.000107678
AC 75 12.675 12.675 12.6732
OP 76 0.530985 0.52334 0.267089 0.0302453 0.469529 0.000113916
AC 76 10.8287 10.8287 10.8267
OP 77 0.520422 0.514825 0.271887 0.0297847 0.467874 0.000110625
AC 77 12.9462 12.9462 12.9444
OP 78 0.519807 0.512473 0.275511 0.0358328 0.463067 0.000108705
AC 78 9.56377 9.56377 9.56199
OP 79 0.524412 0.511568 0.274737 0.0365665 0.462849 0.000108814
AC 79 11.3903 11.3903 11.3886
OP 80 0.529944 0.518945 0.273074 0.0325095 0.46396 0.000110078
AC 80 14.6937 14.6937 14.6918
OP 81 0.517985 0.52908 0.276838 0.0282048 0.463908 0.000106962
AC 81 15.3485 15.3485 15.3462
OP 82 0.519797 0.512906 0.273173 0.0349322 0.46651 0.000110357
AC 82 12.1695 12.1695 12.1679
OP 83 0.521273 0.5048 0.257745 0.0349181 0.472074 0.000121156
AC 83 12.7669 12.7669 12.7655
OP 84 0.532392 0.512339 0.264946 0.0325475 0.468992 0.000115758
AC 84 14.73 14.73 14.7285
OP 85 0.524219 0.524226 0.276734 0.0310364 0.464329 0.000106762
AC 85 -1.01712 -1.01712 -1.01981
OP 86 0.517372 0.529021 0.284421 0.0309527 0.459206 0.00010157
AC 86 11.2077 11.2077 11.2052
OP 87 0.498498 0.524787 0.26892 0.0238077 0.467883 0.000112067
AC 87 15.0003 15.0003 14.9981
OP 88 0.526659 0.525303 0.281048 0.0310752 0.461892 0.000103811
AC 88 8.83055 8.83055 8.82787
OP 89 0.51328 0.52299 0.271269 0.0278398 0.465698 0.000110878
AC 89 15.5321 15.5321 15.5299
OP 90 0.536116 0.514598 0.275572 0.038073 0.464986 0.000109173
AC 90 10.4196 10.4196 10.4179
OP 91 0.527681 0.521948 0.278404 0.0325907 0.461292 0.000106064
AC 91 9.88459 9.88459 9.88241
OP 92 0.532673 0.508195 0.261187 0.0327165 0.470278 0.000119
AC 92 12.6491 12.6491 12.6475
OP 93 0.526069 0.511753 0.284731 0.0309485 0.46031 0.000102391
AC 93 15.2946 15.2946 15.2927
OP 94 0.498739 0.52549 0.275087 0.0251674 0.464857 0.000108443
AC 94 15.0548 15.0548 15.0526
OP 95 0.526915 0.51007 0.256617 0.0338368 0.473462 0.000122034
AC 95 13.9624 13.9624 13.961
OP 96 0.534478 0.505987 0.277986 0.0372707 0.462417 0.000107024
AC 96 12.0366 12.0366 12.0351
OP 97 0.533873 0.514467 0.269842 0.0425232 0.465051 0.000112484
AC 97 9.0486 9.0486 9.0469
OP 98 0.524851 0.513164 0.273798 0.0322538 0.464552 0.000109958
AC 98 10.983 10.983 10.9811
OP 99 0.533777 0.51955 0.265992 0.0359989 0.469025 0.000114892
AC 99 9.72033 9.72033 9.71853
OP 100 0.529847 0.512364 0.265434 0.0327012 0.467962 0.000115437
AC 100 13.9237 13.9237 13.9222
OP 101 0.515048 0.520949 0.278027 0.0311062 0.466162 0.000106952
AC 101 11.2884 11.2884 11.2864
OP 102 0.51363 0.520385 0.274643 0.0294393 0.467457 0.000108546
AC 102 13.134 13.134 13.1318
OP 103 0.517029 0.525791 0.284238 0.0306212 0.4618 0.000102742
AC 103 9.09543 9.09543 9.09302
OP 104 0.535555 0.516061 0.277997 0.0317152 0.463133 0.000106962
AC 104 12.2534 12.2534 12.2514
OP 105 0.532458 0.498815 0.245921 0.0319991 0.477558 0.000130764
AC 105 13.6859 13.6859 13.6846
OP 106 0.528092 0.517131 0.270356 0.0295914 0.463927 0.000111595
AC 106 13.0463 13.0463 13.0443
OP 107 0.502997 0.523899 0.27829 0.0303822 0.459309 0.000106202
AC 107 12.4436 12.4436 12.4414
OP 108 0.519149 0.518163 0.27899 0.0318582 0.463957 0.000105871
AC 108 12.6297 12.6297 12.6276
OP 109 0.522114 0.511899 0.266092 0.0315573 0.468381 0.000114934
AC 109 14.1334 14.1334 14.1317
OP 110 0.515134 0.515514 0.279254 0.0325351 0.463237 0.000106052
AC 110 11.6045 11.6045 11.6025
OP 111 0.516641 0.519888 0.27161 0.0310325 0.465123 0.00011081
AC 111 11.2606 11.2606 11.2585
OP 112 0.539193 0.51498 0.278953 0.0347785 0.460333 0.000106002
AC 112 10.2169 10.2169 10.215
OP 113 0.516579 0.51845 0.274172 0.0337641 0.462413 0.000109386
AC 113 10.8669 10.8669 10.8649
OP 114 0.53905 0.509416 0.272356 0.0336676 0.465144 0.000110226
AC 114 11.5691 11.5691 11.5674
OP 115 0.525104 0.517684 0.269474 0.0294091 0.467268 0.000111704
AC 115 12.0496 12.0496 12.0476
OP 116 0.537633 0.514934 0.274642 0.0369175 0.462195 0.000108862
AC 116 9.21889 9.21889 9.21697
OP 117 0.540761 0.515443 0.271686 0.0365458 0.464828 0.000110981
AC 117 12.716 12.716 12.7144
OP 118 0.523692 0.516761 0.273348 0.0306775 0.464274 0.000109871
AC 118 11.6399 11.6399 11.6379
OP 119 0.530406 0.516622 0.282828 0.0335202 0.459533 0.000102773
AC 119 12.3783 12.3783 12.3762
OP 120 0.546451 0.507983 0.273079 0.0360501 0.464747 0.000110229
AC 120 13.22 13.22 13.2184
OP 121 0.513753 0.520198 0.278793 0.0307529 0.463873 0.000105986
AC 121 14.9789 14.9789 14.977
OP 122 0.514846 0.517044 0.273578 0.0327389 0.468075 0.000109583
AC 122 12.4886 12.4886 12.4867
OP 123 0.524804 0.517037 0.266235 0.031868 0.468932 0.000114359
AC 123 13.65 13.65 13.6482
OP 124 0.522001 0.519007 0.276805 0.0332283 0.46657 0.000107544
AC 124 13.5198 13.5198 13.5179
OP 125 0.510437 0.524055 0.274601 0.0280583 0.466608 0.000108465
AC 125 11.8233 11.8233 11.821
OP 126 0.53869 0.509095 0.273942 0.0363012 0.46608 0.000109875
AC 126 11.6055 11.6055 11.6038
OP 127 0.525454 0.518687 0.269303 0.0298721 0.464559 0.000111824
AC 127 11.474 11.474 11.472
OP 128 0.518359 0.517119 0.285288 0.0336978 0.460823 0.000101939
AC 128 11.4911 11.4911 11.4891
OP 129 0.518251 0.517283 0.27214 0.0293218 0.468352 0.00011092
AC 129 15.9068 15.9068 15.9051
OP 130 0.521924 0.518684 0.256634 0.0288373 0.473577 0.000121323
AC 130 10.6079 10.6079 10.606
OP 131 0.524537 0.509833 0.262948 0.0315973 0.470958 0.000117361
AC 131 11.7144 11.7144 11.7127
OP 132 0.520456 0.516707 0.263199 0.0308421 0.47344 0.000117555
AC 132 12.3955 12.3955 12.3938
OP 133 0.520446 0.514526 0.270667 0.0314092 0.465357 0.0001118
AC 133 13.2211 13.2211 13.2194
OP 134 0.515556 0.50746 0.272226 0.0315006 0.466779 0.00011064
AC 134 12.5459 12.5459 12.5442
OP 135 0.516043 0.516573 0.275578 0.0283586 0.466063 0.00010817
AC 135 9.33103 9.33103 9.32886
OP 136 0.528324 0.521361 0.272518 0.0333118 0.466319 0.000110084
AC 136 13.7769 13.7769 13.7751
OP 137 0.529444 0.524385 0.275145 0.0293614 0.462852 0.000107835
AC 137 10.7382 10.7382 10.7358
OP 138 0.523073 0.52699 0.284076 0.0295018 0.460464 0.000102416
AC 138 14.4287 14.4287 14.4264
OP 139 0.521079 0.518211 0.276217 0.0346612 0.465406 0.000108004
AC 139 13.4916 13.4916 13.4898
OP 140 0.526535 0.525953 0.280009 0.033018 0.458917 0.000104737
AC 140 13.6643 13.6643 13.6622
OP 141 0.519444 0.516248 0.262558 0.0288541 0.470252 0.000116992
AC 141 14.6965 14.6965 14.6947
OP 142 0.521898 0.52001 0.269766 0.0266083 0.467972 0.000111758
AC 142 14.7089 14.7089 14.7068
OP 143 0.527034 0.511571 0.26837 0.0312592 0.467214 0.000113575
AC 143 14.1449 14.1449 14.1432
OP 144 0.51466 0.514959 0.272219 0.027233 0.466065 0.000111486
AC 144 16.9536 16.9536 16.9519
OP 145 0.520947 0.509651 0.266389 0.0352479 0.465485 0.000114635
AC 145 13.4008 13.4008 13.3993
OP 146 0.528133 0.516138 0.279436 0.0298268 0.460316 0.000105548
AC 146 15.0555 15.0555 15.0535
OP 147 0.527427 0.518937 0.268959 0.0300471 0.466299 0.000112653
AC 147 13.8659 13.8659 13.864
OP 148 0.521206 0.514639 0.291359 0.0334905 0.457926 9.80872E-05
AC 148 13.128 13.128 13.1261
OP 149 0.537185 0.513823 0.267878 0.0351253 0.465316 0.00011396
AC 149 6.71833 6.71833 6.71651
OP 150 0.521123 0.509585 0.263248 0.0293383 0.46841 0.000116782
AC 150 12.0989 12.0989 12.0972
OP 151 0.51116 0.527213 0.27038 0.0257996 0.466871 0.000111676
AC 151 14.9656 14.9656 14.9634
OP 152 0.514467 0.530713 0.267585 0.0289829 0.467846 0.000113712
AC 152 13.6863 13.6863 13.6843
OP 153 0.530773 0.50786 0.260156 0.0345637 0.470091 0.000119576
AC 153 10.2235 10.2235 10.2219
OP 154 0.524429 0.522871 0.289345 0.0302253 0.457553 9.86864E-05
AC 154 13.7829 13.7829 13.7803
OP 155 0.523336 0.521233 0.266721 0.0307413 0.465453 0.000114279
AC 155 16.0757 16.0757 16.074
OP 156 0.513693 0.527875 0.263341 0.0228155 0.471608 0.00011716
AC 156 17.0608 17.0608 17.0587
OP 157 0.524187 0.519779 0.281284 0.0325842 0.459609 0.000104227
AC 157 11.8843 11.8843 11.8821
OP 158 0.536713 0.504501 0.268275 0.0344516 0.467524 0.000113615
AC 158 12.3711 12.3711 12.3696
OP 159 0.523089 0.517288 0.272279 0.030171 0.466241 0.000110263
AC 159 15.7923 15.7923 15.7906
OP 160 0.528112 0.515502 0.275564 0.0310617 0.463589 0.000108055
AC 160 12.0574 12.0574 12.0554
OP 161 0.518101 0.50314 0.271338 0.034167 0.468607 0.000112122
AC 161 16.9708 16.9708 16.9696
OP 162 0.517918 0.518088 0.275705 0.0283265 0.462711 0.00010779
AC 162 13.7415 13.7415 13.7394
OP 163 0.54725 0.50254 0.275671 0.042925 0.461361 0.000108584
AC 163 11.2906 11.2906 11.2891
OP 164 0.508396 0.514899 0.27006 0.0309725 0.466789 0.000111664
AC 164 11.6186 11.6186 11.6167
OP 165 0.523893 0.512365 0.252087 0.0271774 0.475926 0.000125039
AC 165 14.2506 14.2506 14.2488
OP 166 0.503942 0.527257 0.26707 0.0247137 0.468 0.000114083
AC 166 13.7345 13.7345 13.7322
OP 167 0.522091 0.520272 0.267068 0.0285465 0.467283 0.000114347
AC 167 14.4536 14.4536 14.4517
OP 168 0.531468 0.509198 0.266276 0.0353663 0.469871 0.00011522
AC 168 13.1601 13.1601 13.1585
OP 169 0.513331 0.523406 0.266732 0.029138 0.466235 0.000114445
AC 169 13.9482 13.9482 13.9462
OP 170 0.517953 0.52032 0.263511 0.0273675 0.471025 0.000116776
AC 170 15.6801 15.6801 15.6783
OP 171 0.522986 0.509685 0.273322 0.032127 0.464698 0.000109617
AC 171 11.4425 11.4425 11.4407
OP 172 0.52004 0.511305 0.265841 0.0312691 0.468337 0.00011518
AC 172 15.2362 15.2362 15.2347
OP 173 0.524496 0.521432 0.277291 0.0308796 0.461578 0.000106829
AC 173 9.7469 9.7469 9.7445
OP 174 0.523809 0.518376 0.276323 0.0298144 0.465338 0.000108101
AC 174 12.8486 12.8486 12.8467
OP 175 0.523348 0.510376 0.275557 0.0312834 0.466072 0.000108516
AC 175 13.8084 13.8084 13.8066
OP 176 0.520375 0.520311 0.27192 0.029287 0.464227 0.000110732
AC 176 11.6806 11.6806 11.6784
OP 177 0.530121 0.508096 0.264179 0.033002 0.470746 0.000116632
AC 177 11.5723 11.5723 11.5708
OP 178 0.533399 0.513806 0.277551 0.0346713 0.464034 0.000107272
AC 178 13.9518 13.9518 13.95
OP 179 0.519349 0.518637 0.270537 0.0326509 0.466662 0.000112187
AC 179 9.42157 9.42157 9.41962
OP 180 0.525818 0.51818 0.27962 0.0348026 0.461801 0.000105109
AC 180 13.5142 13.5142 13.5123
OP 181 0.523597 0.511991 0.269986 0.0328605 0.465806 0.000112738
AC 181 11.8497 11.8497 11.848
OP 182 0.522986 0.513373 0.276519 0.0342291 0.461961 0.000107538
AC 182 9.92039 9.92039 9.91853
OP 183 0.523753 0.516343 0.2651 0.0296893 0.472523 0.000115584
AC 183 14.3273 14.3273 14.3256
OP 184 0.532059 0.508428 0.276424 0.0373034 0.462112 0.000108218
AC 184 14.161 14.161 14.1595
OP 185 0.520898 0.51665 0.272491 0.0335178 0.464745 0.000110169
AC 185 11.9497 11.9497 11.9478
OP 186 0.509161 0.51295 0.260242 0.0319851 0.469869 0.000119427
AC 186 7.24439 7.24439 7.24259
OP 187 0.525549 0.521109 0.277736 0.0315199 0.462274 0.000106587
AC 187 12.86 12.86 12.8579
OP 188 0.519137 0.514556 0.272958 0.0297536 0.465383 0.000110416
AC 188 14.6486 14.6486 14.6468
OP 189 0.526597 0.50451 0.264387 0.0342419 0.469413 0.000116521
AC 189 14.2937 14.2937 14.2922
OP 190 0.515355 0.520313 0.273974 0.0276894 0.464516 0.00010925
AC 190 11.1189 11.1189 11.1164
OP 191 0.522568 0.520326 0.289623 0.0331756 0.458529 9.91279E-05
AC 191 11.822 11.822 11.8199
OP 192 0.526304 0.509299 0.266736 0.0321931 0.46617 0.000114535
AC 192 14.3471 14.3471 14.3455
OP 193 0.518984 0.521413 0.263782 0.0278254 0.470318 0.000116999
AC 193 13.051 13.051 13.049
OP 194 0.519666 0.514764 0.271572 0.0344753 0.464075 0.000111434
AC 194 12.4791 12.4791 12.4775
OP 195 0.506316 0.521218 0.269085 0.0281189 0.468327 0.000112621
AC 195 14.1202 14.1202 14.1182
OP 196 0.509655 0.526028 0.27306 0.0272168 0.466331 0.000109979
AC 196 8.2092 8.2092 8.2067
OP 197 0.535921 0.505654 0.272575 0.0390932 0.461685 0.000110524
AC 197 10.8718 10.8718 10.8702
OP 198 0.532998 0.50425 0.266232 0.0363376 0.467506 0.000115796
AC 198 13.6653 13.6653 13.664
OP 199 0.528732 0.515575 0.276441 0.0324535 0.462791 0.000107398
AC 199 14.174 14.174 14.1721
OP 200 0.515868 0.521518 0.284066 0.0310914 0.46096 0.000102636
AC 200 12.2908 12.2908 12.2886
OP 201 0.516712 0.522638 0.264243 0.0294106 0.468529 0.000115822
AC 201 6.56083 6.56083 6.55861
OP 202 0.515777 0.524453 0.274967 0.030335 0.464104 0.000108505
AC 202 12.9052 12.9052 12.903
OP 203 0.518593 0.524772 0.282634 0.031266 0.462213 0.000103383
AC 203 10.656 10.656 10.6537
OP 204 0.532141 0.518031 0.277609 0.034903 0.462198 0.00010682
AC 204 14.8425 14.8425 14.8406
OP 205 0.53478 0.509598 0.270519 0.0345343 0.467477 0.00011178
AC 205 14.1784 14.1784 14.1767
OP 206 0.538098 0.508802 0.269154 0.0387961 0.462179 0.000112735
AC 206 11.7252 11.7252 11.7236
OP 207 0.514223 0.516224 0.273323 0.0316294 0.465069 0.000109773
AC 207 11.4753 11.4753 11.4733
OP 208 0.528347 0.502507 0.259281 0.0310917 0.471595 0.000120409
AC 208 14.984 14.984 14.9826
OP 209 0.525701 0.512222 0.282213 0.0333774 0.461452 0.000104171
AC 209 12.0157 12.0157 12.0137
OP 210 0.548183 0.507392 0.263701 0.0355071 0.468354 0.000116797
AC 210 13.263 13.263 13.2615
OP 211 0.507339 0.525758 0.265857 0.0255391 0.470922 0.000115078
AC 211 16.6623 16.6623 16.6603
OP 212 0.514003 0.519843 0.278996 0.0290779 0.464523 0.000106028
AC 212 14.3199 14.3199 14.3179
OP 213 0.517396 0.520034 0.279052 0.0289818 0.464015 0.000105681
AC 213 8.10701 8.10701 8.10474
OP 214 0.534689 0.509835 0.273499 0.0340064 0.466903 0.000110302
AC 214 16.7805 16.7805 16.779
OP 215 0.538339 0.512085 0.285807 0.0363455 0.46036 0.00010111
AC 215 13.0038 13.0038 13.002
OP 216 0.506619 0.525994 0.278139 0.0281009 0.465222 0.000105922
AC 216 14.288 14.288 14.2856
OP 217 0.50879 0.522019 0.27724 0.0293192 0.463342 0.000107187
AC 217 15.7217 15.7217 15.7196
OP 218 0.520387 0.523887 0.273538 0.0299729 0.464517 0.000109415
AC 218 16.4994 16.4994 16.4975
OP 219 0.513659 0.513999 0.270409 0.0327386 0.465102 0.000112128
AC 219 13.2502 13.2502 13.2485
OP 220 0.530512 0.517227 0.278782 0.0346418 0.462754 0.000105895
AC 220 12.1485 12.1485 12.1465
OP 221 0.52659 0.505066 0.261303 0.0364117 0.471329 0.000118884
AC 221 12.3081 12.3081 12.3067
OP 222 0.515356 0.526818 0.272947 0.0261534 0.464091 0.00010986
AC 222 16.5056 16.5056 16.5033
OP 223 0.516361 0.529975 0.294412 0.031993 0.454965 9.59088E-05
AC 223 11.3921 11.3921 11.3895
OP 224 0.523182 0.519084 0.266794 0.0264255 0.469037 0.000114818
AC 224 14.7525 14.7525 14.7506
OP 225 0.534198 0.515123 0.270572 0.0318167 0.469507 0.000111714
AC 225 9.77073 9.77073 9.76881
OP 226 0.527642 0.498755 0.271854 0.0363971 0.466726 0.000111695
AC 226 13.5698 13.5698 13.5684
OP 227 0.516541 0.519841 0.280786 0.0331224 0.463615 0.000104958
AC 227 10.0683 10.0683 10.0662
OP 228 0.52102 0.520821 0.276538 0.0324853 0.461415 0.000106942
AC 228 13.0714 13.0714 13.0695
OP 229 0.549394 0.505089 0.274847 0.0336522 0.464696 0.000109204
AC 229 10.9378 10.9378 10.9361
OP 230 0.508101 0.515902 0.273965 0.0289382 0.465194 0.000109489
AC 230 12.8215 12.8215 12.8195
OP 231 0.525778 0.513975 0.278929 0.0374245 0.460619 0.000106237
AC 231 5.03863 5.03863 5.03656
OP 232 0.525148 0.52197 0.266817 0.0278665 0.468364 0.000113617
AC 232 11.5247 11.5247 11.5227
OP 233 0.533322 0.516734 0.274444 0.0341695 0.464601 0.000109047
AC 233 12.258 12.258 12.2562
OP 234 0.53407 0.494127 0.260469 0.0361304 0.471754 0.000120201
AC 234 15.0801 15.0801 15.0789
OP 235 0.528239 0.514293 0.270714 0.0335284 0.464743 0.000111586
AC 235 10.5073 10.5073 10.5054
OP 236 0.515896 0.520425 0.274704 0.0308242 0.464502 0.000108744
AC 236 15.8736 15.8736 15.8716
OP 237 0.524711 0.522209 0.272221 0.0316555 0.465471 0.000109842
AC 237 10.1401 10.1401 10.1378
OP 238 0.522113 0.504908 0.265267 0.0355144 0.46726 0.000116134
AC 238 14.2039 14.2039 14.2026
OP 239 0.521327 0.517083 0.278915 0.0321198 0.459788 0.000105473
AC 239 8.96389 8.96389 8.9618
OP 240 0.527611 0.514206 0.270806 0.0329987 0.465185 0.000111712
AC 240 13.9284 13.9284 13.9267
OP 241 0.535874 0.51273 0.264474 0.0324795 0.470106 0.000115662
AC 241 12.5955 12.5955 12.5938
OP 242 0.527491 0.518964 0.280415 0.0343519 0.461534 0.000104765
AC 242 8.32146 8.32146 8.31939
OP 243 0.525307 0.517845 0.273127 0.0343178 0.465397 0.000110441
AC 243 10.9499 10.9499 10.948
OP 244 0.532796 0.510202 0.257708 0.0343701 0.471918 0.0001215
AC 244 13.3514 13.3514 13.35
OP 245 0.528556 0.513953 0.261947 0.0284697 0.469815 0.000117665
AC 245 14.0912 14.0912 14.0894
OP 246 0.518423 0.509641 0.268586 0.0324589 0.467042 0.000113319
AC 246 15.2382 15.2382 15.2367
OP 247 0.526474 0.524275 0.273917 0.0319905 0.463459 0.000108876
AC 247 12.1454 12.1454 12.1434
OP 248 0.513705 0.509398 0.274442 0.0351359 0.464733 0.000109737
AC 248 12.1922 12.1922 12.1905
OP 249 0.529029 0.506369 0.265024 0.0338338 0.469693 0.000116264
AC 249 13.2137 13.2137 13.2122
OP 250 0.51166 0.523092 0.280531 0.0304938 0.462277 0.000104556
AC 250 13.1295 13.1295 13.1272
OP 251 0.515921 0.521023 0.277018 0.029949 0.466841 0.000107147
AC 251 13.9061 13.9061 13.9041
OP 252 0.52962 0.510548 0.275677 0.0339617 0.46388 0.000108633
AC 252 14.0867 14.0867 14.085
OP 253 0.519975 0.520821 0.278542 0.0278109 0.464257 0.000105768
AC 253 14.5495 14.5495 14.5473
OP 254 0.534512 0.514537 0.270585 0.0365948 0.466451 0.000111769
AC 254 4.37652 4.37652 4.3747
OP 255 0.535516 0.506444 0.275509 0.0353081 0.463679 0.000108581
AC 255 8.55515 8.55515 8.5533
OP 256 0.515646 0.522469 0.276808 0.0314931 0.464257 0.000107264
AC 256 12.1419 12.1419 12.1399
OP 257 0.513519 0.524694 0.283177 0.0290363 0.460931 0.000102616
AC 257 12.6744 12.6744 12.6721
OP 258 0.522972 0.518345 0.274788 0.0294667 0.464524 0.000108576
AC 258 13.9753 13.9753 13.9732
OP 259 0.518578 0.514742 0.268699 0.0310469 0.468121 0.00011328
AC 259 15.2223 15.2223 15.2206
OP 260 0.531514 0.513981 0.281665 0.0373493 0.462387 0.000104955
AC 260 13.3825 13.3825 13.3808
OP 261 0.525923 0.513468 0.273794 0.032698 0.465194 0.000109888
AC 261 9.57095 9.57095 9.56908
OP 262 0.507553 0.523124 0.27619 0.0263011 0.465105 0.000107751
AC 262 18.3812 18.3812 18.3791
OP 263 0.517395 0.517988 0.268784 0.0262285 0.466455 0.000112972
AC 263 13.0046 13.0046 13.0023
OP 264 0.525259 0.519503 0.272212 0.0279514 0.464606 0.000110342
AC 264 11.3287 11.3287 11.3266
OP 265 0.539359 0.50873 0.271693 0.0345861 0.464435 0.000111258
AC 265 10.6518 10.6518 10.65
OP 266 0.514863 0.511285 0.254987 0.0281789 0.474831 0.000123021
AC 266 14.5677 14.5677 14.5662
OP 267 0.514499 0.515442 0.270445 0.0309681 0.46879 0.000112214
AC 267 14.4817 14.4817 14.4801
OP 268 0.507605 0.521228 0.27889 0.0283627 0.462572 0.000105898
AC 268 14.484 14.484 14.4818
OP 269 0.517823 0.505069 0.276302 0.0317065 0.465792 0.000108689
AC 269 15.5478 15.5478 15.5463
OP 270 0.529072 0.516714 0.281295 0.0328022 0.462013 0.000104689
AC 270 13.7246 13.7246 13.7227
OP 271 0.530786 0.520107 0.275405 0.0351261 0.461557 0.000108173
AC 271 9.31084 9.31084 9.3088
OP 272 0.52743 0.525368 0.279985 0.0321916 0.461721 0.000105563
AC 272 11.4431 11.4431 11.441
OP 273 0.521849 0.51582 0.26516 0.0283408 0.469204 0.000114971
AC 273 13.5543 13.5543 13.5524
OP 274 0.513732 0.514894 0.26373 0.0319921 0.469166 0.000116686
AC 274 11.1262 11.1262 11.1244
OP 275 0.520113 0.522776 0.290724 0.0337456 0.454969 9.80256E-05
AC 275 13.298 13.298 13.2958
OP 276 0.532803 0.510676 0.273598 0.0379159 0.463689 0.000110109
AC 276 11.7198 11.7198 11.7182
OP 277 0.526388 0.51339 0.288613 0.0335409 0.457604 0.000100049
AC 277 13.0726 13.0726 13.0707
OP 278 0.515705 0.51751 0.278648 0.0317092 0.461109 0.000105787
AC 278 15.0495 15.0495 15.0477
OP 279 0.510144 0.531974 0.278148 0.0281869 0.462319 0.000105577
AC 279 9.43779 9.43779 9.43522
OP 280 0.510491 0.52402 0.28343 0.0339208 0.460788 0.000102488
AC 280 13.8163 13.8163 13.8141
OP 281 0.535417 0.512165 0.277723 0.0378085 0.463859 0.00010752
AC 281 8.96027 8.96027 8.95855
OP 282 0.543982 0.499658 0.270873 0.0417332 0.465481 0.000111923
AC 282 10.1388 10.1388 10.1374
OP 283 0.519131 0.526782 0.275012 0.0288476 0.464571 0.000108757
AC 283 13.0679 13.0679 13.0657
OP 284 0.52815 0.513944 0.26469 0.0321254 0.466256 0.000115432
AC 284 14.5649 14.5649 14.5632
OP 285 0.525804 0.508511 0.265511 0.0320356 0.468475 0.000115689
AC 285 12.0749 12.0749 12.0733
OP 286 0.529086 0.509688 0.274953 0.0334066 0.46543 0.000108887
AC 286 11.0583 11.0583 11.0566
OP 287 0.538559 0.50222 0.264139 0.0373586 0.467282 0.0001162
AC 287 11.9883 11.9883 11.9868
OP 288 0.524656 0.522427 0.267013 0.0295903 0.466861 0.000113779
AC 288 11.0609 11.0609 11.0588
OP 289 0.508516 0.523915 0.263945 0.0256932 0.47151 0.000116157
AC 289 10.9506 10.9506 10.9483
OP 290 0.529193 0.523578 0.279386 0.0343803 0.45925 0.000105573
AC 290 9.62637 9.62637 9.6242
OP 291 0.517278 0.515439 0.275386 0.0309666 0.464684 0.000108686
AC 291 10.5042 10.5042 10.5022
OP 292 0.523175 0.51009 0.266672 0.0355249 0.46971 0.000114941
AC 292 11.2669 11.2669 11.2653
OP 293 0.524794 0.517671 0.273058 0.0302138 0.464093 0.000109585
AC 293 10.7596 10.7596 10.7577
OP 294 0.52182 0.506644 0.266857 0.0342088 0.466743 0.000114655
AC 294 12.4811 12.4811 12.4794
OP 295 0.517338 0.522872 0.28275 0.0311856 0.46109 0.00010317
AC 295 13.7975 13.7975 13.7952
OP 296 0.526654 0.518147 0.274035 0.0317335 0.462808 0.000108995
AC 296 -16.1968 -16.1968 -16.1993
OP 297 0.515374 0.525982 0.266244 0.0284421 0.4679 0.000114366
AC 297 12.5517 12.5517 12.5495
OP 298 0.540284 0.522201 0.287461 0.0344454 0.457655 0.000100169
AC 298 10.1914 10.1914 10.1891
OP 299 0.514826 0.523758 0.276906 0.0305931 0.461508 0.000106722
AC 299 15.565 15.565 15.563
