OP 0 0.578218 0.650271 0.460805 0.0992486 0.445438 0.000118533
AC 0 1.96333 1.96333 1.9624
OP 1 0.608916 0.660321 0.469538 0.111212 0.436778 0.000112057
AC 1 5.48581 5.48581 5.48477
OP 2 0.57376 0.649645 0.459988 0.0980203 0.444774 0.000119427
AC 2 2.10037 2.10037 2.09945
OP 3 0.599286 0.665866 0.478252 0.103697 0.435101 0.000105625
AC 3 6.38426 6.38426 6.38289
OP 4 0.572454 0.645658 0.459295 0.0906335 0.44394 0.000119786
AC 4 -5.50948 -5.50948 -5.51036
OP 5 0.584206 0.655036 0.471479 0.0926928 0.439203 0.000111144
AC 5 -1.48623 -1.48623 -1.48726
OP 6 0.590928 0.655684 0.459024 0.0978882 0.442661 0.000119845
AC 6 0.339418 0.339418 0.338493
OP 7 0.574454 0.645843 0.458515 0.092731 0.443006 0.00012062
AC 7 -7.23213 -7.23213 -7.23301
OP 8 0.568416 0.662784 0.463134 0.0907717 0.43823 0.000116457
AC 8 -0.242349 -0.242349 -0.243378
OP 9 0.583989 0.656149 0.466808 0.0980104 0.439612 0.00011404
AC 9 2.44265 2.44265 2.44162
OP 10 0.570969 0.650297 0.458286 0.0912178 0.443028 0.000120474
AC 10 -0.0918606 -0.0918606 -0.0928174
OP 11 0.584584 0.651838 0.463883 0.0999091 0.440675 0.000116486
AC 11 0.0204928 0.0204928 0.0196101
OP 12 0.60178 0.658444 0.472502 0.109367 0.439351 0.000109592
AC 12 5.59373 5.59373 5.5926
OP 13 0.586989 0.648335 0.454881 0.092559 0.444226 0.000123404
AC 13 -2.72376 -2.72376 -2.7246
OP 14 0.584688 0.652534 0.455062 0.098082 0.445748 0.000122262
AC 14 3.43439 3.43439 3.43347
OP 15 0.589096 0.678125 0.475379 0.108236 0.437484 0.000107117
AC 15 7.64589 7.64589 7.64438
OP 16 0.595413 0.659061 0.472068 0.105662 0.436657 0.000110472
AC 16 4.38352 4.38352 4.3825
OP 17 0.594968 0.655886 0.473095 0.112661 0.434839 0.000108963
AC 17 6.11097 6.11097 6.1099
OP 18 0.598909 0.643534 0.459062 0.104563 0.441346 0.000119758
AC 18 3.35403 3.35403 3.35317
OP 19 0.585832 0.641067 0.448596 0.0986024 0.448414 0.00012779
AC 19 -0.961869 -0.961869 -0.96265
OP 20 0.590675 0.652922 0.466401 0.101583 0.439006 0.000114739
AC 20 1.95105 1.95105 1.95013
OP 21 0.591892 0.662427 0.461265 0.0968284 0.43823 0.000117339
AC 21 3.0855 3.0855 3.08434
OP 22 0.603176 0.662249 0.465928 0.106565 0.43824 0.000113938
AC 22 7.1043 7.1043 7.10315
OP 23 0.593204 0.649008 0.461422 0.100632 0.442477 0.00011823
AC 23 1.81426 1.81426 1.81334
OP 24 0.608115 0.662867 0.467026 0.114353 0.438164 0.000113993
AC 24 6.31968 6.31968 6.31868
OP 25 0.589294 0.64844 0.45581 0.0871809 0.445245 0.000121833
AC 25 -7.7082 -7.7082 -7.70908
OP 26 0.598897 0.647834 0.453833 0.105014 0.443644 0.000123563
AC 26 2.35157 2.35157 2.35072
OP 27 0.580209 0.657559 0.45928 0.0978514 0.441703 0.000119328
AC 27 3.79214 3.79214 3.79112
OP 28 0.582307 0.640511 0.446145 0.0945388 0.450691 0.000129311
AC 28 -0.964296 -0.964296 -0.965091
OP 29 0.59335 0.651142 0.454555 0.104101 0.443133 0.000122856
AC 29 4.48511 4.48511 4.48418
OP 30 0.589145 0.6532 0.46383 0.0995581 0.44185 0.000115874
AC 30 3.27247 3.27247 3.27145
OP 31 0.594381 0.664649 0.465461 0.10118 0.439392 0.00011436
AC 31 6.83849 6.83849 6.83734
OP 32 0.580671 0.672676 0.480509 0.100314 0.4314 0.000104032
AC 32 5.90476 5.90476 5.90334
OP 33 0.581867 0.652657 0.468157 0.0920968 0.437611 0.000113619
AC 33 -10.9807 -10.9807 -10.9817
OP 34 0.586242 0.648759 0.454016 0.0964608 0.445269 0.000123258
AC 34 0.433778 0.433778 0.432897
OP 35 0.594498 0.653122 0.465816 0.102844 0.439177 0.000114872
AC 35 2.39076 2.39076 2.38984
OP 36 0.579917 0.657848 0.472735 0.0946491 0.437684 0.000109893
AC 36 0.102364 0.102364 0.101333
OP 37 0.581601 0.659146 0.473496 0.0959483 0.436032 0.000109095
AC 37 2.02514 2.02514 2.02398
OP 38 0.590132 0.654684 0.4699 0.101504 0.437608 0.00011236
AC 38 1.91307 1.91307 1.91213
OP 39 0.60514 0.666214 0.461845 0.108179 0.43953 0.000116969
AC 39 7.4255 7.4255 7.42438
OP 40 0.598159 0.660691 0.465258 0.10644 0.43851 0.000114553
AC 40 7.2958 7.2958 7.29463
OP 41 0.581306 0.662785 0.471985 0.0915202 0.439855 0.000110561
AC 41 -1.2975 -1.2975 -1.29863
OP 42 0.600417 0.666593 0.479409 0.108813 0.432541 0.000104824
AC 42 6.52343 6.52343 6.52215
OP 43 0.578965 0.650144 0.461185 0.0916923 0.443563 0.00011883
AC 43 -6.9117 -6.9117 -6.91259
OP 44 0.59773 0.65555 0.476576 0.104956 0.434727 0.000107536
AC 44 5.14853 5.14853 5.1474
OP 45 0.575993 0.657919 0.470624 0.0928092 0.438279 0.000111528
AC 45 -0.133209 -0.133209 -0.134293
OP 46 0.590383 0.655158 0.466897 0.100092 0.438211 0.000113793
AC 46 2.53493 2.53493 2.53391
OP 47 0.578321 0.653156 0.461061 0.095308 0.440995 0.000117783
AC 47 -4.58424 -4.58424 -4.58519
OP 48 0.580319 0.663504 0.467394 0.101103 0.437745 0.000113259
AC 48 4.12572 4.12572 4.12461
OP 49 0.584775 0.645171 0.443902 0.089763 0.451335 0.000130615
AC 49 -5.01115 -5.01115 -5.01197
OP 50 0.584061 0.653298 0.468183 0.0948468 0.440096 0.000112868
AC 50 2.53594 2.53594 2.53486
OP 51 0.602259 0.645279 0.457659 0.103081 0.446398 0.00012103
AC 51 2.65029 2.65029 2.64948
OP 52 0.59497 0.662731 0.469006 0.106118 0.4373 0.000112677
AC 52 6.71767 6.71767 6.71648
OP 53 0.587805 0.67161 0.473954 0.106396 0.433996 0.000108591
AC 53 6.49913 6.49913 6.49784
OP 54 0.58193 0.643557 0.461153 0.0896341 0.441972 0.00011851
AC 54 -30.1091 -30.1091 -30.1099
OP 55 0.592781 0.669875 0.479963 0.105063 0.435455 0.000104896
AC 55 5.3621 5.3621 5.36084
OP 56 0.593282 0.657106 0.465403 0.097646 0.43912 0.000114537
AC 56 2.02589 2.02589 2.02487
OP 57 0.597032 0.654638 0.471374 0.100266 0.437889 0.000111151
AC 57 1.40676 1.40676 1.40577
OP 58 0.582246 0.662745 0.461597 0.0982434 0.440934 0.00011699
AC 58 4.04113 4.04113 4.04001
OP 59 0.579657 0.663264 0.472271 0.0971187 0.438768 0.000109906
AC 59 4.58335 4.58335 4.58218
OP 60 0.601484 0.648433 0.464749 0.102584 0.440938 0.000115925
AC 60 3.82134 3.82134 3.82035
OP 61 0.571314 0.650178 0.455475 0.0887207 0.446024 0.000122833
AC 61 -10.0845 -10.0845 -10.0853
OP 62 0.58037 0.650921 0.459952 0.0946487 0.445704 0.00011948
AC 62 -0.710306 -0.710306 -0.711184
OP 63 0.595192 0.654069 0.463989 0.110404 0.439314 0.000115875
AC 63 5.12294 5.12294 5.12202
OP 64 0.591825 0.660265 0.474709 0.10941 0.437151 0.000108388
AC 64 5.3177 5.3177 5.31662
OP 65 0.604546 0.664679 0.469117 0.103975 0.436454 0.000112248
AC 65 4.54127 4.54127 4.5402
OP 66 0.585069 0.65222 0.463054 0.0983459 0.443485 0.000116806
AC 66 1.32393 1.32393 1.32301
OP 67 0.583377 0.658828 0.460003 0.0990037 0.441923 0.000118538
AC 67 4.57031 4.57031 4.56929
OP 68 0.591973 0.658788 0.465104 0.103541 0.439392 0.000115327
AC 68 3.5416 3.5416 3.54065
OP 69 0.573158 0.658732 0.471739 0.0929799 0.438257 0.000110061
AC 69 -0.0473363 -0.0473363 -0.0484671
OP 70 0.587547 0.651239 0.455322 0.100399 0.446654 0.000122144
AC 70 2.58254 2.58254 2.58167
OP 71 0.588243 0.659926 0.469387 0.108688 0.439496 0.000112076
AC 71 5.60779 5.60779 5.60676
OP 72 0.589534 0.658327 0.469117 0.100698 0.441019 0.00011246
AC 72 2.70338 2.70338 2.70238
OP 73 0.594717 0.653468 0.467404 0.104307 0.440329 0.000113543
AC 73 5.01986 5.01986 5.01884
OP 74 0.571572 0.661743 0.47194 0.0960568 0.438653 0.000110652
AC 74 0.0295318 0.0295318 0.0284391
OP 75 0.599644 0.650429 0.467693 0.102602 0.439553 0.000113437
AC 75 3.61237 3.61237 3.61142
OP 76 0.597243 0.650637 0.454462 0.100042 0.445535 0.000122701
AC 76 1.4598 1.4598 1.45889
OP 77 0.599472 0.654215 0.469095 0.105531 0.438261 0.000112432
AC 77 5.08161 5.08161 5.08056
OP 78 0.577299 0.658325 0.460271 0.0919857 0.442265 0.000118635
AC 78 1.12673 1.12673 1.1257
OP 79 0.584807 0.648229 0.455822 0.0974723 0.444076 0.000122126
AC 79 2.30967 2.30967 2.30874
OP 80 0.601182 0.671948 0.460893 0.110475 0.438865 0.000117522
AC 80 8.09746 8.09746 8.09626
OP 81 0.586053 0.634343 0.457789 0.0853032 0.445937 0.000121978
AC 81 -5.85226 -5.85226 -5.85303
OP 82 0.586007 0.642306 0.456534 0.0929407 0.446283 0.000121808
AC 82 -8.36503 -8.36503 -8.36584
OP 83 0.599575 0.65521 0.478762 0.108971 0.436363 0.000106027
AC 83 5.76963 5.76963 5.76854
OP 84 0.586271 0.64988 0.459422 0.0950967 0.441435 0.000119982
AC 84 -0.715612 -0.715612 -0.716508
OP 85 0.58496 0.658105 0.464919 0.0910339 0.439303 0.000114824
AC 85 2.01288 2.01288 2.01171
OP 86 0.578192 0.657742 0.465898 0.0988447 0.441096 0.000114603
AC 86 2.46953 2.46953 2.46849
OP 87 0.59907 0.644623 0.469094 0.0987088 0.438624 0.00011334
AC 87 -1.75561 -1.75561 -1.75643
OP 88 0.601431 0.638108 0.462377 0.105995 0.442268 0.000118138
AC 88 1.40217 1.40217 1.40133
OP 89 0.583096 0.670609 0.484357 0.102733 0.431898 0.000101614
AC 89 4.66636 4.66636 4.66504
OP 90 0.588361 0.653415 0.458595 0.0986021 0.442507 0.000119668
AC 90 3.74417 3.74417 3.74325
OP 91 0.592203 0.657421 0.465236 0.103096 0.439963 0.000114652
AC 91 4.42131 4.42131 4.42031
OP 92 0.584306 0.662652 0.466679 0.0915631 0.440328 0.000113329
AC 92 4.01422 4.01422 4.01298
OP 93 0.587498 0.661959 0.466687 0.0970929 0.436906 0.000113537
AC 93 3.54433 3.54433 3.54324
OP 94 0.591061 0.657017 0.469366 0.09847 0.436856 0.000112448
AC 94 0.225398 0.225398 0.224434
OP 95 0.578275 0.645874 0.461412 0.088924 0.444203 0.000118691
AC 95 -23.4244 -23.4244 -23.4253
OP 96 0.588957 0.665951 0.466688 0.0998295 0.441066 0.000113094
AC 96 3.14082 3.14082 3.13966
OP 97 0.591196 0.668928 0.477167 0.105738 0.432808 0.000105738
AC 97 6.30508 6.30508 6.30376
OP 98 0.576134 0.659141 0.460538 0.0951147 0.441569 0.000118516
AC 98 0.546262 0.546262 0.545296
OP 99 0.578847 0.659192 0.461856 0.0995283 0.442631 0.000117457
AC 99 4.65907 4.65907 4.65805
OP 100 0.593929 0.652732 0.464526 0.106954 0.442308 0.000115851
AC 100 3.4255 3.4255 3.42461
OP 101 0.595367 0.651372 0.458289 0.0937729 0.444208 0.000120343
AC 101 -4.67415 -4.67415 -4.67503
OP 102 0.581691 0.647291 0.458753 0.0958077 0.444049 0.000120863
AC 102 -0.0274357 -0.0274357 -0.0282802
OP 103 0.577289 0.669451 0.46932 0.102122 0.439851 0.000111903
AC 103 6.0628 6.0628 6.06156
OP 104 0.586439 0.652194 0.449631 0.0959495 0.448687 0.000126886
AC 104 0.00308349 0.00308349 0.00222357
OP 105 0.598932 0.658849 0.458525 0.104553 0.444385 0.000120392
AC 105 5.11216 5.11216 5.1112
OP 106 0.576116 0.657443 0.462052 0.0914614 0.44061 0.000116847
AC 106 -0.326395 -0.326395 -0.327397
OP 107 0.596463 0.644668 0.454836 0.096768 0.443094 0.000123578
AC 107 -1.15117 -1.15117 -1.15199
OP 108 0.593623 0.654165 0.460741 0.0985897 0.443144 0.000118024
AC 108 1.61952 1.61952 1.61862
OP 109 0.584995 0.644214 0.454493 0.0922889 0.44576 0.000123502
AC 109 -12.5349 -12.5349 -12.5357
OP 110 0.574605 0.659524 0.4694 0.10018 0.441223 0.000112181
AC 110 1.34341 1.34341 1.34237
OP 111 0.592404 0.658287 0.457309 0.105745 0.441365 0.000120791
AC 111 5.14082 5.14082 5.13987
OP 112 0.578751 0.645396 0.459173 0.0926253 0.444216 0.000120236
AC 112 -5.14458 -5.14458 -5.14543
OP 113 0.586475 0.655152 0.468575 0.103214 0.438057 0.000112873
AC 113 4.2442 4.2442 4.24321
OP 114 0.600252 0.66143 0.464197 0.100719 0.439694 0.000116005
AC 114 4.08363 4.08363 4.08257
OP 115 0.581389 0.661277 0.450756 0.0970929 0.443108 0.000125365
AC 115 4.23619 4.23619 4.23519
OP 116 0.574715 0.662456 0.454466 0.0980949 0.444922 0.000122146
AC 116 4.37278 4.37278 4.37174
OP 117 0.577003 0.664854 0.471033 0.103148 0.436902 0.00011099
AC 117 4.33182 4.33182 4.33066
OP 118 0.595458 0.666001 0.464141 0.0991287 0.440666 0.000115149
AC 118 4.53684 4.53684 4.53574
OP 119 0.601012 0.661168 0.466445 0.103703 0.43794 0.000113466
AC 119 6.29297 6.29297 6.29187
OP 120 0.58287 0.655443 0.464302 0.0971864 0.441674 0.000116507
AC 120 0.608595 0.608595 0.607704
OP 121 0.584467 0.657426 0.458976 0.09726 0.441752 0.000119663
AC 121 2.80162 2.80162 2.80058
OP 122 0.578579 0.641674 0.452273 0.097367 0.449963 0.00012536
AC 122 -4.22903 -4.22903 -4.22979
OP 123 0.581798 0.655213 0.471727 0.0946772 0.437894 0.000111302
AC 123 1.68789 1.68789 1.68685
OP 124 0.608142 0.642858 0.453846 0.101505 0.445627 0.000124374
AC 124 0.855622 0.855622 0.854854
OP 125 0.58039 0.66434 0.459196 0.0934416 0.444521 0.000119465
AC 125 1.19544 1.19544 1.19435
OP 126 0.57423 0.655566 0.468884 0.0928646 0.43837 0.000112456
AC 126 -5.97147 -5.97147 -5.97242
OP 127 0.590738 0.651466 0.46989 0.10753 0.438925 0.000112926
AC 127 3.56474 3.56474 3.56374
OP 128 0.593666 0.655036 0.463887 0.103986 0.440385 0.000115732
AC 128 3.79581 3.79581 3.79488
OP 129 0.582176 0.660873 0.471922 0.0942752 0.436976 0.000111006
AC 129 -0.723055 -0.723055 -0.724149
OP 130 0.574915 0.659048 0.45562 0.0888995 0.446985 0.000121251
AC 130 -3.7487 -3.7487 -3.74965
OP 131 0.591003 0.659002 0.462279 0.106832 0.443149 0.000116813
AC 131 5.71619 5.71619 5.71516
OP 132 0.600479 0.656456 0.474045 0.103841 0.437589 0.000109102
AC 132 3.62811 3.62811 3.62706
OP 133 0.600378 0.666315 0.466626 0.109415 0.439589 0.000113451
AC 133 7.64678 7.64678 7.6456
OP 134 0.611063 0.653053 0.470807 0.108237 0.437377 0.000111456
AC 134 4.74131 4.74131 4.74027
OP 135 0.598218 0.659408 0.474191 0.0980423 0.435442 0.000108434
AC 135 2.38727 2.38727 2.38618
OP 136 0.571645 0.657382 0.462562 0.0896575 0.444229 0.00011715
AC 136 -4.13577 -4.13577 -4.13672
OP 137 0.582979 0.662711 0.467679 0.0967233 0.43867 0.000112945
AC 137 3.68637 3.68637 3.68528
OP 138 0.590882 0.657239 0.45888 0.100233 0.441848 0.00011937
AC 138 5.27781 5.27781 5.2768
OP 139 0.598413 0.665273 0.460209 0.0988299 0.440348 0.000117928
AC 139 4.6171 4.6171 4.61601
OP 140 0.564361 0.658252 0.469625 0.08568 0.440282 0.000111957
AC 140 -11.7456 -11.7456 -11.7466
OP 141 0.604958 0.669061 0.466578 0.116888 0.440964 0.000113525
AC 141 9.13934 9.13934 9.13805
OP 142 0.58139 0.65372 0.449206 0.0925974 0.445591 0.000127044
AC 142 -2.10929 -2.10929 -2.11011
OP 143 0.576838 0.659721 0.4584 0.0901296 0.446896 0.000120033
AC 143 2.06858 2.06858 2.06757
OP 144 0.57021 0.655744 0.465484 0.0942919 0.442131 0.000115347
AC 144 -4.05325 -4.05325 -4.05417
OP 145 0.577519 0.653113 0.463566 0.0987509 0.440576 0.000116752
AC 145 3.12649 3.12649 3.1255
OP 146 0.584192 0.654571 0.4604 0.0953084 0.439057 0.000119061
AC 146 1.39354 1.39354 1.39256
OP 147 0.598648 0.651117 0.467029 0.106912 0.44077 0.000114538
AC 147 3.02671 3.02671 3.02579
OP 148 0.589317 0.654489 0.46148 0.0934324 0.44295 0.00011791
AC 148 -0.184725 -0.184725 -0.185752
OP 149 0.604168 0.657963 0.467137 0.105402 0.440989 0.000114004
AC 149 4.77385 4.77385 4.77284
OP 150 0.577822 0.648731 0.466132 0.0875836 0.440594 0.000115445
AC 150 -22.6364 -22.6364 -22.6373
OP 151 0.581602 0.657901 0.462789 0.091129 0.440646 0.00011743
AC 151 -2.79941 -2.79941 -2.80039
OP 152 0.587783 0.657825 0.460069 0.0982633 0.442137 0.000118593
AC 152 2.92245 2.92245 2.92144
OP 153 0.591865 0.653124 0.466607 0.108663 0.441475 0.000114263
AC 153 3.562 3.562 3.5611
OP 154 0.593617 0.652807 0.456747 0.0960644 0.44381 0.000121469
AC 154 0.486759 0.486759 0.485816
OP 155 0.601277 0.655342 0.463379 0.113751 0.440419 0.000116285
AC 155 5.52706 5.52706 5.52611
OP 156 0.576785 0.661115 0.470531 0.100369 0.43792 0.000111116
AC 156 4.75544 4.75544 4.75428
OP 157 0.587908 0.665697 0.478039 0.100986 0.434759 0.000106031
AC 157 2.03957 2.03957 2.03834
OP 158 0.576528 0.661727 0.46078 0.0981182 0.441518 0.000118277
AC 158 3.48518 3.48518 3.48409
OP 159 0.58582 0.647925 0.452857 0.100312 0.447421 0.000124864
AC 159 -1.2263 -1.2263 -1.22705
OP 160 0.598575 0.65939 0.464821 0.103286 0.440857 0.000115293
AC 160 5.21457 5.21457 5.21354
OP 161 0.583428 0.660129 0.470916 0.102357 0.435933 0.00011119
AC 161 3.18623 3.18623 3.18513
OP 162 0.591602 0.656953 0.470322 0.0991327 0.438669 0.000111394
AC 162 2.36415 2.36415 2.36311
OP 163 0.582078 0.665285 0.481243 0.0996013 0.431746 0.000103661
AC 163 4.2832 4.2832 4.28191
OP 164 0.582392 0.66886 0.470142 0.0961063 0.437272 0.000111008
AC 164 3.9701 3.9701 3.96888
OP 165 0.595353 0.656253 0.460694 0.102444 0.443463 0.000118386
AC 165 5.4711 5.4711 5.47009
OP 166 0.590682 0.63919 0.456124 0.100352 0.444457 0.000123218
AC 166 -5.49132 -5.49132 -5.49205
OP 167 0.569718 0.669277 0.459874 0.0912316 0.442398 0.000118149
AC 167 3.83833 3.83833 3.83715
OP 168 0.580603 0.660253 0.463617 0.0985079 0.442522 0.000115927
AC 168 1.85991 1.85991 1.85892
OP 169 0.58652 0.669523 0.466342 0.0990557 0.435437 0.000113072
AC 169 6.4307 6.4307 6.42946
OP 170 0.582719 0.651538 0.465846 0.0945997 0.440648 0.00011495
AC 170 -0.513405 -0.513405 -0.514378
OP 171 0.588195 0.667832 0.468881 0.102567 0.438099 0.00011155
AC 171 5.71582 5.71582 5.71458
OP 172 0.587914 0.651601 0.457339 0.0967629 0.444303 0.000121322
AC 172 1.12263 1.12263 1.12177
OP 173 0.59026 0.645427 0.465808 0.0988792 0.439079 0.000114972
AC 173 -4.80235 -4.80235 -4.80325
OP 174 0.587885 0.65637 0.459868 0.101161 0.44332 0.000119122
AC 174 4.98384 4.98384 4.98286
OP 175 0.583972 0.644038 0.460733 0.0993054 0.441417 0.000119008
AC 175 -0.656325 -0.656325 -0.657149
OP 176 0.584505 0.675281 0.483005 0.111614 0.432383 0.000101925
AC 176 7.54659 7.54659 7.54511
OP 177 0.576994 0.67601 0.482564 0.107585 0.432819 0.000102152
AC 177 7.63147 7.63147 7.62997
OP 178 0.581832 0.648644 0.454529 0.096338 0.444562 0.000123042
AC 178 0.265752 0.265752 0.264906
OP 179 0.594742 0.657486 0.46797 0.101363 0.441023 0.000113297
AC 179 2.82228 2.82228 2.82136
OP 180 0.593558 0.647453 0.464777 0.0970361 0.443406 0.000116186
AC 180 -1.63513 -1.63513 -1.636
OP 181 0.574876 0.676945 0.468974 0.0969041 0.438324 0.000110951
AC 181 7.34954 7.34954 7.34818
OP 182 0.588252 0.672785 0.482499 0.108686 0.431519 0.000102962
AC 182 6.21864 6.21864 6.21729
OP 183 0.594356 0.655551 0.463415 0.108252 0.440113 0.00011572
AC 183 5.94562 5.94562 5.94465
OP 184 0.598867 0.654772 0.458321 0.104004 0.445226 0.000119444
AC 184 4.42486 4.42486 4.4239
OP 185 0.579774 0.65087 0.467976 0.0909253 0.44206 0.000113551
AC 185 -11.8386 -11.8386 -11.8395
OP 186 0.588868 0.648128 0.454219 0.0952277 0.444846 0.000123792
AC 186 -3.95822 -3.95822 -3.95908
OP 187 0.593401 0.67456 0.473791 0.10864 0.437373 0.000108886
AC 187 7.54435 7.54435 7.54301
OP 188 0.582606 0.656047 0.46381 0.10082 0.443459 0.000116568
AC 188 1.18318 1.18318 1.18223
OP 189 0.580478 0.658838 0.468158 0.0994361 0.440005 0.000113757
AC 189 1.69316 1.69316 1.6922
OP 190 0.58862 0.669186 0.470225 0.102001 0.439311 0.000111223
AC 190 4.0833 4.0833 4.0821
OP 191 0.593074 0.642679 0.455003 0.0964019 0.445616 0.000122875
AC 191 -2.6781 -2.6781 -2.67888
OP 192 0.600956 0.651125 0.465847 0.103244 0.439464 0.000115087
AC 192 3.4837 3.4837 3.48271
OP 193 0.58929 0.641159 0.452976 0.0954483 0.447542 0.000125014
AC 193 -2.95987 -2.95987 -2.96064
OP 194 0.596304 0.671646 0.46784 0.107046 0.439355 0.000112306
AC 194 7.98488 7.98488 7.98368
OP 195 0.572843 0.650379 0.454778 0.0919563 0.443594 0.000122287
AC 195 -2.02373 -2.02373 -2.02464
OP 196 0.593225 0.655036 0.458089 0.101237 0.442505 0.000120035
AC 196 5.35954 5.35954 5.35855
OP 197 0.583273 0.664704 0.465981 0.0971772 0.439801 0.00011404
AC 197 3.87291 3.87291 3.87186
OP 198 0.583865 0.666031 0.468951 0.0965001 0.439134 0.000112126
AC 198 4.84354 4.84354 4.84236
OP 199 0.600105 0.655153 0.460662 0.103578 0.44236 0.00011823
AC 199 3.57339 3.57339 3.57243
OP 200 0.595724 0.651389 0.457336 0.102396 0.444481 0.000121077
AC 200 2.4183 2.4183 2.41741
OP 201 0.579082 0.659007 0.473467 0.0982027 0.437261 0.000109327
AC 201 3.42135 3.42135 3.42024
OP 202 0.58864 0.650005 0.462921 0.101265 0.440854 0.000117112
AC 202 0.850981 0.850981 0.850078
OP 203 0.593018 0.648181 0.452971 0.102564 0.445241 0.000124731
AC 203 3.69416 3.69416 3.69333
OP 204 0.59296 0.653361 0.465256 0.104501 0.441513 0.0001148
AC 204 4.18443 4.18443 4.18342
OP 205 0.578239 0.680085 0.478473 0.0973099 0.43403 0.00010535
AC 205 6.88274 6.88274 6.88125
OP 206 0.568497 0.653819 0.465221 0.0970624 0.441889 0.000115028
AC 206 2.28882 2.28882 2.28778
OP 207 0.577374 0.66718 0.472761 0.100063 0.436627 0.000109633
AC 207 4.82271 4.82271 4.82142
OP 208 0.582387 0.652929 0.462184 0.0911048 0.442294 0.000117521
AC 208 0.186687 0.186687 0.185762
OP 209 0.578573 0.674492 0.475356 0.101817 0.437851 0.000107063
AC 209 6.26974 6.26974 6.26839
OP 210 0.582396 0.6626 0.471311 0.102706 0.434487 0.000110612
AC 210 4.58686 4.58686 4.58577
OP 211 0.59583 0.655756 0.470037 0.0985358 0.438765 0.000111817
AC 211 2.59293 2.59293 2.59192
OP 212 0.57857 0.665023 0.472733 0.0902284 0.437188 0.000109553
AC 212 -1.15211 -1.15211 -1.15331
OP 213 0.583929 0.656059 0.466942 0.0983163 0.439563 0.000113918
AC 213 2.21724 2.21724 2.21625
OP 214 0.596738 0.653388 0.460355 0.101402 0.444445 0.000118425
AC 214 2.26298 2.26298 2.26204
OP 215 0.584028 0.662284 0.4609 0.0996694 0.441147 0.000117583
AC 215 2.39845 2.39845 2.39744
OP 216 0.587672 0.667613 0.466371 0.102839 0.439485 0.00011325
AC 216 6.40054 6.40054 6.39935
OP 217 0.594331 0.657983 0.46137 0.104753 0.443055 0.000117885
AC 217 5.10351 5.10351 5.10252
OP 218 0.576701 0.666708 0.460706 0.0884146 0.439801 0.000117756
AC 218 -1.14684 -1.14684 -1.14798
OP 219 0.586384 0.647202 0.459654 0.0925123 0.440974 0.000119759
AC 219 -5.80885 -5.80885 -5.80966
OP 220 0.581373 0.65183 0.467612 0.0947782 0.439486 0.000113482
AC 220 -3.56911 -3.56911 -3.57009
OP 221 0.572629 0.670478 0.471486 0.0965704 0.436819 0.000110278
AC 221 3.77377 3.77377 3.7726
OP 222 0.596969 0.659142 0.465071 0.0997466 0.43798 0.00011499
AC 222 3.72615 3.72615 3.72512
OP 223 0.59578 0.656439 0.457899 0.0979226 0.444636 0.000120279
AC 223 2.74893 2.74893 2.74799
OP 224 0.581364 0.650341 0.45984 0.0940327 0.442971 0.000119484
AC 224 -5.93453 -5.93453 -5.93536
OP 225 0.60905 0.649594 0.462912 0.104266 0.441851 0.000117345
AC 225 4.65455 4.65455 4.65361
OP 226 0.591431 0.664234 0.455483 0.101624 0.444077 0.000120702
AC 226 5.16754 5.16754 5.16648
OP 227 0.574626 0.663447 0.469762 0.0958226 0.440352 0.00011148
AC 227 1.92327 1.92327 1.92216
OP 228 0.58765 0.654309 0.463133 0.0929653 0.439009 0.000116903
AC 228 -1.21797 -1.21797 -1.21889
OP 229 0.581178 0.670184 0.462851 0.100345 0.440195 0.000115682
AC 229 6.38256 6.38256 6.38142
OP 230 0.576079 0.658477 0.454016 0.0881055 0.444781 0.0001228
AC 230 -0.550131 -0.550131 -0.55111
OP 231 0.585371 0.654547 0.461523 0.0943467 0.442635 0.000117574
AC 231 -1.86209 -1.86209 -1.863
OP 232 0.590242 0.645033 0.451203 0.0995908 0.449933 0.000125696
AC 232 0.614554 0.614554 0.613755
OP 233 0.57192 0.662058 0.460282 0.090596 0.442374 0.000118125
AC 233 1.14222 1.14222 1.14117
OP 234 0.585924 0.631331 0.45725 0.0928963 0.445368 0.000122281
AC 234 -14.0917 -14.0917 -14.0925
OP 235 0.587835 0.65917 0.466806 0.0916598 0.440254 0.000114252
AC 235 1.91189 1.91189 1.91076
OP 236 0.597583 0.669764 0.479155 0.110697 0.433886 0.000105109
AC 236 7.15373 7.15373 7.15243
OP 237 0.596882 0.647919 0.459757 0.096931 0.442522 0.000119303
AC 237 -0.315971 -0.315971 -0.316833
OP 238 0.589252 0.651513 0.460633 0.102432 0.441824 0.000118342
AC 238 3.63984 3.63984 3.6389
OP 239 0.585055 0.654029 0.460775 0.103673 0.444433 0.000118617
AC 239 1.79195 1.79195 1.791
OP 240 0.570692 0.662921 0.475906 0.0972232 0.433221 0.000107665
AC 240 2.95369 2.95369 2.95258
OP 241 0.566748 0.654171 0.467144 0.0927526 0.438372 0.000114874
AC 241 -3.48069 -3.48069 -3.48165
OP 242 0.589171 0.664369 0.477456 0.101048 0.435217 0.000106417
AC 242 2.96989 2.96989 2.96872
OP 243 0.588659 0.659526 0.466633 0.101078 0.440343 0.000113997
AC 243 4.52606 4.52606 4.525
OP 244 0.590253 0.665085 0.468996 0.10439 0.439369 0.000112186
AC 244 5.61634 5.61634 5.61519
OP 245 0.591212 0.645357 0.462337 0.098165 0.442033 0.000117955
AC 245 -1.19014 -1.19014 -1.191
OP 246 0.586406 0.659937 0.471389 0.0965926 0.438306 0.000110631
AC 246 2.15677 2.15677 2.15574
OP 247 0.612659 0.641435 0.455145 0.107509 0.446809 0.00012253
AC 247 4.50807 4.50807 4.50725
OP 248 0.566636 0.655382 0.458731 0.0836212 0.443073 0.000119815
AC 248 -28.391 -28.391 -28.3919
OP 249 0.581598 0.648539 0.455803 0.0881221 0.444255 0.000122189
AC 249 -13.9846 -13.9846 -13.9855
OP 250 0.580949 0.655574 0.463578 0.0945909 0.442994 0.000117025
AC 250 -3.92964 -3.92964 -3.93053
OP 251 0.58894 0.651727 0.46284 0.102013 0.442298 0.000117113
AC 251 3.05006 3.05006 3.04915
OP 252 0.58273 0.640727 0.452239 0.0876384 0.450163 0.0001256
AC 252 -18.8151 -18.8151 -18.8159
OP 253 0.601925 0.661407 0.468718 0.11052 0.43869 0.000112613
AC 253 6.32156 6.32156 6.32051
OP 254 0.576264 0.649912 0.469023 0.106828 0.438847 0.000113115
AC 254 3.34055 3.34055 3.33959
OP 255 0.570718 0.656841 0.464339 0.0891561 0.443561 0.000116037
AC 255 -3.14655 -3.14655 -3.14752
OP 256 0.596989 0.652455 0.462397 0.104039 0.439559 0.0001173
AC 256 1.94404 1.94404 1.94319
OP 257 0.577489 0.647379 0.455626 0.100485 0.446932 0.000123095
AC 257 1.50076 1.50076 1.49994
OP 258 0.587052 0.653156 0.469622 0.106777 0.438633 0.000111766
AC 258 3.44628 3.44628 3.44525
OP 259 0.607815 0.667277 0.471124 0.110733 0.434715 0.000110194
AC 259 7.52302 7.52302 7.52181
OP 260 0.590453 0.656431 0.46026 0.0961281 0.441752 0.000118102
AC 260 0.863572 0.863572 0.862608
OP 261 0.57407 0.649887 0.461741 0.0930254 0.441373 0.00011768
AC 261 -3.79393 -3.79393 -3.79477
OP 262 0.593867 0.64468 0.463759 0.0972229 0.441215 0.000117258
AC 262 -0.932323 -0.932323 -0.93319
OP 263 0.581243 0.661038 0.467428 0.0969789 0.438531 0.000113202
AC 263 2.68577 2.68577 2.68464
OP 264 0.57305 0.649689 0.460664 0.0955859 0.443076 0.000119317
AC 264 -2.13855 -2.13855 -2.13944
OP 265 0.593254 0.643463 0.44252 0.0968627 0.450184 0.000132503
AC 265 -0.493845 -0.493845 -0.494539
OP 266 0.583864 0.658328 0.469958 0.0985413 0.440077 0.000111181
AC 266 2.77434 2.77434 2.77328
OP 267 0.582712 0.658396 0.465504 0.100002 0.439043 0.000114806
AC 267 4.48393 4.48393 4.4829
OP 268 0.585229 0.655703 0.469612 0.0992679 0.438855 0.00011169
AC 268 -0.738256 -0.738256 -0.739202
OP 269 0.595363 0.65436 0.454638 0.0947781 0.442915 0.000122826
AC 269 0.241321 0.241321 0.240457
OP 270 0.574108 0.665752 0.459634 0.0923639 0.441203 0.000119014
AC 270 3.4822 3.4822 3.48112
OP 271 0.571306 0.65254 0.465757 0.0976951 0.441022 0.000115385
AC 271 0.761685 0.761685 0.76075
OP 272 0.585395 0.666155 0.462499 0.0998273 0.440449 0.000116186
AC 272 6.34741 6.34741 6.34623
OP 273 0.584131 0.653371 0.456987 0.0955762 0.445342 0.000121331
AC 273 1.52849 1.52849 1.52755
OP 274 0.59421 0.660326 0.470931 0.104131 0.435426 0.000111249
AC 274 5.16696 5.16696 5.16589
OP 275 0.595059 0.667368 0.477736 0.102891 0.436243 0.000106798
AC 275 4.43692 4.43692 4.43569
OP 276 0.590704 0.650382 0.465006 0.100624 0.440587 0.000116019
AC 276 1.21938 1.21938 1.21846
OP 277 0.581883 0.658348 0.470057 0.100486 0.436941 0.000111399
AC 277 2.35089 2.35089 2.34987
OP 278 0.590211 0.642444 0.457152 0.100928 0.444239 0.000121726
AC 278 -1.63927 -1.63927 -1.64001
OP 279 0.578712 0.655083 0.478219 0.102498 0.435407 0.000106363
AC 279 0.925843 0.925843 0.924833
OP 280 0.595165 0.657434 0.468004 0.105664 0.440179 0.000113254
AC 280 5.84127 5.84127 5.84023
OP 281 0.589701 0.656535 0.465428 0.097645 0.441332 0.000114975
AC 281 1.27566 1.27566 1.27467
OP 282 0.573662 0.66316 0.466334 0.0938113 0.438563 0.000114426
AC 282 3.96889 3.96889 3.96776
OP 283 0.58448 0.669962 0.475957 0.105725 0.435561 0.00010731
AC 283 5.85276 5.85276 5.85149
OP 284 0.598857 0.662947 0.459853 0.107355 0.441423 0.000118266
AC 284 6.45673 6.45673 6.45565
OP 285 0.577254 0.663939 0.458514 0.0874685 0.442193 0.000119661
AC 285 0.785108 0.785108 0.784001
OP 286 0.591909 0.655536 0.4682 0.103253 0.438195 0.000112884
AC 286 3.18021 3.18021 3.17923
OP 287 0.577263 0.648027 0.454355 0.0958725 0.442709 0.000123505
AC 287 1.36503 1.36503 1.36418
OP 288 0.580383 0.659705 0.464887 0.0925414 0.440293 0.00011534
AC 288 4.34525 4.34525 4.34407
OP 289 0.595792 0.658649 0.471829 0.10983 0.43588 0.000110112
AC 289 6.05092 6.05092 6.04981
OP 290 0.579933 0.668103 0.466169 0.0914644 0.441009 0.000113644
AC 290 3.21038 3.21038 3.20913
OP 291 0.588617 0.656294 0.455124 0.0984309 0.444295 0.000121987
AC 291 2.14121 2.14121 2.1403
OP 292 0.586377 0.659567 0.459486 0.0994425 0.440971 0.000118196
AC 292 3.48982 3.48982 3.48881
OP 293 0.592498 0.653451 0.456262 0.102389 0.442961 0.000121201
AC 293 4.11687 4.11687 4.11595
OP 294 0.593734 0.639141 0.458652 0.0968458 0.446707 0.000120842
AC 294 -15.0466 -15.0466 -15.0474
OP 295 0.593716 0.659831 0.461366 0.0982196 0.439723 0.000117525
AC 295 4.22373 4.22373 4.22268
OP 296 0.592992 0.665004 0.473726 0.110228 0.43785 0.000109017
AC 296 6.73636 6.73636 6.73514
OP 297 0.586108 0.646705 0.458038 0.0879188 0.443743 0.000121204
AC 297 -9.82514 -9.82514 -9.82601
OP 298 0.601488 0.659851 0.46194 0.111563 0.439132 0.000117051
AC 298 6.22256 6.22256 6.22156
OP 299 0.580339 0.650708 0.461855 0.0947759 0.439746 0.000118122
AC 299 -0.162691 -0.162691 -0.163595
