OP 0 0.580817 0.654072 0.471557 0.221176 0.347566 0.000106293
AC 0 8.23849 8.23849 8.23798
OP 1 0.583571 0.650872 0.481685 0.214417 0.345371 0.000101988
AC 1 6.57741 6.57741 6.57688
OP 2 0.560636 0.65855 0.488086 0.207446 0.339617 9.83253E-05
AC 2 6.82233 6.82233 6.82172
OP 3 0.584556 0.65646 0.478758 0.213065 0.345204 0.000102724
AC 3 7.47311 7.47311 7.47258
OP 4 0.579198 0.651311 0.476383 0.211642 0.347154 0.000104942
AC 4 7.3156 7.3156 7.31508
OP 5 0.583842 0.653284 0.486986 0.222067 0.342064 9.93315E-05
AC 5 7.25805 7.25805 7.25752
OP 6 0.576366 0.645544 0.475529 0.212077 0.346751 0.000104847
AC 6 6.54468 6.54468 6.54418
OP 7 0.578476 0.646507 0.476641 0.217369 0.346194 0.000104213
AC 7 7.32506 7.32506 7.32456
OP 8 0.56885 0.63336 0.466195 0.203099 0.352863 0.000110412
AC 8 5.72133 5.72133 5.72089
OP 9 0.572178 0.644715 0.478283 0.207002 0.346586 0.00010356
AC 9 6.11429 6.11429 6.11379
OP 10 0.590852 0.644032 0.479919 0.216767 0.345155 0.000102848
AC 10 6.8751 6.8751 6.87459
OP 11 0.57194 0.646116 0.473108 0.210015 0.348878 0.000105906
AC 11 6.57185 6.57185 6.57136
OP 12 0.581359 0.649851 0.475097 0.214063 0.347937 0.000104839
AC 12 7.8861 7.8861 7.88557
OP 13 0.5838 0.648934 0.471523 0.21517 0.348595 0.000107026
AC 13 6.48998 6.48998 6.48948
OP 14 0.584034 0.666102 0.488334 0.225356 0.339252 9.74928E-05
AC 14 7.43872 7.43872 7.43811
OP 15 0.592147 0.643988 0.481962 0.217938 0.344954 0.000102247
AC 15 6.65311 6.65311 6.65262
OP 16 0.589015 0.638378 0.469421 0.211072 0.34851 0.000108012
AC 16 6.71712 6.71712 6.71665
OP 17 0.58328 0.657358 0.490427 0.216029 0.340607 9.73722E-05
AC 17 7.17913 7.17913 7.17852
OP 18 0.582276 0.653288 0.478 0.214125 0.344728 0.000103689
AC 18 7.32878 7.32878 7.32827
OP 19 0.604041 0.654061 0.479283 0.232196 0.34388 0.000102382
AC 19 7.99368 7.99368 7.99315
OP 20 0.580246 0.639685 0.47608 0.210554 0.348461 0.000104592
AC 20 6.94323 6.94323 6.94275
OP 21 0.593226 0.653416 0.487157 0.216165 0.341039 9.85221E-05
AC 21 7.26123 7.26123 7.26063
OP 22 0.593444 0.644288 0.474902 0.220619 0.346013 0.000105363
AC 22 7.16241 7.16241 7.16194
OP 23 0.553706 0.639262 0.472437 0.197576 0.349914 0.000106473
AC 23 4.8102 4.8102 4.80973
OP 24 0.571992 0.6563 0.473005 0.221464 0.348159 0.00010565
AC 24 7.73338 7.73338 7.73288
OP 25 0.591902 0.659155 0.480605 0.220538 0.34254 0.000101569
AC 25 8.42114 8.42114 8.42057
OP 26 0.587778 0.66777 0.480506 0.225153 0.343502 0.000101407
AC 26 8.9838 8.9838 8.98319
OP 27 0.592676 0.639699 0.465644 0.219294 0.351161 0.000110161
AC 27 7.6649 7.6649 7.66445
OP 28 0.58046 0.648842 0.471612 0.213841 0.346973 0.000106411
AC 28 7.18034 7.18034 7.17985
OP 29 0.58129 0.649309 0.47001 0.211508 0.350982 0.0001073
AC 29 7.26327 7.26327 7.2628
OP 30 0.580792 0.649819 0.480117 0.209036 0.343771 0.000103017
AC 30 7.30357 7.30357 7.30305
OP 31 0.584685 0.65921 0.483105 0.224004 0.342508 0.000100606
AC 31 7.91886 7.91886 7.91832
OP 32 0.581905 0.642763 0.473737 0.211325 0.350125 0.000106149
AC 32 7.09284 7.09284 7.09237
OP 33 0.579071 0.641202 0.477157 0.215115 0.347398 0.000104219
AC 33 6.34372 6.34372 6.34324
OP 34 0.587425 0.652077 0.481229 0.213538 0.343044 0.000101668
AC 34 7.32087 7.32087 7.32031
OP 35 0.573389 0.650247 0.488434 0.212551 0.340155 9.8241E-05
AC 35 6.05223 6.05223 6.05166
OP 36 0.573983 0.649757 0.485814 0.209862 0.343607 0.000100296
AC 36 5.89899 5.89899 5.89844
OP 37 0.583294 0.646443 0.475139 0.214927 0.348608 0.000105287
AC 37 7.48764 7.48764 7.48714
OP 38 0.57385 0.652758 0.487483 0.21682 0.339843 9.86573E-05
AC 38 6.77463 6.77463 6.77406
OP 39 0.576563 0.660061 0.485215 0.214862 0.339798 9.96037E-05
AC 39 6.82546 6.82546 6.82488
OP 40 0.580433 0.664514 0.485472 0.221635 0.343462 9.95679E-05
AC 40 7.94081 7.94081 7.94017
OP 41 0.584667 0.660882 0.479396 0.220266 0.342107 0.000102064
AC 41 8.37732 8.37732 8.37674
OP 42 0.596408 0.640015 0.472093 0.222006 0.347531 0.000106788
AC 42 7.1652 7.1652 7.16473
OP 43 0.574054 0.648001 0.474463 0.210945 0.346423 0.000105583
AC 43 6.4726 6.4726 6.47212
OP 44 0.580039 0.657318 0.477153 0.214144 0.343847 0.000103592
AC 44 8.32239 8.32239 8.32184
OP 45 0.571084 0.642416 0.465221 0.210776 0.352158 0.00010984
AC 45 6.42075 6.42075 6.4203
OP 46 0.588959 0.650366 0.475063 0.21741 0.347515 0.000104872
AC 46 7.93711 7.93711 7.93658
OP 47 0.585854 0.647256 0.476196 0.216602 0.347464 0.000104534
AC 47 7.25203 7.25203 7.25154
OP 48 0.584552 0.640056 0.472227 0.208505 0.348982 0.000106749
AC 48 6.74119 6.74119 6.74071
OP 49 0.595201 0.634674 0.466291 0.215344 0.353888 0.000110043
AC 49 7.61255 7.61255 7.6121
OP 50 0.569201 0.647312 0.475996 0.208179 0.347176 0.000104584
AC 50 6.50695 6.50695 6.50644
OP 51 0.598055 0.649387 0.476512 0.222169 0.349244 0.000104443
AC 51 8.15286 8.15286 8.15233
OP 52 0.591514 0.655414 0.477755 0.218731 0.346839 0.000103788
AC 52 8.18908 8.18908 8.18855
OP 53 0.578017 0.654309 0.479907 0.214564 0.347333 0.000102579
AC 53 7.50026 7.50026 7.49975
OP 54 0.578115 0.643122 0.476004 0.217413 0.346782 0.000105214
AC 54 6.48666 6.48666 6.48619
OP 55 0.581444 0.639606 0.473774 0.210642 0.347782 0.000106194
AC 55 6.59418 6.59418 6.5937
OP 56 0.577216 0.649608 0.474246 0.213571 0.348712 0.000105583
AC 56 6.77113 6.77113 6.77063
OP 57 0.583963 0.659459 0.484501 0.216467 0.342278 9.96166E-05
AC 57 7.76142 7.76142 7.76081
OP 58 0.572041 0.648762 0.477758 0.209496 0.344895 0.000104003
AC 58 6.4306 6.4306 6.4301
OP 59 0.595997 0.64789 0.475997 0.224002 0.346014 0.000104483
AC 59 7.79879 7.79879 7.79829
OP 60 0.565172 0.641449 0.475179 0.208597 0.34861 0.00010551
AC 60 5.28698 5.28698 5.28651
OP 61 0.573261 0.647484 0.477861 0.221104 0.343398 0.000103424
AC 61 7.11739 7.11739 7.11689
OP 62 0.587833 0.656379 0.49327 0.214999 0.3376 9.58743E-05
AC 62 5.91181 5.91181 5.91121
OP 63 0.590475 0.642418 0.480359 0.219996 0.342768 0.000102583
AC 63 6.67604 6.67604 6.67554
OP 64 0.599242 0.65991 0.476858 0.220816 0.344535 0.000102726
AC 64 8.59764 8.59764 8.59708
OP 65 0.583304 0.641902 0.465609 0.213007 0.350614 0.000109904
AC 65 7.01856 7.01856 7.01811
OP 66 0.573574 0.649568 0.481583 0.211607 0.34692 0.00010218
AC 66 5.89785 5.89785 5.89732
OP 67 0.581923 0.638371 0.470071 0.209019 0.350436 0.000107883
AC 67 6.58583 6.58583 6.58537
OP 68 0.579514 0.652654 0.481663 0.212332 0.343102 0.00010162
AC 68 7.16576 7.16576 7.16523
OP 69 0.578786 0.652463 0.485625 0.218908 0.33984 0.000100081
AC 69 7.45639 7.45639 7.45586
OP 70 0.575427 0.642894 0.471709 0.212972 0.350734 0.000106566
AC 70 6.49198 6.49198 6.49149
OP 71 0.570781 0.648101 0.481621 0.216077 0.344988 0.000102083
AC 71 5.80146 5.80146 5.80094
OP 72 0.589888 0.657175 0.481909 0.222886 0.343409 0.00010126
AC 72 7.92772 7.92772 7.92715
OP 73 0.573217 0.654896 0.475681 0.218555 0.346844 0.000104272
AC 73 7.67463 7.67463 7.67409
OP 74 0.587973 0.652174 0.477607 0.223376 0.342739 0.000103134
AC 74 7.21659 7.21659 7.21606
OP 75 0.590351 0.643843 0.472967 0.209251 0.347732 0.000106319
AC 75 6.68701 6.68701 6.68653
OP 76 0.574838 0.652862 0.482721 0.214032 0.342365 0.00010132
AC 76 7.05138 7.05138 7.05081
OP 77 0.601649 0.64644 0.474867 0.225638 0.345661 0.000105087
AC 77 7.73359 7.73359 7.73311
OP 78 0.574805 0.651836 0.483591 0.210183 0.343252 0.000100514
AC 78 7.16074 7.16074 7.16018
OP 79 0.593164 0.637898 0.478376 0.219581 0.343395 0.000103868
AC 79 6.70041 6.70041 6.69993
OP 80 0.59481 0.661414 0.483269 0.22377 0.341108 0.000100249
AC 80 7.97614 7.97614 7.97557
OP 81 0.576976 0.654903 0.475297 0.214528 0.346771 0.00010444
AC 81 8.17691 8.17691 8.17635
OP 82 0.594817 0.639288 0.477944 0.216889 0.346189 0.000104152
AC 82 7.29031 7.29031 7.28984
OP 83 0.567049 0.644742 0.482249 0.206114 0.343639 0.000101207
AC 83 6.12555 6.12555 6.12505
OP 84 0.580115 0.648987 0.477026 0.21466 0.344755 0.0001039
AC 84 6.53099 6.53099 6.53049
OP 85 0.585511 0.646443 0.480296 0.213566 0.343581 0.000102612
AC 85 7.12318 7.12318 7.12266
OP 86 0.569389 0.650324 0.483217 0.210655 0.344777 0.000100603
AC 86 6.53393 6.53393 6.53339
OP 87 0.591961 0.643488 0.477145 0.219054 0.346677 0.000104258
AC 87 6.94121 6.94121 6.94072
OP 88 0.584523 0.648882 0.468084 0.217113 0.351577 0.000108091
AC 88 8.05706 8.05706 8.05657
OP 89 0.585936 0.650689 0.48248 0.219673 0.343223 0.000101482
AC 89 7.61321 7.61321 7.61267
OP 90 0.569469 0.646465 0.481064 0.213426 0.342246 0.000102101
AC 90 5.5942 5.5942 5.59371
OP 91 0.590354 0.646341 0.478168 0.210945 0.344707 0.000103634
AC 91 6.31875 6.31875 6.31824
OP 92 0.579786 0.651063 0.47609 0.213593 0.347164 0.000104759
AC 92 7.13304 7.13304 7.13252
OP 93 0.575715 0.651349 0.476365 0.212541 0.34659 0.000103954
AC 93 7.26632 7.26632 7.2658
OP 94 0.579297 0.655739 0.484711 0.218345 0.339709 0.000100185
AC 94 8.32666 8.32666 8.32609
OP 95 0.56911 0.656743 0.485781 0.211744 0.342209 9.95466E-05
AC 95 7.01333 7.01333 7.01275
OP 96 0.565764 0.647127 0.467974 0.208437 0.348566 0.00010851
AC 96 7.26812 7.26812 7.26765
OP 97 0.586759 0.651264 0.483094 0.221007 0.344962 0.000100735
AC 97 7.45176 7.45176 7.45121
OP 98 0.591039 0.647387 0.482735 0.215414 0.341876 0.000101537
AC 98 7.29046 7.29046 7.28996
OP 99 0.576658 0.651153 0.483033 0.211374 0.343283 0.000101352
AC 99 5.33563 5.33563 5.3351
OP 100 0.573289 0.63731 0.478117 0.211809 0.346384 0.000104241
AC 100 5.09135 5.09135 5.09088
OP 101 0.585803 0.63284 0.477766 0.215648 0.347602 0.000105042
AC 101 6.07817 6.07817 6.07773
OP 102 0.582779 0.648702 0.490492 0.213892 0.339744 9.7354E-05
AC 102 6.06326 6.06326 6.06271
OP 103 0.568355 0.65216 0.476559 0.209362 0.34608 0.000103591
AC 103 7.26721 7.26721 7.26667
OP 104 0.573043 0.667539 0.491412 0.216006 0.33658 9.65604E-05
AC 104 7.43202 7.43202 7.43135
OP 105 0.59237 0.655647 0.483082 0.222838 0.340825 0.000100926
AC 105 7.91222 7.91222 7.91168
OP 106 0.573042 0.650407 0.48442 0.212891 0.34337 0.000100422
AC 106 6.20357 6.20357 6.20305
OP 107 0.591451 0.639598 0.47116 0.217823 0.348532 0.000107486
AC 107 6.93579 6.93579 6.93535
OP 108 0.56199 0.656913 0.479825 0.20081 0.345706 0.000102269
AC 108 6.70629 6.70629 6.70574
OP 109 0.579594 0.648725 0.477433 0.217116 0.345474 0.000103859
AC 109 7.02833 7.02833 7.02782
OP 110 0.586563 0.654924 0.484138 0.215776 0.342108 9.98394E-05
AC 110 6.53315 6.53315 6.53258
OP 111 0.610444 0.642985 0.472765 0.220187 0.348563 0.000106409
AC 111 7.40496 7.40496 7.40449
OP 112 0.592652 0.655426 0.489875 0.227656 0.338524 9.71711E-05
AC 112 7.42921 7.42921 7.42864
OP 113 0.579054 0.635924 0.478931 0.213412 0.347855 0.000103877
AC 113 5.51518 5.51518 5.51471
OP 114 0.571745 0.640324 0.472624 0.207237 0.348178 0.000106691
AC 114 5.58862 5.58862 5.58816
OP 115 0.576179 0.631777 0.461272 0.201867 0.355884 0.000112745
AC 115 5.33911 5.33911 5.3387
OP 116 0.590197 0.661432 0.478282 0.217836 0.34343 0.00010258
AC 116 8.31494 8.31494 8.31436
OP 117 0.59276 0.658344 0.486889 0.221927 0.341347 9.8945E-05
AC 117 7.44788 7.44788 7.4473
OP 118 0.574633 0.644982 0.4841 0.203623 0.345453 0.000100724
AC 118 5.7674 5.7674 5.76687
OP 119 0.583649 0.660294 0.484555 0.21719 0.341311 0.000100185
AC 119 7.99808 7.99808 7.99749
OP 120 0.564422 0.647869 0.47677 0.207555 0.345879 0.00010414
AC 120 6.6342 6.6342 6.6337
OP 121 0.58414 0.65623 0.483809 0.214189 0.341956 0.000100469
AC 121 7.87185 7.87185 7.87128
OP 122 0.591039 0.655423 0.478923 0.224348 0.343333 0.000102654
AC 122 7.49177 7.49177 7.49124
OP 123 0.585086 0.65218 0.476305 0.21198 0.345177 0.000104252
AC 123 6.54533 6.54533 6.54483
OP 124 0.577857 0.657115 0.478774 0.214498 0.345018 0.000102694
AC 124 7.49539 7.49539 7.49481
OP 125 0.590753 0.647901 0.486269 0.220923 0.341555 0.000100123
AC 125 6.42592 6.42592 6.42541
OP 126 0.578779 0.660915 0.482684 0.215809 0.339093 0.000100833
AC 126 7.71472 7.71472 7.71415
OP 127 0.58455 0.647297 0.474789 0.221078 0.347912 0.000105702
AC 127 7.2143 7.2143 7.21381
OP 128 0.589651 0.656533 0.468353 0.212743 0.349143 0.00010808
AC 128 8.48442 8.48442 8.48389
OP 129 0.601617 0.654021 0.478662 0.223941 0.342365 0.000102654
AC 129 8.80552 8.80552 8.80495
OP 130 0.590003 0.645985 0.482083 0.220957 0.344349 0.000101511
AC 130 7.14611 7.14611 7.14559
OP 131 0.574972 0.648032 0.479114 0.205248 0.346534 0.000102563
AC 131 6.20023 6.20023 6.19969
OP 132 0.585691 0.662477 0.489759 0.222297 0.338438 9.75335E-05
AC 132 7.16614 7.16614 7.16555
OP 133 0.574281 0.653793 0.482952 0.217861 0.343571 0.00010066
AC 133 6.83384 6.83384 6.83328
OP 134 0.574 0.635612 0.478976 0.212478 0.346931 0.000103643
AC 134 5.70731 5.70731 5.70685
OP 135 0.582336 0.645537 0.479144 0.216418 0.340872 0.00010296
AC 135 6.62888 6.62888 6.62838
OP 136 0.583506 0.657004 0.480045 0.216399 0.347473 0.000102111
AC 136 7.20687 7.20687 7.20631
OP 137 0.577205 0.652381 0.486577 0.216343 0.34389 9.9815E-05
AC 137 7.08166 7.08166 7.08113
OP 138 0.584681 0.659492 0.481906 0.213541 0.343641 0.000101005
AC 138 7.12838 7.12838 7.12779
OP 139 0.569431 0.640744 0.475816 0.209718 0.347398 0.000105097
AC 139 4.89068 4.89068 4.8902
OP 140 0.593561 0.642495 0.474087 0.222375 0.346572 0.000105584
AC 140 7.30547 7.30547 7.305
OP 141 0.581501 0.650551 0.486607 0.213643 0.341276 9.91607E-05
AC 141 7.00363 7.00363 7.00307
OP 142 0.588961 0.6384 0.476179 0.21892 0.347411 0.000104735
AC 142 7.35858 7.35858 7.35812
OP 143 0.566907 0.655877 0.486598 0.20644 0.341359 9.91943E-05
AC 143 6.38541 6.38541 6.38479
OP 144 0.573012 0.658942 0.482498 0.213437 0.343487 0.000100943
AC 144 7.41001 7.41001 7.40943
OP 145 0.586424 0.655337 0.482129 0.224902 0.344667 0.000101532
AC 145 7.44731 7.44731 7.44678
OP 146 0.580909 0.652949 0.476078 0.214537 0.344493 0.000104056
AC 146 7.68548 7.68548 7.68493
OP 147 0.602272 0.649585 0.475366 0.223899 0.345519 0.000104626
AC 147 8.54724 8.54724 8.54673
OP 148 0.578744 0.642218 0.476857 0.210023 0.346277 0.000104685
AC 148 6.29413 6.29413 6.29364
OP 149 0.598244 0.640389 0.473987 0.225405 0.346197 0.000106014
AC 149 6.85195 6.85195 6.8515
OP 150 0.605777 0.654547 0.484351 0.227462 0.341362 0.000100167
AC 150 7.43209 7.43209 7.43155
OP 151 0.587481 0.654541 0.481306 0.212325 0.346157 0.000102358
AC 151 7.01581 7.01581 7.01525
OP 152 0.585626 0.639767 0.475425 0.216225 0.34909 0.000105397
AC 152 6.36983 6.36983 6.36937
OP 153 0.575033 0.669241 0.487621 0.221447 0.337589 9.79366E-05
AC 153 8.3381 8.3381 8.33744
OP 154 0.578703 0.642757 0.481127 0.215661 0.343369 0.00010241
AC 154 6.10312 6.10312 6.10264
OP 155 0.585695 0.652661 0.481266 0.210484 0.341619 0.000101866
AC 155 6.57886 6.57886 6.5783
OP 156 0.589254 0.646846 0.479614 0.217106 0.34367 0.000102841
AC 156 6.56162 6.56162 6.56112
OP 157 0.585655 0.651391 0.476111 0.213818 0.342648 0.000104178
AC 157 7.57893 7.57893 7.57839
OP 158 0.590659 0.644775 0.472167 0.222163 0.348868 0.000106264
AC 158 7.5971 7.5971 7.59662
OP 159 0.589574 0.643269 0.472835 0.222117 0.34741 0.000106862
AC 159 7.52066 7.52066 7.52018
OP 160 0.585292 0.642705 0.475712 0.213073 0.347506 0.000105273
AC 160 7.31252 7.31252 7.31204
OP 161 0.583356 0.643848 0.480028 0.221793 0.346029 0.000102834
AC 161 6.8233 6.8233 6.82281
OP 162 0.585031 0.645886 0.483376 0.213973 0.343873 0.00010134
AC 162 5.87864 5.87864 5.87814
OP 163 0.581185 0.644989 0.481132 0.214806 0.344215 0.000102006
AC 163 6.03413 6.03413 6.03362
OP 164 0.574211 0.644688 0.473187 0.205496 0.349191 0.000105941
AC 164 6.95538 6.95538 6.95488
OP 165 0.576166 0.647252 0.473049 0.211912 0.349371 0.000105958
AC 165 7.14433 7.14433 7.14385
OP 166 0.592478 0.656839 0.485645 0.221012 0.342872 9.95093E-05
AC 166 7.53379 7.53379 7.53325
OP 167 0.581385 0.644017 0.4792 0.218479 0.347272 0.000103149
AC 167 6.8637 6.8637 6.8632
OP 168 0.593076 0.642837 0.470517 0.211215 0.3474 0.000107441
AC 168 6.40247 6.40247 6.40201
OP 169 0.578787 0.656794 0.484795 0.21612 0.341434 0.000100085
AC 169 7.1979 7.1979 7.19734
OP 170 0.577156 0.642295 0.477857 0.204741 0.344127 0.000104388
AC 170 4.89855 4.89855 4.89808
OP 171 0.585533 0.649179 0.476139 0.220328 0.350131 0.000105099
AC 171 7.23441 7.23441 7.23393
OP 172 0.568205 0.641204 0.478575 0.203563 0.347805 0.000104332
AC 172 4.81216 4.81216 4.81169
OP 173 0.570486 0.654736 0.480712 0.213411 0.344655 0.000102061
AC 173 7.57943 7.57943 7.57889
OP 174 0.583978 0.648449 0.478593 0.214043 0.34327 0.000103199
AC 174 6.85742 6.85742 6.8569
OP 175 0.58291 0.634008 0.465146 0.21332 0.35249 0.000110497
AC 175 5.82003 5.82003 5.8196
OP 176 0.591748 0.651528 0.487757 0.219387 0.343191 9.85902E-05
AC 176 7.01079 7.01079 7.01022
OP 177 0.585437 0.641999 0.467205 0.21136 0.350699 0.000108972
AC 177 7.29479 7.29479 7.29431
OP 178 0.593594 0.651402 0.480646 0.22713 0.342409 0.000102091
AC 178 7.85586 7.85586 7.85532
OP 179 0.583927 0.65013 0.479775 0.224676 0.344639 0.000102814
AC 179 7.59972 7.59972 7.59921
OP 180 0.569519 0.647867 0.478165 0.213325 0.347403 0.000103443
AC 180 7.39319 7.39319 7.39266
OP 181 0.571988 0.673251 0.487359 0.220112 0.339376 9.75578E-05
AC 181 8.5833 8.5833 8.58261
OP 182 0.576204 0.65166 0.473992 0.21713 0.349288 0.000105204
AC 182 7.33767 7.33767 7.3372
OP 183 0.576781 0.65631 0.482899 0.210803 0.340407 0.000101217
AC 183 7.30074 7.30074 7.30011
OP 184 0.591019 0.650566 0.473715 0.219473 0.345852 0.000105437
AC 184 7.15823 7.15823 7.15771
OP 185 0.591045 0.636253 0.471578 0.205617 0.349775 0.000107406
AC 185 6.05931 6.05931 6.05886
OP 186 0.602119 0.64864 0.468399 0.216428 0.351919 0.000108839
AC 186 7.85468 7.85468 7.85421
OP 187 0.567512 0.657409 0.478624 0.209832 0.344016 0.000102991
AC 187 7.53191 7.53191 7.53135
OP 188 0.586084 0.639712 0.471674 0.215217 0.347444 0.000107492
AC 188 6.71012 6.71012 6.70966
OP 189 0.579096 0.640504 0.468604 0.210594 0.35301 0.000108145
AC 189 6.0199 6.0199 6.01943
OP 190 0.581731 0.650609 0.481685 0.208974 0.343838 0.000101806
AC 190 6.10321 6.10321 6.10267
OP 191 0.589471 0.666679 0.484327 0.22679 0.338495 9.92932E-05
AC 191 8.27043 8.27043 8.26981
OP 192 0.573691 0.654179 0.47966 0.21931 0.344472 0.00010218
AC 192 7.86297 7.86297 7.8624
OP 193 0.584104 0.64161 0.478498 0.20834 0.349147 0.000103978
AC 193 4.84395 4.84395 4.84345
OP 194 0.579819 0.641794 0.467061 0.208289 0.348832 0.000109196
AC 194 6.47201 6.47201 6.47156
OP 195 0.577259 0.651998 0.482789 0.214073 0.345229 0.000101598
AC 195 6.45138 6.45138 6.45087
OP 196 0.586829 0.631722 0.477851 0.214282 0.347948 0.000104341
AC 196 5.38003 5.38003 5.37957
OP 197 0.578807 0.643619 0.469308 0.200848 0.35238 0.000108326
AC 197 6.01757 6.01757 6.01709
OP 198 0.570012 0.666441 0.486269 0.214732 0.341838 9.89905E-05
AC 198 7.91483 7.91483 7.91423
OP 199 0.599606 0.650002 0.477183 0.221168 0.3461 0.00010404
AC 199 8.15437 8.15437 8.15385
OP 200 0.585246 0.634566 0.473813 0.209269 0.34612 0.000106453
AC 200 6.05895 6.05895 6.05851
OP 201 0.594606 0.643935 0.472391 0.21587 0.346243 0.000106808
AC 201 6.72306 6.72306 6.72261
OP 202 0.570355 0.642806 0.481217 0.208227 0.344018 0.000101964
AC 202 5.2772 5.2772 5.27671
OP 203 0.56449 0.647943 0.478248 0.208332 0.343697 0.000103626
AC 203 5.96556 5.96556 5.96504
OP 204 0.580722 0.643003 0.481059 0.204706 0.34361 0.000102371
AC 204 5.27718 5.27718 5.27668
OP 205 0.580387 0.653268 0.488955 0.217193 0.339675 9.78791E-05
AC 205 7.01743 7.01743 7.01684
OP 206 0.582822 0.64082 0.469777 0.217187 0.351748 0.000107797
AC 206 7.2408 7.2408 7.24034
OP 207 0.572646 0.660253 0.47583 0.207721 0.347547 0.000104071
AC 207 7.55821 7.55821 7.55765
OP 208 0.59006 0.652839 0.477209 0.222084 0.345982 0.000104056
AC 208 8.29967 8.29967 8.29915
OP 209 0.577768 0.641149 0.473243 0.217362 0.348619 0.000106126
AC 209 6.39289 6.39289 6.39244
OP 210 0.597608 0.65486 0.484239 0.216747 0.344046 0.000100515
AC 210 7.18264 7.18264 7.18205
OP 211 0.576149 0.655211 0.482324 0.219787 0.343581 0.000100906
AC 211 7.70578 7.70578 7.70521
OP 212 0.576725 0.647764 0.480536 0.209661 0.343899 0.000102372
AC 212 6.32633 6.32633 6.3258
OP 213 0.587628 0.650314 0.479465 0.212539 0.342761 0.000102965
AC 213 7.21932 7.21932 7.21879
OP 214 0.57896 0.649177 0.480132 0.210066 0.34632 0.000102572
AC 214 6.39313 6.39313 6.3926
OP 215 0.577486 0.647764 0.48434 0.215195 0.343378 0.000100666
AC 215 5.5976 5.5976 5.59709
OP 216 0.570401 0.650775 0.484126 0.206426 0.343333 0.000100881
AC 216 7.0993 7.0993 7.09874
OP 217 0.584363 0.629789 0.460494 0.21338 0.354578 0.000112931
AC 217 6.37818 6.37818 6.37779
OP 218 0.577926 0.63383 0.476905 0.207399 0.347445 0.000105403
AC 218 4.64067 4.64067 4.64023
OP 219 0.584153 0.649979 0.472352 0.219811 0.347127 0.000106726
AC 219 7.22628 7.22628 7.22579
OP 220 0.576617 0.649749 0.482655 0.214248 0.341444 0.000100908
AC 220 5.48912 5.48912 5.48861
OP 221 0.577379 0.644156 0.479516 0.212455 0.344221 0.000102944
AC 221 6.9522 6.9522 6.95169
OP 222 0.571515 0.647979 0.47317 0.205386 0.348299 0.000106036
AC 222 6.53549 6.53549 6.53499
OP 223 0.58154 0.645255 0.477097 0.215264 0.346798 0.00010419
AC 223 7.32438 7.32438 7.32389
OP 224 0.5834 0.64636 0.472964 0.219664 0.347276 0.000106099
AC 224 6.9509 6.9509 6.95044
OP 225 0.591825 0.655074 0.483591 0.226724 0.341709 0.000100288
AC 225 7.96751 7.96751 7.96696
OP 226 0.595674 0.642314 0.475095 0.21896 0.347157 0.000105643
AC 226 7.12522 7.12522 7.12477
OP 227 0.596656 0.644015 0.474127 0.217173 0.348077 0.000105592
AC 227 7.30467 7.30467 7.30418
OP 228 0.570674 0.660466 0.479105 0.211586 0.346592 0.000102966
AC 228 6.95484 6.95484 6.95426
OP 229 0.589154 0.652367 0.47602 0.219026 0.345825 0.000104553
AC 229 7.88325 7.88325 7.88273
OP 230 0.57997 0.639008 0.482715 0.214356 0.344115 0.000102047
AC 230 5.29707 5.29707 5.29661
OP 231 0.582029 0.657522 0.485592 0.215717 0.342741 9.99975E-05
AC 231 7.40499 7.40499 7.40442
OP 232 0.583825 0.640709 0.473986 0.219082 0.346169 0.000105799
AC 232 6.47998 6.47998 6.47951
OP 233 0.585724 0.64622 0.474636 0.217047 0.347746 0.000105346
AC 233 7.73203 7.73203 7.73153
OP 234 0.564685 0.652831 0.488811 0.207324 0.340746 9.82849E-05
AC 234 6.2382 6.2382 6.23763
OP 235 0.574283 0.651352 0.477629 0.210139 0.343742 0.000103645
AC 235 6.91773 6.91773 6.91718
OP 236 0.566507 0.647565 0.47184 0.202744 0.349512 0.000106928
AC 236 6.2978 6.2978 6.29731
OP 237 0.589985 0.647918 0.477478 0.223754 0.344793 0.000103583
AC 237 6.74269 6.74269 6.74217
OP 238 0.593178 0.648537 0.48649 0.223742 0.341185 0.000100095
AC 238 7.52718 7.52718 7.52665
OP 239 0.591942 0.654669 0.475067 0.225135 0.344726 0.000104605
AC 239 8.84018 8.84018 8.83965
OP 240 0.589252 0.639039 0.471737 0.213726 0.348108 0.000107152
AC 240 6.23443 6.23443 6.23396
OP 241 0.589238 0.649278 0.480892 0.224775 0.342205 0.00010222
AC 241 7.2722 7.2722 7.27171
OP 242 0.577915 0.653522 0.493538 0.215528 0.340218 9.63763E-05
AC 242 6.06654 6.06654 6.06599
OP 243 0.580314 0.638958 0.481721 0.207593 0.343482 0.000102279
AC 243 5.63974 5.63974 5.63924
OP 244 0.576557 0.647937 0.483455 0.208395 0.342599 0.000100611
AC 244 5.88305 5.88305 5.8825
OP 245 0.57645 0.644936 0.484166 0.207398 0.34216 0.000100616
AC 245 5.58668 5.58668 5.58613
OP 246 0.569063 0.654969 0.478474 0.214215 0.344823 0.000102758
AC 246 7.76863 7.76863 7.76807
OP 247 0.590403 0.646529 0.48462 0.21263 0.342797 0.000100655
AC 247 5.95544 5.95544 5.95493
OP 248 0.57133 0.655066 0.485837 0.20981 0.341663 9.93268E-05
AC 248 6.10516 6.10516 6.10457
OP 249 0.583625 0.647796 0.480176 0.214232 0.345883 0.000102703
AC 249 7.53358 7.53358 7.53305
OP 250 0.580724 0.653692 0.478471 0.20899 0.344224 0.000102416
AC 250 7.82071 7.82071 7.82014
OP 251 0.580435 0.654863 0.487258 0.212686 0.342974 9.89096E-05
AC 251 7.52428 7.52428 7.52371
OP 252 0.586406 0.644034 0.466437 0.214138 0.350959 0.000109431
AC 252 7.70621 7.70621 7.70576
OP 253 0.596227 0.655864 0.482799 0.226011 0.343215 0.000100989
AC 253 8.02551 8.02551 8.02495
OP 254 0.582755 0.652496 0.487455 0.211558 0.34075 9.90293E-05
AC 254 5.59816 5.59816 5.59759
OP 255 0.583264 0.651846 0.48876 0.214125 0.340338 9.85405E-05
AC 255 6.70984 6.70984 6.70931
OP 256 0.585528 0.641674 0.470457 0.21273 0.350343 0.000107697
AC 256 6.71749 6.71749 6.71702
OP 257 0.572176 0.645621 0.47753 0.208308 0.345423 0.000104207
AC 257 5.91319 5.91319 5.91271
OP 258 0.579616 0.638409 0.47147 0.208906 0.349883 0.000107607
AC 258 5.78065 5.78065 5.78021
OP 259 0.57407 0.656848 0.478749 0.211071 0.348237 0.000102885
AC 259 7.20846 7.20846 7.20792
OP 260 0.574029 0.652964 0.481768 0.218124 0.3434 0.000101421
AC 260 7.1918 7.1918 7.19126
OP 261 0.568791 0.644069 0.476167 0.209316 0.347405 0.000104458
AC 261 5.36185 5.36185 5.36139
OP 262 0.591622 0.640459 0.471495 0.21424 0.350018 0.000107221
AC 262 7.039 7.039 7.03851
OP 263 0.600003 0.645522 0.482104 0.218816 0.343298 0.000101254
AC 263 6.58502 6.58502 6.58449
OP 264 0.58027 0.648659 0.476003 0.21406 0.346438 0.00010471
AC 264 7.50629 7.50629 7.50577
OP 265 0.583541 0.652473 0.469552 0.211663 0.347953 0.000107603
AC 265 7.31975 7.31975 7.31924
OP 266 0.596919 0.644343 0.47866 0.223251 0.342561 0.00010363
AC 266 6.7323 6.7323 6.7318
OP 267 0.578084 0.647318 0.481118 0.213908 0.343962 0.000102429
AC 267 6.94244 6.94244 6.94194
OP 268 0.572418 0.659505 0.481789 0.216499 0.343459 0.000101003
AC 268 7.3315 7.3315 7.33094
OP 269 0.578949 0.633987 0.469748 0.214858 0.34816 0.000108334
AC 269 5.92049 5.92049 5.92007
OP 270 0.590181 0.658028 0.47968 0.217951 0.342682 0.000101912
AC 270 8.06937 8.06937 8.06881
OP 271 0.57999 0.640507 0.476126 0.214477 0.347099 0.000105356
AC 271 5.90576 5.90576 5.90531
OP 272 0.572239 0.656515 0.484072 0.209484 0.342359 9.98388E-05
AC 272 6.19745 6.19745 6.19687
OP 273 0.576589 0.645508 0.477005 0.212424 0.345797 0.000104363
AC 273 7.08616 7.08616 7.08567
OP 274 0.570842 0.648755 0.482972 0.210094 0.345505 0.000101152
AC 274 5.59268 5.59268 5.59213
OP 275 0.585332 0.643614 0.472331 0.209675 0.347223 0.000106703
AC 275 5.48259 5.48259 5.48209
OP 276 0.58068 0.650531 0.479191 0.21725 0.345111 0.00010298
AC 276 6.77489 6.77489 6.77439
OP 277 0.582013 0.642398 0.477631 0.212171 0.345778 0.000103979
AC 277 5.51484 5.51484 5.51436
OP 278 0.58103 0.642013 0.4759 0.212719 0.347775 0.000105075
AC 278 6.44257 6.44257 6.44208
OP 279 0.589856 0.638632 0.467646 0.21143 0.349267 0.000109195
AC 279 6.87115 6.87115 6.87071
OP 280 0.587382 0.660216 0.48798 0.219883 0.338495 9.81686E-05
AC 280 7.22475 7.22475 7.22416
OP 281 0.586838 0.644708 0.473831 0.2165 0.347296 0.000105608
AC 281 7.38964 7.38964 7.38915
OP 282 0.586966 0.659993 0.488151 0.227594 0.339868 9.79326E-05
AC 282 7.56303 7.56303 7.56244
OP 283 0.574959 0.661342 0.478854 0.221514 0.345552 0.00010261
AC 283 8.00736 8.00736 8.0068
OP 284 0.571216 0.647905 0.475432 0.206715 0.347019 0.000104974
AC 284 6.92521 6.92521 6.92471
OP 285 0.588567 0.645045 0.48228 0.213484 0.34549 0.000101814
AC 285 6.88917 6.88917 6.88866
OP 286 0.572548 0.645937 0.477918 0.212305 0.345218 0.000103545
AC 286 6.88883 6.88883 6.88834
OP 287 0.580511 0.641378 0.473641 0.211811 0.347188 0.000106081
AC 287 6.83629 6.83629 6.83582
OP 288 0.579399 0.629862 0.474672 0.209965 0.349442 0.000106166
AC 288 4.65934 4.65934 4.65892
OP 289 0.57632 0.65847 0.475985 0.219509 0.344281 0.000103937
AC 289 7.55179 7.55179 7.55125
OP 290 0.582255 0.650519 0.480657 0.215894 0.342659 0.000102216
AC 290 7.56535 7.56535 7.56483
OP 291 0.581409 0.647581 0.4774 0.209952 0.347718 0.000104506
AC 291 6.47895 6.47895 6.47845
OP 292 0.584956 0.641694 0.481845 0.210891 0.34202 0.000101968
AC 292 4.8397 4.8397 4.8392
OP 293 0.578989 0.63836 0.482089 0.213384 0.345213 0.000102314
AC 293 5.93474 5.93474 5.93428
OP 294 0.564365 0.660953 0.484884 0.21142 0.341359 9.99725E-05
AC 294 7.78014 7.78014 7.77957
OP 295 0.564256 0.655477 0.490359 0.208407 0.341955 9.69878E-05
AC 295 6.42661 6.42661 6.426
OP 296 0.583176 0.643638 0.469524 0.210477 0.348766 0.000107461
AC 296 7.53927 7.53927 7.53879
OP 297 0.579348 0.659215 0.47845 0.212037 0.341953 0.000102962
AC 297 8.60221 8.60221 8.60164
OP 298 0.558883 0.650687 0.482751 0.200171 0.344747 0.000101187
AC 298 6.17987 6.17987 6.1793
OP 299 0.590448 0.636216 0.47418 0.211358 0.346333 0.000105719
AC 299 6.39423 6.39423 6.39378
