OP 0 0.595137 0.598048 0.427548 0.180699 0.362418 0.000106512
AC 0 6.4594 6.4594 6.45885
OP 1 0.591596 0.592648 0.412868 0.179352 0.368071 0.000115235
AC 1 7.10809 7.10809 7.10762
OP 2 0.592661 0.601455 0.427025 0.184059 0.360262 0.00010634
AC 2 7.13705 7.13705 7.13648
OP 3 0.57771 0.595605 0.423262 0.169906 0.362082 0.000108813
AC 3 6.16255 6.16255 6.16202
OP 4 0.581258 0.605912 0.42935 0.181876 0.362205 0.000105029
AC 4 7.38195 7.38195 7.38135
OP 5 0.584056 0.59773 0.427956 0.174498 0.360657 0.000106004
AC 5 6.43369 6.43369 6.43312
OP 6 0.575492 0.603122 0.42636 0.170506 0.360917 0.000106485
AC 6 5.51169 5.51169 5.51112
OP 7 0.592979 0.605668 0.419428 0.18114 0.366498 0.000110096
AC 7 7.36554 7.36554 7.36496
OP 8 0.585003 0.607692 0.429809 0.176148 0.360167 0.000104515
AC 8 7.68436 7.68436 7.68375
OP 9 0.588959 0.580572 0.410235 0.174338 0.369148 0.000117503
AC 9 5.44814 5.44814 5.44772
OP 10 0.580732 0.590126 0.415849 0.16819 0.369606 0.00011338
AC 10 5.79465 5.79465 5.79415
OP 11 0.586624 0.600997 0.415705 0.181329 0.366676 0.000112309
AC 11 7.63708 7.63708 7.63653
OP 12 0.58341 0.58097 0.409334 0.16951 0.372758 0.000117782
AC 12 5.7534 5.7534 5.75296
OP 13 0.588206 0.585953 0.416313 0.169413 0.368054 0.000113792
AC 13 5.31445 5.31445 5.314
OP 14 0.588104 0.60354 0.431168 0.176308 0.362116 0.000103817
AC 14 6.06993 6.06993 6.06935
OP 15 0.567503 0.600368 0.426003 0.167904 0.3668 0.000107031
AC 15 6.23106 6.23106 6.23052
OP 16 0.580525 0.597575 0.415792 0.177165 0.365775 0.000113035
AC 16 6.87933 6.87933 6.87881
OP 17 0.594797 0.593631 0.421128 0.180473 0.364439 0.000110254
AC 17 6.35593 6.35593 6.35542
OP 18 0.592832 0.590251 0.416886 0.171648 0.368271 0.000113265
AC 18 6.35656 6.35656 6.35604
OP 19 0.590025 0.595512 0.418246 0.179219 0.368975 0.000111315
AC 19 7.09073 7.09073 7.09019
OP 20 0.585147 0.610219 0.419799 0.179535 0.364499 0.000109911
AC 20 8.08387 8.08387 8.08329
OP 21 0.581026 0.582741 0.412326 0.172393 0.366908 0.000116051
AC 21 5.78734 5.78734 5.78689
OP 22 0.594151 0.584036 0.414451 0.178242 0.368662 0.000114945
AC 22 5.98359 5.98359 5.98313
OP 23 0.5754 0.596748 0.42635 0.166925 0.363637 0.000106899
AC 23 6.04905 6.04905 6.04851
OP 24 0.582356 0.596358 0.416064 0.169892 0.367667 0.000113421
AC 24 6.7051 6.7051 6.7046
OP 25 0.592746 0.595845 0.415332 0.184189 0.368168 0.000113934
AC 25 6.77802 6.77802 6.77755
OP 26 0.589703 0.605035 0.424549 0.187318 0.361778 0.000106982
AC 26 7.76087 7.76087 7.76025
OP 27 0.582418 0.60674 0.432089 0.180692 0.360732 0.000102854
AC 27 7.4328 7.4328 7.43218
OP 28 0.590003 0.598104 0.427322 0.175176 0.362568 0.000106356
AC 28 7.10637 7.10637 7.10581
OP 29 0.583211 0.591707 0.421876 0.175139 0.366674 0.00011008
AC 29 5.89926 5.89926 5.89875
OP 30 0.578012 0.591825 0.401506 0.174711 0.373114 0.000121895
AC 30 6.39547 6.39547 6.39501
OP 31 0.578112 0.597141 0.419292 0.169487 0.366543 0.000110789
AC 31 6.5414 6.5414 6.54086
OP 32 0.589229 0.588355 0.413579 0.172518 0.367487 0.000114476
AC 32 5.59915 5.59915 5.59868
OP 33 0.579566 0.585567 0.419649 0.174142 0.365404 0.000111516
AC 33 5.73202 5.73202 5.73155
OP 34 0.588296 0.607983 0.423219 0.17999 0.363077 0.00010801
AC 34 7.72943 7.72943 7.7288
OP 35 0.584649 0.607316 0.428467 0.176611 0.360681 0.000104946
AC 35 7.61408 7.61408 7.61348
OP 36 0.573423 0.617507 0.430742 0.176481 0.361422 0.000103187
AC 36 8.15688 8.15688 8.15618
OP 37 0.592322 0.604869 0.420811 0.182715 0.364019 0.000109195
AC 37 8.22525 8.22525 8.22463
OP 38 0.584253 0.606355 0.430487 0.17556 0.364134 0.000104253
AC 38 6.84583 6.84583 6.84523
OP 39 0.590074 0.598739 0.414308 0.173748 0.367745 0.000113992
AC 39 7.00361 7.00361 7.0031
OP 40 0.578942 0.59638 0.412584 0.171585 0.37109 0.000115515
AC 40 6.78566 6.78566 6.78516
OP 41 0.578394 0.597657 0.428936 0.177043 0.360119 0.000105348
AC 41 6.56858 6.56858 6.56802
OP 42 0.579151 0.597595 0.431031 0.182856 0.363918 0.000104517
AC 42 6.06732 6.06732 6.06677
OP 43 0.575244 0.602673 0.424356 0.172658 0.363932 0.000107626
AC 43 7.43822 7.43822 7.43763
OP 44 0.574368 0.603985 0.424971 0.176002 0.362691 0.000107684
AC 44 7.50605 7.50605 7.50546
OP 45 0.589772 0.595182 0.421798 0.168438 0.363432 0.000109732
AC 45 5.56214 5.56214 5.56161
OP 46 0.573652 0.598753 0.419304 0.181973 0.368389 0.000110753
AC 46 6.53362 6.53362 6.53313
OP 47 0.582949 0.604289 0.427446 0.177458 0.359638 0.000105993
AC 47 7.39495 7.39495 7.39438
OP 48 0.590489 0.592841 0.416259 0.171252 0.367516 0.000112623
AC 48 6.90082 6.90082 6.90027
OP 49 0.565282 0.60485 0.436597 0.167429 0.358051 0.000100431
AC 49 6.06066 6.06066 6.06001
OP 50 0.578345 0.60344 0.42487 0.178888 0.363108 0.000107575
AC 50 6.76399 6.76399 6.76342
OP 51 0.574403 0.596847 0.421388 0.178263 0.367271 0.000109611
AC 51 6.5649 6.5649 6.56437
OP 52 0.597548 0.581569 0.4099 0.175964 0.368746 0.000118131
AC 52 6.50222 6.50222 6.50178
OP 53 0.589548 0.578621 0.415861 0.169126 0.366675 0.000114352
AC 53 4.47725 4.47725 4.4768
OP 54 0.577993 0.588972 0.427075 0.172488 0.364123 0.000107523
AC 54 4.75722 4.75722 4.75675
OP 55 0.577242 0.589987 0.423643 0.170379 0.366472 0.000109497
AC 55 5.32784 5.32784 5.32736
OP 56 0.581105 0.605848 0.42614 0.174016 0.364761 0.000106488
AC 56 6.91893 6.91893 6.91834
OP 57 0.577279 0.601745 0.418623 0.172328 0.366231 0.000110941
AC 57 7.04186 7.04186 7.04132
OP 58 0.569572 0.606163 0.428198 0.170694 0.361287 0.000105334
AC 58 5.90585 5.90585 5.90527
OP 59 0.595994 0.595223 0.415796 0.171367 0.36915 0.000113386
AC 59 7.41548 7.41548 7.41496
OP 60 0.573845 0.609915 0.421164 0.173014 0.365663 0.000109472
AC 60 7.60671 7.60671 7.60614
OP 61 0.5898 0.599122 0.433334 0.176787 0.361699 0.000102874
AC 61 6.22506 6.22506 6.22446
OP 62 0.571756 0.616377 0.436844 0.184688 0.356057 9.91623E-05
AC 62 7.12699 7.12699 7.12626
OP 63 0.583833 0.60226 0.41759 0.177112 0.369255 0.000111434
AC 63 7.61331 7.61331 7.61276
OP 64 0.576034 0.596526 0.416156 0.173416 0.371681 0.00011326
AC 64 6.79673 6.79673 6.79623
OP 65 0.587236 0.59391 0.410918 0.169482 0.370032 0.000116385
AC 65 5.76467 5.76467 5.76418
OP 66 0.585761 0.585345 0.413807 0.172738 0.368603 0.000114657
AC 66 5.71922 5.71922 5.71875
OP 67 0.570722 0.609755 0.434938 0.175279 0.358279 0.000101059
AC 67 6.44664 6.44664 6.44604
OP 68 0.599584 0.59799 0.423836 0.182607 0.364167 0.000108737
AC 68 6.77179 6.77179 6.77124
OP 69 0.583467 0.593529 0.41807 0.179708 0.368328 0.000112207
AC 69 6.41473 6.41473 6.41424
OP 70 0.573699 0.58824 0.408711 0.171529 0.373002 0.000118202
AC 70 6.36836 6.36836 6.36791
OP 71 0.597271 0.589928 0.419465 0.181541 0.362156 0.000111207
AC 71 5.88153 5.88153 5.88105
OP 72 0.58173 0.60122 0.417686 0.17603 0.366641 0.000112479
AC 72 7.09817 7.09817 7.09764
OP 73 0.595698 0.615095 0.425787 0.182248 0.363518 0.000106178
AC 73 8.43781 8.43781 8.43715
OP 74 0.57554 0.61215 0.421251 0.181022 0.364138 0.000109146
AC 74 7.74402 7.74402 7.74341
OP 75 0.559623 0.609221 0.426468 0.171325 0.365057 0.000106582
AC 75 6.23692 6.23692 6.23635
OP 76 0.579815 0.596323 0.42882 0.176494 0.361405 0.000105873
AC 76 6.54732 6.54732 6.54678
OP 77 0.593606 0.589861 0.415968 0.178142 0.369425 0.000113275
AC 77 5.45133 5.45133 5.45085
OP 78 0.586978 0.606887 0.439465 0.176351 0.359097 9.91701E-05
AC 78 6.95488 6.95488 6.95421
OP 79 0.579863 0.585036 0.412864 0.173771 0.368995 0.000115965
AC 79 5.3445 5.3445 5.34408
OP 80 0.586264 0.602574 0.423364 0.171044 0.36355 0.000108464
AC 80 5.77723 5.77723 5.77666
OP 81 0.602503 0.594836 0.423567 0.181313 0.363558 0.000108755
AC 81 6.35917 6.35917 6.35865
OP 82 0.589317 0.598235 0.416873 0.176 0.367221 0.000112629
AC 82 6.99056 6.99056 6.99004
OP 83 0.578162 0.594506 0.408381 0.167317 0.369554 0.000117716
AC 83 6.79088 6.79088 6.79041
OP 84 0.57091 0.604213 0.417281 0.169724 0.366757 0.000111758
AC 84 7.1499 7.1499 7.14933
OP 85 0.582612 0.613134 0.427501 0.178099 0.361403 0.000105549
AC 85 8.28665 8.28665 8.28597
OP 86 0.59995 0.59532 0.425758 0.178411 0.364986 0.000107224
AC 86 6.93496 6.93496 6.93441
OP 87 0.590599 0.604407 0.419297 0.178358 0.365381 0.000110666
AC 87 7.53554 7.53554 7.53495
OP 88 0.605227 0.596976 0.429206 0.188599 0.359683 0.000105006
AC 88 6.43994 6.43994 6.43939
OP 89 0.592707 0.598418 0.427966 0.173954 0.3627 0.000106028
AC 89 6.33406 6.33406 6.33351
OP 90 0.577998 0.599945 0.422211 0.179029 0.366799 0.000109587
AC 90 6.84719 6.84719 6.84667
OP 91 0.583846 0.603651 0.427285 0.178 0.362268 0.0001061
AC 91 7.25063 7.25063 7.25004
OP 92 0.585463 0.596866 0.413979 0.171566 0.36937 0.000113775
AC 92 7.24489 7.24489 7.24435
OP 93 0.593806 0.602369 0.429867 0.182611 0.360394 0.000104571
AC 93 6.99404 6.99404 6.99347
OP 94 0.569318 0.619159 0.43192 0.174634 0.360521 0.000102142
AC 94 7.87485 7.87485 7.87416
OP 95 0.575702 0.604396 0.417857 0.17475 0.366493 0.000111549
AC 95 7.35754 7.35754 7.357
OP 96 0.592082 0.605869 0.427728 0.182819 0.360632 0.000105302
AC 96 7.27828 7.27828 7.27767
OP 97 0.599315 0.600212 0.426976 0.190859 0.360063 0.000106148
AC 97 7.14806 7.14806 7.14751
OP 98 0.586318 0.592555 0.424984 0.174427 0.363302 0.000107774
AC 98 5.86799 5.86799 5.86746
OP 99 0.579318 0.599935 0.429118 0.176868 0.36308 0.000104989
AC 99 7.09007 7.09007 7.08951
OP 100 0.588742 0.590927 0.416906 0.176292 0.367273 0.000112661
AC 100 6.48836 6.48836 6.48785
OP 101 0.576304 0.593859 0.423386 0.16467 0.365111 0.000109188
AC 101 4.93404 4.93404 4.93353
OP 102 0.586874 0.596195 0.437065 0.177703 0.357752 0.000100651
AC 102 4.68181 4.68181 4.68123
OP 103 0.580669 0.5939 0.415515 0.172489 0.36598 0.00011323
AC 103 6.02494 6.02494 6.02445
OP 104 0.580313 0.603849 0.42971 0.172767 0.363441 0.000104317
AC 104 5.86236 5.86236 5.86176
OP 105 0.589251 0.591336 0.416435 0.178617 0.372204 0.000113242
AC 105 6.50175 6.50175 6.50125
OP 106 0.582903 0.587951 0.429199 0.167958 0.361664 0.00010623
AC 106 3.75277 3.75277 3.75228
OP 107 0.591773 0.593239 0.416052 0.184785 0.366657 0.000113473
AC 107 7.07 7.07 7.06951
OP 108 0.569568 0.597383 0.421897 0.170531 0.365457 0.00010991
AC 108 5.38434 5.38434 5.38382
OP 109 0.593194 0.598092 0.420602 0.173812 0.362624 0.000109616
AC 109 6.22935 6.22935 6.2288
OP 110 0.582434 0.60065 0.424251 0.176144 0.361788 0.000107741
AC 110 6.99986 6.99986 6.99927
OP 111 0.588866 0.589622 0.4168 0.182544 0.367535 0.000112511
AC 111 5.6084 5.6084 5.60792
OP 112 0.591035 0.602388 0.431269 0.176734 0.361245 0.000103855
AC 112 6.87133 6.87133 6.87073
OP 113 0.59101 0.6101 0.427444 0.186888 0.362074 0.00010571
AC 113 8.09143 8.09143 8.09077
OP 114 0.581799 0.592642 0.41057 0.17254 0.369487 0.000116532
AC 114 5.94179 5.94179 5.94131
OP 115 0.577633 0.626042 0.43885 0.179721 0.352228 9.82293E-05
AC 115 8.18217 8.18217 8.18137
OP 116 0.582921 0.595566 0.412113 0.176978 0.364955 0.000115377
AC 116 7.1147 7.1147 7.11421
OP 117 0.590062 0.598573 0.427664 0.178306 0.359629 0.000105948
AC 117 5.53605 5.53605 5.53547
OP 118 0.584084 0.594452 0.418308 0.177663 0.366478 0.000112031
AC 118 5.86198 5.86198 5.86149
OP 119 0.586252 0.619949 0.428496 0.182898 0.358774 0.000103739
AC 119 9.05036 9.05036 9.04961
OP 120 0.587723 0.579382 0.425064 0.168751 0.366351 0.000109124
AC 120 4.2696 4.2696 4.26915
OP 121 0.591074 0.605105 0.42465 0.181889 0.360342 0.000107359
AC 121 7.51678 7.51678 7.51618
OP 122 0.590891 0.608969 0.417289 0.190244 0.366993 0.000111526
AC 122 7.73091 7.73091 7.73034
OP 123 0.587135 0.597409 0.420616 0.169052 0.366461 0.000110325
AC 123 6.22842 6.22842 6.22787
OP 124 0.582829 0.604239 0.432321 0.178165 0.359601 0.000103015
AC 124 6.83918 6.83918 6.83859
OP 125 0.57219 0.598328 0.430735 0.178018 0.36142 0.000104232
AC 125 6.35318 6.35318 6.35258
OP 126 0.572801 0.594376 0.425989 0.17683 0.364101 0.000107104
AC 126 5.88205 5.88205 5.8815
OP 127 0.583229 0.599715 0.416983 0.17348 0.366408 0.000112161
AC 127 6.63917 6.63917 6.63867
OP 128 0.591806 0.596982 0.41019 0.175845 0.370191 0.00011651
AC 128 7.35648 7.35648 7.35598
OP 129 0.572571 0.599075 0.419703 0.185986 0.368088 0.000110126
AC 129 6.64578 6.64578 6.64523
OP 130 0.588093 0.597612 0.41909 0.171477 0.36812 0.000111118
AC 130 6.68731 6.68731 6.68677
OP 131 0.584574 0.601401 0.431214 0.17064 0.363668 0.000103965
AC 131 6.26019 6.26019 6.25962
OP 132 0.594817 0.600403 0.419159 0.17606 0.364938 0.000111127
AC 132 7.37811 7.37811 7.37756
OP 133 0.584873 0.597505 0.4215 0.179769 0.36431 0.000109643
AC 133 6.85366 6.85366 6.85312
OP 134 0.585826 0.58806 0.421767 0.176115 0.364095 0.000110954
AC 134 5.21429 5.21429 5.21382
OP 135 0.586378 0.603838 0.427171 0.181955 0.35986 0.000105605
AC 135 7.40575 7.40575 7.40512
OP 136 0.588596 0.598982 0.419689 0.175377 0.367445 0.000110956
AC 136 6.45047 6.45047 6.44996
OP 137 0.574971 0.592983 0.42409 0.170509 0.365719 0.000108645
AC 137 5.17618 5.17618 5.17566
OP 138 0.576247 0.59764 0.423215 0.177576 0.366137 0.000108712
AC 138 6.11643 6.11643 6.11591
OP 139 0.596094 0.616998 0.424787 0.188964 0.36335 0.000106698
AC 139 8.95057 8.95057 8.94989
OP 140 0.585727 0.612058 0.426702 0.182565 0.362042 0.000105862
AC 140 7.73815 7.73815 7.7375
OP 141 0.58406 0.592119 0.418692 0.173442 0.366944 0.000112105
AC 141 6.67522 6.67522 6.67471
OP 142 0.582327 0.597901 0.419232 0.168436 0.365769 0.000110911
AC 142 6.41099 6.41099 6.41044
OP 143 0.579676 0.601659 0.432702 0.173529 0.359923 0.00010295
AC 143 6.76373 6.76373 6.76312
OP 144 0.569915 0.604507 0.417985 0.172549 0.36616 0.000111446
AC 144 8.18038 8.18038 8.17978
OP 145 0.5761 0.623314 0.434095 0.177802 0.360497 0.000100771
AC 145 8.13329 8.13329 8.13255
OP 146 0.581196 0.597844 0.423926 0.177704 0.363913 0.000108147
AC 146 6.49351 6.49351 6.49298
OP 147 0.588832 0.594672 0.413099 0.175268 0.369 0.000115031
AC 147 8.02093 8.02093 8.02043
OP 148 0.580258 0.582635 0.408467 0.168924 0.372379 0.000118549
AC 148 5.26037 5.26037 5.25993
OP 149 0.585855 0.600881 0.425292 0.179056 0.364309 0.000107155
AC 149 6.62132 6.62132 6.62076
OP 150 0.576891 0.600248 0.42615 0.171611 0.363007 0.00010687
AC 150 6.50454 6.50454 6.50395
OP 151 0.580063 0.58733 0.418751 0.170007 0.364625 0.000112045
AC 151 5.65528 5.65528 5.65479
OP 152 0.578916 0.59933 0.420308 0.183775 0.366389 0.00011014
AC 152 7.25227 7.25227 7.25173
OP 153 0.592792 0.594612 0.422814 0.175725 0.363539 0.000108855
AC 153 5.84918 5.84918 5.84866
OP 154 0.564891 0.600418 0.429746 0.166567 0.363562 0.000104807
AC 154 5.60033 5.60033 5.59976
OP 155 0.604357 0.605359 0.428415 0.18108 0.361527 0.000105814
AC 155 7.38156 7.38156 7.38098
OP 156 0.575824 0.606993 0.422616 0.179483 0.364987 0.000108382
AC 156 7.34935 7.34935 7.34876
OP 157 0.589878 0.592479 0.419941 0.181376 0.366041 0.000111127
AC 157 6.20169 6.20169 6.20118
OP 158 0.573653 0.59206 0.420466 0.167728 0.366943 0.000110784
AC 158 5.10345 5.10345 5.10295
OP 159 0.57294 0.600265 0.414915 0.173531 0.366696 0.000113165
AC 159 6.58423 6.58423 6.58368
OP 160 0.59625 0.584426 0.42075 0.179277 0.36606 0.000110568
AC 160 5.6832 5.6832 5.68272
OP 161 0.59618 0.613018 0.423806 0.18611 0.362794 0.00010722
AC 161 8.73535 8.73535 8.73469
OP 162 0.585057 0.593883 0.419088 0.171636 0.367148 0.000111104
AC 162 6.68754 6.68754 6.68702
OP 163 0.581591 0.597012 0.419419 0.175576 0.36842 0.000110931
AC 163 6.67514 6.67514 6.67462
OP 164 0.58213 0.601983 0.427181 0.17583 0.363701 0.000106472
AC 164 6.0055 6.0055 6.00492
OP 165 0.57301 0.593377 0.410112 0.159823 0.369039 0.000116751
AC 165 5.64311 5.64311 5.6426
OP 166 0.575924 0.601989 0.423822 0.173388 0.364966 0.000108237
AC 166 6.70983 6.70983 6.70929
OP 167 0.582223 0.598205 0.436351 0.175218 0.356304 0.00010116
AC 167 5.35564 5.35564 5.35506
OP 168 0.570925 0.597951 0.419599 0.169347 0.367283 0.000110795
AC 168 6.60806 6.60806 6.60751
OP 169 0.581667 0.588484 0.421846 0.173695 0.368125 0.00011045
AC 169 5.35353 5.35353 5.35302
OP 170 0.589791 0.590355 0.409972 0.172638 0.371425 0.000116591
AC 170 6.46647 6.46647 6.46601
OP 171 0.602241 0.615978 0.438118 0.185688 0.356189 9.91448E-05
AC 171 8.18129 8.18129 8.18055
OP 172 0.572579 0.591921 0.4231 0.169394 0.364981 0.000109517
AC 172 4.94305 4.94305 4.94255
OP 173 0.573202 0.606762 0.415831 0.171365 0.367134 0.000112258
AC 173 7.55137 7.55137 7.5508
OP 174 0.581832 0.605291 0.431129 0.176431 0.360358 0.000103562
AC 174 7.34414 7.34414 7.34352
OP 175 0.589842 0.610195 0.41525 0.184458 0.366254 0.000112299
AC 175 8.67815 8.67815 8.67752
OP 176 0.584623 0.605341 0.430035 0.184771 0.359539 0.000104059
AC 176 7.60205 7.60205 7.60142
OP 177 0.592359 0.597744 0.414454 0.178448 0.367893 0.000113634
AC 177 7.23068 7.23068 7.23015
OP 178 0.574803 0.592111 0.413359 0.171906 0.369048 0.000114634
AC 178 5.92638 5.92638 5.92587
OP 179 0.566595 0.609337 0.432186 0.17118 0.360218 0.000102874
AC 179 7.15589 7.15589 7.15526
OP 180 0.590924 0.578777 0.40772 0.173586 0.371604 0.00011916
AC 180 5.07362 5.07362 5.0732
OP 181 0.580312 0.605166 0.42286 0.179624 0.363839 0.000108797
AC 181 7.19626 7.19626 7.19569
OP 182 0.581356 0.60604 0.418063 0.171733 0.365338 0.000111124
AC 182 7.16455 7.16455 7.16398
OP 183 0.592805 0.605407 0.422711 0.185038 0.364955 0.000108597
AC 183 7.82063 7.82063 7.82005
OP 184 0.5894 0.606738 0.425937 0.180493 0.364178 0.000106599
AC 184 8.35148 8.35148 8.35086
OP 185 0.598823 0.610571 0.43881 0.189109 0.3561 9.85393E-05
AC 185 8.05104 8.05104 8.05034
OP 186 0.584801 0.605341 0.436813 0.176057 0.360883 0.000101048
AC 186 6.86716 6.86716 6.86655
OP 187 0.569333 0.586515 0.412534 0.159699 0.3711 0.000115226
AC 187 5.85721 5.85721 5.85674
OP 188 0.579478 0.601488 0.417026 0.173542 0.365436 0.000111839
AC 188 7.14244 7.14244 7.14187
OP 189 0.577849 0.61237 0.427605 0.185008 0.35829 0.000104921
AC 189 8.22816 8.22816 8.22749
OP 190 0.574341 0.592971 0.419643 0.163934 0.367804 0.000110972
AC 190 6.20979 6.20979 6.20928
OP 191 0.595708 0.599678 0.422789 0.181477 0.362486 0.000108875
AC 191 7.33189 7.33189 7.33133
OP 192 0.562412 0.599015 0.423389 0.163594 0.366793 0.000109039
AC 192 5.26002 5.26002 5.25946
OP 193 0.578073 0.590783 0.426641 0.170001 0.364926 0.000106344
AC 193 5.64571 5.64571 5.64516
OP 194 0.587035 0.613453 0.431961 0.184297 0.359597 0.000102868
AC 194 7.97597 7.97597 7.9753
OP 195 0.586217 0.595487 0.416474 0.173707 0.36691 0.000112843
AC 195 7.52387 7.52387 7.52334
OP 196 0.586437 0.61718 0.429882 0.178782 0.358771 0.00010337
AC 196 8.06744 8.06744 8.06673
OP 197 0.584634 0.586169 0.426968 0.164983 0.366556 0.000107443
AC 197 4.71647 4.71647 4.71596
OP 198 0.585928 0.603729 0.426495 0.184222 0.362709 0.000106088
AC 198 6.68279 6.68279 6.68222
OP 199 0.5915 0.60479 0.420546 0.179887 0.36483 0.000109845
AC 199 7.88635 7.88635 7.88576
OP 200 0.59815 0.605326 0.426163 0.181744 0.364533 0.000105944
AC 200 7.24439 7.24439 7.24377
OP 201 0.590445 0.598684 0.417456 0.178185 0.36669 0.000111973
AC 201 7.60157 7.60157 7.60103
OP 202 0.574141 0.600009 0.41337 0.165725 0.369599 0.00011441
AC 202 6.54932 6.54932 6.54878
OP 203 0.579436 0.59421 0.418749 0.177376 0.367712 0.00011152
AC 203 6.18557 6.18557 6.18505
OP 204 0.604214 0.596953 0.410208 0.182072 0.368645 0.000116726
AC 204 7.34876 7.34876 7.34829
OP 205 0.588124 0.591601 0.42435 0.179048 0.363258 0.000108429
AC 205 6.09207 6.09207 6.09154
OP 206 0.596028 0.606342 0.426686 0.180352 0.363834 0.000106149
AC 206 8.09245 8.09245 8.09183
OP 207 0.577117 0.591839 0.404808 0.167112 0.370627 0.000119828
AC 207 6.03456 6.03456 6.03409
OP 208 0.587367 0.597849 0.433809 0.179228 0.358596 0.000102574
AC 208 6.75361 6.75361 6.75303
OP 209 0.58089 0.597939 0.420544 0.174517 0.363985 0.000110155
AC 209 6.51783 6.51783 6.51731
OP 210 0.584334 0.608182 0.429602 0.176273 0.358604 0.00010459
AC 210 6.74231 6.74231 6.74166
OP 211 0.584018 0.592805 0.419342 0.175605 0.364419 0.000111074
AC 211 6.86874 6.86874 6.86822
OP 212 0.582244 0.606797 0.421946 0.180944 0.361796 0.000108848
AC 212 7.60775 7.60775 7.60717
OP 213 0.585367 0.593902 0.423425 0.181337 0.365918 0.000108936
AC 213 6.79697 6.79697 6.79645
OP 214 0.59286 0.584029 0.416861 0.170021 0.368759 0.000113225
AC 214 4.91209 4.91209 4.91164
OP 215 0.587283 0.607588 0.424554 0.180361 0.364856 0.000106974
AC 215 7.88634 7.88634 7.8857
OP 216 0.577358 0.607255 0.419827 0.169107 0.364046 0.000110046
AC 216 7.13547 7.13547 7.13489
OP 217 0.590304 0.598841 0.419277 0.185771 0.366568 0.000110906
AC 217 7.4964 7.4964 7.4959
OP 218 0.577648 0.59679 0.42521 0.172979 0.364759 0.00010781
AC 218 6.17635 6.17635 6.17583
OP 219 0.581268 0.602062 0.434207 0.178679 0.359765 0.000102158
AC 219 6.25338 6.25338 6.25282
OP 220 0.587472 0.594045 0.421879 0.180375 0.364918 0.000109555
AC 220 6.49671 6.49671 6.4962
OP 221 0.594501 0.598801 0.412481 0.180793 0.368288 0.000115162
AC 221 6.83942 6.83942 6.83892
OP 222 0.573599 0.602593 0.417561 0.166826 0.366155 0.000111902
AC 222 7.2327 7.2327 7.23214
OP 223 0.583903 0.588828 0.411892 0.174256 0.370154 0.000116136
AC 223 6.32167 6.32167 6.32121
OP 224 0.58607 0.588925 0.423852 0.170428 0.363961 0.000108963
AC 224 5.47074 5.47074 5.47023
OP 225 0.573984 0.606586 0.420081 0.179687 0.363075 0.000109749
AC 225 7.80666 7.80666 7.8061
OP 226 0.573718 0.605702 0.435434 0.176799 0.358111 0.000101586
AC 226 6.12094 6.12094 6.12032
OP 227 0.577783 0.602114 0.422147 0.175408 0.366282 0.000109324
AC 227 7.43206 7.43206 7.43151
OP 228 0.580482 0.585888 0.419452 0.168293 0.366815 0.000111342
AC 228 5.41699 5.41699 5.41653
OP 229 0.593612 0.607476 0.429691 0.186186 0.360978 0.000104835
AC 229 7.43185 7.43185 7.43127
OP 230 0.583859 0.594209 0.418197 0.17596 0.364687 0.000111735
AC 230 5.71624 5.71624 5.71574
OP 231 0.585349 0.60457 0.422581 0.176852 0.363524 0.000108297
AC 231 7.47829 7.47829 7.47771
OP 232 0.567036 0.594428 0.424535 0.164349 0.364652 0.000108108
AC 232 5.36936 5.36936 5.36882
OP 233 0.581106 0.599343 0.418971 0.180576 0.368212 0.000110883
AC 233 6.90691 6.90691 6.9064
OP 234 0.59209 0.592167 0.421017 0.183641 0.362337 0.000110299
AC 234 6.25696 6.25696 6.25645
OP 235 0.588046 0.601939 0.430306 0.179688 0.361978 0.000104393
AC 235 6.67152 6.67152 6.67089
OP 236 0.606032 0.602951 0.432591 0.185167 0.36024 0.000103381
AC 236 6.4664 6.4664 6.46586
OP 237 0.591816 0.598819 0.423048 0.178652 0.364721 0.000108187
AC 237 7.35706 7.35706 7.35647
OP 238 0.582164 0.587871 0.418542 0.166555 0.366856 0.000112316
AC 238 5.67299 5.67299 5.67252
OP 239 0.590557 0.609959 0.429647 0.182582 0.360144 0.000104341
AC 239 7.96587 7.96587 7.9652
OP 240 0.565327 0.604886 0.425101 0.164993 0.363625 0.000107161
AC 240 6.14309 6.14309 6.14246
OP 241 0.585751 0.609017 0.428656 0.184502 0.360367 0.000105073
AC 241 7.87575 7.87575 7.8751
OP 242 0.589668 0.592609 0.420435 0.181308 0.366151 0.000110779
AC 242 7.00576 7.00576 7.00524
OP 243 0.575781 0.598736 0.427662 0.175497 0.366683 0.000105913
AC 243 6.72284 6.72284 6.72227
OP 244 0.580618 0.593939 0.418874 0.181121 0.369159 0.000111625
AC 244 5.7326 5.7326 5.73212
OP 245 0.59074 0.587136 0.415559 0.173205 0.367704 0.000113218
AC 245 6.04796 6.04796 6.04746
OP 246 0.587386 0.593765 0.417695 0.179338 0.366503 0.000112203
AC 246 6.80964 6.80964 6.80913
OP 247 0.587155 0.597017 0.409855 0.177712 0.369854 0.000116552
AC 247 7.68291 7.68291 7.68242
OP 248 0.580561 0.599727 0.427186 0.17357 0.364117 0.000106712
AC 248 6.37349 6.37349 6.37292
OP 249 0.592775 0.58651 0.423082 0.179706 0.363657 0.000109368
AC 249 6.01124 6.01124 6.01075
OP 250 0.571332 0.595495 0.414323 0.169375 0.36757 0.000113562
AC 250 5.55913 5.55913 5.55864
OP 251 0.582487 0.596261 0.418783 0.179604 0.366317 0.000111454
AC 251 6.75896 6.75896 6.75847
OP 252 0.577714 0.591247 0.407109 0.16696 0.373395 0.000118605
AC 252 6.07921 6.07921 6.07874
OP 253 0.579356 0.607042 0.433305 0.183539 0.359418 0.000102428
AC 253 6.58434 6.58434 6.58373
OP 254 0.575293 0.600707 0.418051 0.169449 0.36828 0.000111618
AC 254 6.6908 6.6908 6.69027
OP 255 0.573331 0.595734 0.419094 0.172911 0.366757 0.000111016
AC 255 7.60625 7.60625 7.60569
OP 256 0.584721 0.61536 0.432012 0.178883 0.358237 0.00010245
AC 256 6.93689 6.93689 6.93619
OP 257 0.584193 0.582828 0.417649 0.171429 0.367879 0.000112306
AC 257 5.5996 5.5996 5.59911
OP 258 0.578511 0.604944 0.427989 0.180696 0.362662 0.000105736
AC 258 7.40506 7.40506 7.40448
OP 259 0.577144 0.593854 0.417628 0.171438 0.367545 0.000112155
AC 259 6.18126 6.18126 6.18077
OP 260 0.56962 0.608898 0.432822 0.169672 0.359748 0.000102176
AC 260 6.94862 6.94862 6.94797
OP 261 0.573535 0.58529 0.417534 0.167177 0.366541 0.000112679
AC 261 4.00191 4.00191 4.00145
OP 262 0.581576 0.587588 0.415607 0.173547 0.368988 0.000113938
AC 262 5.13265 5.13265 5.1322
OP 263 0.572216 0.604725 0.421392 0.172039 0.366154 0.000109629
AC 263 6.37233 6.37233 6.37178
OP 264 0.604038 0.608409 0.423662 0.192279 0.363074 0.000107191
AC 264 8.32364 8.32364 8.32304
OP 265 0.591783 0.610095 0.429342 0.182979 0.362084 0.000104439
AC 265 7.71436 7.71436 7.71373
OP 266 0.572177 0.594433 0.419293 0.167438 0.367657 0.00011131
AC 266 5.10183 5.10183 5.10131
OP 267 0.571414 0.596598 0.423423 0.16931 0.36516 0.000108673
AC 267 6.21631 6.21631 6.21579
OP 268 0.585249 0.61166 0.418069 0.181284 0.363825 0.000110387
AC 268 8.33344 8.33344 8.33286
OP 269 0.582618 0.589222 0.419095 0.173501 0.366459 0.000111948
AC 269 6.21863 6.21863 6.21813
OP 270 0.592386 0.590611 0.418561 0.176387 0.365357 0.000111918
AC 270 5.79243 5.79243 5.79192
OP 271 0.574386 0.597399 0.422071 0.176146 0.364912 0.000108712
AC 271 6.34172 6.34172 6.34118
OP 272 0.565695 0.595803 0.418661 0.159882 0.366327 0.000111871
AC 272 5.19719 5.19719 5.19667
OP 273 0.595156 0.603338 0.414871 0.184555 0.368075 0.000113156
AC 273 8.15858 8.15858 8.15801
OP 274 0.575636 0.602113 0.429099 0.175424 0.360914 0.000104502
AC 274 6.6048 6.6048 6.60422
OP 275 0.592832 0.597706 0.42418 0.174261 0.364192 0.000108107
AC 275 6.95462 6.95462 6.95406
OP 276 0.57958 0.60036 0.415058 0.170808 0.365727 0.000113071
AC 276 7.07269 7.07269 7.07216
OP 277 0.570847 0.599796 0.420477 0.173032 0.365489 0.000110003
AC 277 7.29217 7.29217 7.29161
OP 278 0.577356 0.601733 0.414959 0.171417 0.370362 0.000113285
AC 278 7.32926 7.32926 7.32871
OP 279 0.591883 0.595184 0.425204 0.179923 0.365374 0.000108036
AC 279 5.91214 5.91214 5.91162
OP 280 0.593214 0.592653 0.415756 0.174428 0.366119 0.000113516
AC 280 6.67112 6.67112 6.67064
OP 281 0.586781 0.589252 0.411605 0.17267 0.370542 0.000116795
AC 281 5.79771 5.79771 5.79726
OP 282 0.575034 0.591747 0.41731 0.170321 0.368473 0.000112687
AC 282 5.85938 5.85938 5.8589
OP 283 0.58178 0.581285 0.407231 0.170954 0.372816 0.000118906
AC 283 5.11281 5.11281 5.11237
OP 284 0.584482 0.598544 0.422108 0.179601 0.365666 0.000108619
AC 284 6.58253 6.58253 6.58196
OP 285 0.587988 0.591771 0.418396 0.175551 0.36962 0.000112559
AC 285 6.42031 6.42031 6.41984
OP 286 0.586919 0.611088 0.427055 0.186122 0.363323 0.000106085
AC 286 8.56361 8.56361 8.56298
OP 287 0.593369 0.592407 0.418689 0.176524 0.367647 0.000111682
AC 287 6.69241 6.69241 6.69192
OP 288 0.594022 0.612476 0.425222 0.189226 0.363521 0.000106699
AC 288 7.87131 7.87131 7.87068
OP 289 0.578864 0.587021 0.421741 0.176352 0.364403 0.000110286
AC 289 5.0609 5.0609 5.06044
OP 290 0.580238 0.59736 0.425032 0.175504 0.36275 0.000107346
AC 290 6.87668 6.87668 6.87613
OP 291 0.587345 0.599987 0.427081 0.17369 0.364083 0.000106113
AC 291 6.53842 6.53842 6.53786
OP 292 0.58781 0.596993 0.421815 0.177792 0.364974 0.000109947
AC 292 5.79902 5.79902 5.79853
OP 293 0.57751 0.60188 0.413285 0.17889 0.367442 0.000113866
AC 293 8.3389 8.3389 8.33835
OP 294 0.575634 0.599777 0.416303 0.167385 0.367316 0.00011273
AC 294 6.75604 6.75604 6.75553
OP 295 0.586761 0.593601 0.423097 0.178582 0.363965 0.000109124
AC 295 6.34019 6.34019 6.33966
OP 296 0.587571 0.592034 0.42746 0.17779 0.364384 0.000106904
AC 296 5.83902 5.83902 5.83851
OP 297 0.611565 0.598907 0.422578 0.188322 0.364008 0.000108728
AC 297 7.70569 7.70569 7.70512
OP 298 0.586813 0.591141 0.414674 0.180463 0.365686 0.000114166
AC 298 6.95459 6.95459 6.95411
OP 299 0.578995 0.601099 0.427257 0.17799 0.362707 0.00010618
AC 299 7.07252 7.07252 7.07197
